fields 34
worms 5
Wave_Initiation_Rate_Median
84.475330 101.677419 102.908223 67.435404 84.080904 
Wave_Initiation_Rate_Range
35.125114 52.615955 15.853443 82.911834 82.608243 
Body_Wave_Number_Median
0.631041 0.870546 0.760074 0.488040 0.467550 
Body_Wave_Number_Range
0.439613 0.482108 0.325369 0.612249 0.720968 
Asymmetry_Median
0.003357 -0.003646 -0.002465 0.016487 -0.008829 
Asymmetry_Range
0.061087 0.077266 0.017850 0.117418 0.125540 
Reverse_Swimming
0.000000 0.000000 0.000000 0.000000 7.258602 
Curling
0.000000 0.339623 0.000000 0.445269 2.105263 
Stretch_Median
0.415323 0.397434 0.374224 0.460733 0.455597 
Stretch_Range
0.221597 0.208790 0.130190 0.402872 0.332277 
Attenuation_Median
70.653705 61.301098 72.465418 66.520272 62.611398 
Attenuation_Range
21.379072 20.354367 14.383821 17.209812 26.161382 
Traveling_Speed_Mean
3.443442 9.058500 7.309258 7.713511 7.946586 
Brush_Stroke_Median
0.181793 0.073375 0.197522 0.339763 0.074548 
Brush_Stroke_Range
0.146144 0.013415 0.039177 0.132040 0.030622 
Activity_Index_Median
229.297145 255.976263 223.733853 186.705624 229.491384 
Activity_Index_Range
284.386885 107.999776 61.544869 254.345966 249.086629 
Wave_Initiation_Rate_10
66.791241 50.282489 100.507258 33.930612 31.997025 
Body_Wave_Number_10
0.421918 0.540148 0.610544 0.237363 0.135062 
Asymmetry_10
-0.020748 -0.065036 -0.009541 -0.018913 -0.102525 
Stretch_10
0.312438 0.328817 0.305378 0.310489 0.348845 
Attenuation_10
58.016414 50.219150 64.914892 58.371469 47.162869 
Brush_Stroke_10
0.141165 0.068158 0.179714 0.253932 0.057123 
Activity_Index_10
141.043632 174.709727 202.525077 82.026723 68.611857 
usability
0.919118 0.974265 0.998162 0.990809 0.943015 
status
valid
valid
valid
valid
valid
highThr
79.000000 67.000000 69.000000 64.000000 68.000000 
lowThr
49.000000 53.000000 50.000000 46.000000 36.000000 
prevThr
25.000000 25.000000 25.000000 25.000000 25.000000 
highThrDef
79.000000 67.000000 69.000000 64.000000 68.000000 
lowThrDef
49.000000 53.000000 50.000000 46.000000 36.000000 
prevThrDef
25.000000 25.000000 25.000000 25.000000 25.000000 
manualSeparators
55  217  270




separators
1   55   64   65  172  173  217  226  227  270  282  283  370  372  451  459  545
1   23   24  164  165  171  173  177  178  201  202  225  226  241  242  495  499  506  508  545
1  103  104  545
1   72   73  283  284  288  289  390  391  469  470  545
1  214  215  401  402  429  431  445  446  489  493  494  495  499  506  508  545
