fields 34
worms 5
Wave_Initiation_Rate_Median
15.803790 7.432205 11.645547 16.223998 15.163932 
Wave_Initiation_Rate_Range
23.970807 5.077729 9.796995 12.025443 23.495134 
Body_Wave_Number_Median
1.454252 1.751317 1.326728 1.285178 1.367588 
Body_Wave_Number_Range
0.519871 0.983629 0.978243 1.166615 0.862531 
Asymmetry_Median
-0.049759 -0.051499 -0.053168 -0.015172 -0.013061 
Asymmetry_Range
0.095828 0.301834 0.184671 0.192069 0.135980 
Reverse_Swimming
0.000000 0.000000 4.029439 11.867525 4.912603 
Curling
0.000000 0.909091 0.000000 0.000000 0.000000 
Stretch_Median
0.484309 0.421920 0.556287 0.629233 0.559643 
Stretch_Range
0.251528 0.234589 0.171876 0.160645 0.207086 
Attenuation_Median
56.708318 69.428209 55.081229 65.684978 64.255351 
Attenuation_Range
22.207220 27.167713 43.149966 26.306999 31.481651 
Traveling_Speed_Mean
2.757348 0.638202 2.710286 2.125828 2.359367 
Brush_Stroke_Median
0.054375 0.036074 0.050183 0.060113 0.067872 
Brush_Stroke_Range
0.019530 0.006910 0.018474 0.014632 0.034892 
Activity_Index_Median
42.215581 13.903527 29.655334 49.034450 36.813425 
Activity_Index_Range
53.018843 8.486513 33.288448 37.641851 59.745621 
Wave_Initiation_Rate_10
8.419898 5.980324 9.122624 8.400983 8.617116 
Body_Wave_Number_10
1.099989 1.523455 0.669166 0.397525 0.894389 
Asymmetry_10
-0.091666 -0.172305 -0.125719 -0.112480 -0.066555 
Stretch_10
0.411293 0.316768 0.476267 0.535432 0.443165 
Attenuation_10
45.608115 52.942180 29.654639 54.457122 46.096568 
Brush_Stroke_10
0.044414 0.032259 0.042109 0.051486 0.054216 
Activity_Index_10
23.910502 11.346516 19.551687 27.035422 17.836185 
usability
1.000000 0.849265 1.000000 1.000000 1.000000 
status
valid
valid
valid
valid
valid
highThr
71.000000 56.000000 61.000000 67.000000 68.000000 
lowThr
53.000000 42.000000 47.000000 51.000000 49.000000 
prevThr
25.000000 25.000000 25.000000 25.000000 25.000000 
highThrDef
70.000000 56.000000 61.000000 66.000000 68.000000 
lowThrDef
54.000000 42.000000 47.000000 51.000000 50.000000 
prevThrDef
25.000000 25.000000 25.000000 25.000000 25.000000 
manualSeparators





separators
1  545
1   81   82  263  264  302  321  381  382  383  545
1  545
1  545
1  545
