fields 34
worms 6
Wave_Initiation_Rate_Median
101.339326 84.866538 124.766752 134.893965 NaN NaN 
Wave_Initiation_Rate_Range
36.989678 98.627259 66.128416 97.424763 NaN NaN 
Body_Wave_Number_Median
0.658612 0.432875 0.657305 0.606224 NaN NaN 
Body_Wave_Number_Range
0.244190 0.529965 0.554240 0.457439 NaN NaN 
Asymmetry_Median
-0.000426 -0.000073 0.003164 0.000660 NaN NaN 
Asymmetry_Range
0.023665 0.154545 0.096411 0.043627 NaN NaN 
Reverse_Swimming
0.000000 10.653174 0.000000 0.469667 NaN NaN 
Curling
0.000000 1.452514 0.221811 1.207243 NaN NaN 
Stretch_Median
0.333540 0.356045 0.363245 0.338610 NaN NaN 
Stretch_Range
0.138228 0.296149 0.192863 0.149205 NaN NaN 
Attenuation_Median
77.602350 57.539622 65.499571 58.787999 NaN NaN 
Attenuation_Range
13.539389 93.916294 21.910671 27.910777 NaN NaN 
Traveling_Speed_Mean
5.707390 6.959315 10.256495 9.312514 NaN NaN 
Brush_Stroke_Median
0.214228 0.104587 0.273102 0.241702 NaN NaN 
Brush_Stroke_Range
0.042612 0.065825 0.065506 0.065382 NaN NaN 
Activity_Index_Median
213.116584 238.996963 269.607486 306.789912 NaN NaN 
Activity_Index_Range
82.149457 247.061712 131.794197 208.814245 NaN NaN 
Wave_Initiation_Rate_10
65.148294 36.249166 68.907174 38.367081 NaN NaN 
Body_Wave_Number_10
0.499036 0.189947 0.338465 0.367508 NaN NaN 
Asymmetry_10
-0.008989 -0.090417 -0.075600 -0.032280 NaN NaN 
Stretch_10
0.282447 0.269414 0.297817 0.285018 NaN NaN 
Attenuation_10
69.446881 -18.212022 53.321613 43.057241 NaN NaN 
Brush_Stroke_10
0.198844 0.081973 0.245704 0.206565 NaN NaN 
Activity_Index_10
148.894514 80.411843 162.507295 152.123982 NaN NaN 
usability
0.996324 0.987132 0.994485 0.913603 0.569853 0.045956 
status
valid
valid
valid
valid
rejected
rejected
highThr
52.000000 56.000000 52.000000 61.000000 65.000000 49.000000 
lowThr
35.000000 38.000000 38.000000 17.000000 13.000000 33.000000 
prevThr
25.000000 25.000000 25.000000 25.000000 25.000000 25.000000 
highThrDef
52.000000 56.000000 52.000000 61.000000 65.000000 49.000000 
lowThrDef
35.000000 38.000000 38.000000 17.000000 13.000000 33.000000 
prevThrDef
25.000000 25.000000 25.000000 25.000000 25.000000 25.000000 
manualSeparators

370


429

separators
1  341  342  441  442  545
1  370  374  375  443  444  446  447  545
1  344  345  352  353  382  383  545
1  151  152  184  185  191  192  197  203  204  206  207  209  210  212  213  228  243  245  250  253  262  263  265  266  268  269  270  271  272  273  274  279  280  483  484  545
1   41   42  197  211  212  228  345  347  348  351  352  353  354  372  375  381  387  401  415  421  425  426  427  428  429  433  434  435  441  442  449  450  465  467  470  545
1  501  502  545
