fields 34
worms 5
Wave_Initiation_Rate_Median
67.102405 66.492616 9.429013 66.899625 67.913460 
Wave_Initiation_Rate_Range
48.041754 34.749449 7.734477 50.208190 17.740340 
Body_Wave_Number_Median
0.376635 0.507461 1.618581 0.601572 0.666164 
Body_Wave_Number_Range
0.322045 0.582364 0.579030 0.766090 0.496254 
Asymmetry_Median
-0.050834 -0.014625 -0.000513 0.001130 -0.016634 
Asymmetry_Range
0.081233 0.085646 0.248225 0.125966 0.058989 
Reverse_Swimming
9.505703 0.000000 0.000000 7.230911 0.000000 
Curling
0.000000 0.000000 2.114537 3.373494 0.000000 
Stretch_Median
0.475868 0.452889 0.592694 0.455197 0.402061 
Stretch_Range
0.213284 0.209482 0.166990 0.362780 0.153406 
Attenuation_Median
58.482371 59.044745 76.373020 57.457474 56.610649 
Attenuation_Range
39.432990 23.619047 39.303920 34.181602 19.913673 
Traveling_Speed_Mean
7.665367 11.393156 1.173835 4.111550 13.808648 
Brush_Stroke_Median
0.088686 0.119082 0.055226 0.126070 0.200888 
Brush_Stroke_Range
0.052568 0.046884 0.032546 0.097357 0.042817 
Activity_Index_Median
236.348761 234.654636 25.274915 170.558332 201.208562 
Activity_Index_Range
242.938076 195.811618 33.794572 237.635301 59.546707 
Wave_Initiation_Rate_10
31.133970 33.319488 7.757814 17.357242 50.727343 
Body_Wave_Number_10
0.213636 0.254967 1.280037 0.191352 0.343450 
Asymmetry_10
-0.097045 -0.041692 -0.089041 -0.037423 -0.064826 
Stretch_10
0.362262 0.381830 0.495743 0.358290 0.346537 
Attenuation_10
31.034898 45.117114 43.244330 39.955125 46.384406 
Brush_Stroke_10
0.057895 0.102806 0.039067 0.090706 0.186968 
Activity_Index_10
130.254178 126.010675 14.565794 28.070717 172.504885 
usability
0.801471 1.000000 0.834559 0.915441 0.998162 
status
valid
valid
valid
valid
valid
highThr
68.000000 71.000000 72.000000 73.000000 70.000000 
lowThr
43.000000 45.000000 50.000000 45.000000 50.000000 
prevThr
25.000000 25.000000 25.000000 25.000000 25.000000 
highThrDef
68.000000 71.000000 72.000000 73.000000 70.000000 
lowThrDef
43.000000 49.000000 50.000000 34.000000 50.000000 
prevThrDef
25.000000 25.000000 25.000000 25.000000 25.000000 
manualSeparators


19   20   18   17  177  178  201  202
359  360  355

separators
1   82   83   93   96  108  130  131  132  136  137  138  139  140  141  147  201  202  207  214  215  216  545
1  482  483  484  485  545
1   17   18   19   20   21   82   83   93   96  104  105  108  117  120  122  123  131  132  137  138  139  140  143  145  146  148  149  152  154  156  157  159  160  173  177  178  201  202  204  205  207  212  216  344  346  353  354  545
1   95   98  146  148  164  165  225  233  243  247  248  249  260  261  287  288  315  317  355  359  360  361  362  367  376  402  403  407  409  410  425  426  439  441  443  505  506  510  512  513  545
1  457  458  545
