fields 34
worms 5
Wave_Initiation_Rate_Median
8.730286 7.061186 12.575854 9.459709 NaN 
Wave_Initiation_Rate_Range
9.115622 3.070254 10.298444 4.354804 NaN 
Body_Wave_Number_Median
1.669136 1.800853 1.414369 1.571602 NaN 
Body_Wave_Number_Range
0.485253 0.425507 0.651809 0.559503 NaN 
Asymmetry_Median
-0.043954 -0.112929 0.048873 0.064482 NaN 
Asymmetry_Range
0.204529 0.223448 0.236031 0.102736 NaN 
Reverse_Swimming
0.000000 0.000000 6.126955 0.000000 NaN 
Curling
0.000000 6.214689 0.000000 1.224490 NaN 
Stretch_Median
0.617339 0.419262 0.638487 0.535860 NaN 
Stretch_Range
0.271687 0.210296 0.105785 0.160397 NaN 
Attenuation_Median
51.075889 69.470898 69.897882 57.819887 NaN 
Attenuation_Range
18.844756 22.945405 39.575698 44.297991 NaN 
Traveling_Speed_Mean
2.713666 0.587628 2.704569 1.589100 NaN 
Brush_Stroke_Median
0.089618 0.035140 0.053727 0.050682 NaN 
Brush_Stroke_Range
0.028463 0.009310 0.030111 0.020649 NaN 
Activity_Index_Median
43.416675 12.054537 34.395895 25.063765 NaN 
Activity_Index_Range
44.430728 5.726098 37.367376 19.127224 NaN 
Wave_Initiation_Rate_10
7.488069 6.257855 8.910827 8.066474 NaN 
Body_Wave_Number_10
1.419451 1.506072 1.016815 1.186917 NaN 
Asymmetry_10
-0.126520 -0.242435 -0.055289 0.004918 NaN 
Stretch_10
0.455951 0.350018 0.587488 0.458982 NaN 
Attenuation_10
44.658682 53.202864 47.377464 39.534463 NaN 
Brush_Stroke_10
0.080045 0.029528 0.035973 0.041492 NaN 
Activity_Index_10
31.206776 9.620276 20.576706 17.991136 NaN 
usability
0.805147 0.976103 0.992647 0.900735 1.000000 
status
valid
valid
valid
valid
rejected
highThr
76.000000 62.000000 81.000000 80.000000 62.000000 
lowThr
50.000000 38.000000 45.000000 40.000000 50.000000 
prevThr
25.000000 25.000000 25.000000 25.000000 25.000000 
highThrDef
76.000000 62.000000 81.000000 80.000000 62.000000 
lowThrDef
35.000000 38.000000 45.000000 40.000000 50.000000 
prevThrDef
25.000000 25.000000 25.000000 25.000000 25.000000 
manualSeparators
490




separators
1   83   85   89   90   91   94  104  122  160  180  360  381  480  490  497  520  545
1    2    3  438  439  461  462  468  474  475  477  478  481  482  485  486  521  522  539  540  545
1   29   33  545
1    8    9   10   13  177  178  179  181  182  221  222  250  251  252  254  255  258  455  461  545
1  441  442  545
