fields 34
worms 4
Wave_Initiation_Rate_Median
67.878913 68.857620 44.196377 69.147110 
Wave_Initiation_Rate_Range
88.170365 26.577483 55.231910 39.104819 
Body_Wave_Number_Median
0.723603 0.393413 0.706398 0.483522 
Body_Wave_Number_Range
0.571992 0.297744 0.769991 0.359943 
Asymmetry_Median
0.008597 -0.003891 -0.004173 -0.002280 
Asymmetry_Range
0.074043 0.071889 0.161067 0.075008 
Reverse_Swimming
8.997240 0.000000 0.000000 0.000000 
Curling
0.000000 0.000000 0.000000 0.000000 
Stretch_Median
0.321881 0.331127 0.394050 0.313787 
Stretch_Range
0.303978 0.184120 0.231178 0.142828 
Attenuation_Median
69.661258 69.400919 65.214245 69.622108 
Attenuation_Range
87.438872 18.509888 25.982030 15.981351 
Traveling_Speed_Mean
4.139818 6.202446 3.604458 6.747035 
Brush_Stroke_Median
0.163052 0.168975 0.128684 0.222883 
Brush_Stroke_Range
0.066003 0.047519 0.063935 0.079510 
Activity_Index_Median
145.285288 179.143070 120.469072 188.893886 
Activity_Index_Range
198.661187 77.421981 179.377701 94.914027 
Wave_Initiation_Rate_10
24.310457 58.038478 11.633438 59.745681 
Body_Wave_Number_10
0.501035 0.280050 0.489456 0.293759 
Asymmetry_10
-0.022153 -0.035353 -0.061213 -0.037800 
Stretch_10
0.232030 0.242502 0.248087 0.235286 
Attenuation_10
-4.057823 61.666583 49.287747 61.587502 
Brush_Stroke_10
0.126601 0.147932 0.099991 0.179753 
Activity_Index_10
45.872570 146.705033 29.565483 145.859676 
usability
1.000000 0.990809 0.987132 0.981618 
status
valid
valid
valid
valid
highThr
66.000000 63.000000 59.000000 69.000000 
lowThr
42.000000 45.000000 45.000000 47.000000 
prevThr
25.000000 25.000000 25.000000 25.000000 
highThrDef
66.000000 63.000000 59.000000 69.000000 
lowThrDef
42.000000 45.000000 45.000000 47.000000 
prevThrDef
25.000000 25.000000 25.000000 25.000000 
manualSeparators




separators
1  128  131  175  177  545
1  257  258  409  411  463  465  545
1    2  164  165  167  171  173  174  545
1   62   64  105  106  431  432  440  443  497  500  545
