fields 34
worms 5
Wave_Initiation_Rate_Median
8.993217 39.862648 8.750939 9.988208 NaN 
Wave_Initiation_Rate_Range
4.179249 22.510127 2.360657 11.304022 NaN 
Body_Wave_Number_Median
1.692933 1.115080 1.701937 1.593219 NaN 
Body_Wave_Number_Range
0.367689 1.120019 0.266049 0.889794 NaN 
Asymmetry_Median
-0.071826 0.000383 0.098060 -0.001785 NaN 
Asymmetry_Range
0.018674 0.060272 0.006871 0.154947 NaN 
Reverse_Swimming
0.000000 6.899724 0.000000 4.195032 NaN 
Curling
0.000000 0.895522 0.000000 0.000000 NaN 
Stretch_Median
0.349124 0.490352 0.346499 0.558445 NaN 
Stretch_Range
0.117571 0.258760 0.125738 0.188360 NaN 
Attenuation_Median
83.962792 50.328954 83.759511 74.958734 NaN 
Attenuation_Range
5.154824 26.575802 9.892057 14.912357 NaN 
Traveling_Speed_Mean
0.262216 2.972927 0.288440 1.064532 NaN 
Brush_Stroke_Median
0.025083 0.063446 0.027291 0.046941 NaN 
Brush_Stroke_Range
0.000731 0.016042 0.001373 0.017502 NaN 
Activity_Index_Median
11.118457 107.762563 11.707540 23.930259 NaN 
Activity_Index_Range
5.411977 52.218362 3.117378 29.796072 NaN 
Wave_Initiation_Rate_10
6.808835 29.118269 7.561001 7.238923 NaN 
Body_Wave_Number_10
1.495971 0.286916 1.610815 1.005771 NaN 
Asymmetry_10
-0.081754 -0.039403 0.093514 -0.079056 NaN 
Stretch_10
0.267918 0.415283 0.273956 0.453697 NaN 
Attenuation_10
80.931243 33.871047 76.966345 66.623162 NaN 
Brush_Stroke_10
0.024825 0.057581 0.026629 0.036343 NaN 
Activity_Index_10
8.487767 80.546936 10.371447 16.087652 NaN 
usability
1.000000 0.985294 0.906250 0.998162 1.000000 
status
valid
valid
valid
valid
rejected
highThr
52.000000 72.000000 60.000000 71.000000 66.000000 
lowThr
40.000000 55.000000 49.000000 55.000000 48.000000 
prevThr
25.000000 25.000000 25.000000 25.000000 25.000000 
highThrDef
50.000000 72.000000 60.000000 69.000000 66.000000 
lowThrDef
40.000000 55.000000 50.000000 55.000000 48.000000 
prevThrDef
25.000000 25.000000 25.000000 25.000000 25.000000 
manualSeparators

64  65



separators
1  545
1   64   65   66   67   68   80   81  101  102  104  105  201  202  545
1  146  161  354  390  545
1   63   64  545
1  545
