fields 34
worms 6
Wave_Initiation_Rate_Median
67.513813 69.220252 68.020434 82.780747 NaN NaN 
Wave_Initiation_Rate_Range
26.525309 14.185197 79.867669 16.361013 NaN NaN 
Body_Wave_Number_Median
0.648822 0.749557 0.777295 0.719889 NaN NaN 
Body_Wave_Number_Range
0.388466 0.456805 0.600753 0.299437 NaN NaN 
Asymmetry_Median
0.010092 0.004762 -0.003514 -0.020014 NaN NaN 
Asymmetry_Range
0.096624 0.056040 0.047903 0.052320 NaN NaN 
Reverse_Swimming
0.000000 3.311868 0.000000 0.000000 NaN NaN 
Curling
0.000000 0.000000 0.000000 0.000000 NaN NaN 
Stretch_Median
0.436862 0.404874 0.445005 0.408870 NaN NaN 
Stretch_Range
0.259166 0.159956 0.135256 0.225695 NaN NaN 
Attenuation_Median
71.118364 62.612053 64.185978 61.806009 NaN NaN 
Attenuation_Range
19.336384 21.466346 21.422530 15.424061 NaN NaN 
Traveling_Speed_Mean
10.135199 5.928430 4.034153 5.906891 NaN NaN 
Brush_Stroke_Median
0.177771 0.200997 0.195704 0.088496 NaN NaN 
Brush_Stroke_Range
0.060790 0.046474 0.202870 0.044958 NaN NaN 
Activity_Index_Median
188.483470 188.922142 225.743063 338.357612 NaN NaN 
Activity_Index_Range
70.864969 44.079694 153.375636 179.825588 NaN NaN 
Wave_Initiation_Rate_10
52.120201 66.618954 18.062917 67.570329 NaN NaN 
Body_Wave_Number_10
0.407552 0.466335 0.400445 0.566602 NaN NaN 
Asymmetry_10
-0.032051 -0.011984 -0.029869 -0.032402 NaN NaN 
Stretch_10
0.301853 0.346488 0.360190 0.311432 NaN NaN 
Attenuation_10
59.653236 49.424747 54.401090 56.544026 NaN NaN 
Brush_Stroke_10
0.143731 0.183196 0.170062 0.053925 NaN NaN 
Activity_Index_10
149.643581 163.327051 158.630875 205.730238 NaN NaN 
usability
1.000000 0.985294 0.685662 0.729779 0.562500 0.305147 
status
valid
valid
valid
valid
rejected
rejected
highThr
73.000000 75.000000 85.000000 72.000000 95.000000 69.000000 
lowThr
48.000000 57.000000 50.000000 57.000000 19.000000 31.000000 
prevThr
25.000000 25.000000 25.000000 25.000000 25.000000 25.000000 
highThrDef
73.000000 75.000000 85.000000 72.000000 95.000000 69.000000 
lowThrDef
48.000000 57.000000 27.000000 57.000000 19.000000 31.000000 
prevThrDef
25.000000 25.000000 25.000000 25.000000 25.000000 25.000000 
manualSeparators

386  387
280  281  357  358  400  401  412  413  421  422  423  432  433  440  441
119  120


separators
1  196  199  504  505  545
1  330  333  334  335  336  337  369  375  386  387  388  416  420  432  433  527  528  545
1   30   31   32   39   55   64  100  107  108  193  194  196  201  202  204  207  210  212  213  216  217  224  225  260  266  280  281  282  283  287  290  304  316  317  320  321  322  331  332  333  334  335  337  351  352  355  356  357  358  367  368  385  386  395  396  397  398  400  401  412  413  421  422  423  432  433  440  441  539  540  542  543  545
1  119  120  129  133  139  161  281  282  463  464  545
1  250  253  271  277  279  280  286  287  292  293  299  300  301  302  310  311  320  321  322  323  324  328  329  332  333  336  441  442  453  454  481  482  484  485  489  490  492  493  501  502  508  512  521  545
1  241  242  250  253  271  276  277  279  280  293  299  300  301  319  320  321  322  334  335  336  346  347  355  356  359  360  377  378  393  394  398  399  405  406  408  409  423  424  428  429  441  443  444  445  446  448  449  450  454  462  463  464  465  470  471  473  474  475  476  481  482  486  487  488  489  490  492  501  502  508  512  521  522  540  541  545
