fields 34
worms 4
Wave_Initiation_Rate_Median
98.324240 102.829683 102.249799 NaN 
Wave_Initiation_Rate_Range
31.102535 87.140699 50.474810 NaN 
Body_Wave_Number_Median
0.406523 0.565817 0.508669 NaN 
Body_Wave_Number_Range
0.321566 0.793039 0.338051 NaN 
Asymmetry_Median
-0.000939 -0.000189 -0.005259 NaN 
Asymmetry_Range
0.042103 0.056161 0.071460 NaN 
Reverse_Swimming
3.974241 0.165593 0.000000 NaN 
Curling
0.112570 0.000000 0.223881 NaN 
Stretch_Median
0.441807 0.417986 0.426538 NaN 
Stretch_Range
0.240375 0.301570 0.246166 NaN 
Attenuation_Median
66.559874 73.827460 63.661214 NaN 
Attenuation_Range
28.696413 16.656772 22.956842 NaN 
Traveling_Speed_Mean
11.901521 7.427379 8.074206 NaN 
Brush_Stroke_Median
0.290183 0.310738 0.190585 NaN 
Brush_Stroke_Range
0.105195 0.198050 0.068224 NaN 
Activity_Index_Median
326.860702 248.144227 293.567825 NaN 
Activity_Index_Range
187.358098 237.091798 176.873444 NaN 
Wave_Initiation_Rate_10
76.260149 34.147734 63.247534 NaN 
Body_Wave_Number_10
0.273730 0.235919 0.338077 NaN 
Asymmetry_10
-0.025611 -0.025125 -0.053476 NaN 
Stretch_10
0.340643 0.309392 0.338285 NaN 
Attenuation_10
48.748486 64.664691 52.167692 NaN 
Brush_Stroke_10
0.249291 0.224068 0.163450 NaN 
Activity_Index_10
251.725236 116.298115 203.833692 NaN 
usability
0.979779 0.976103 0.985294 0.000000 
status
valid
valid
valid
rejected
highThr
67.000000 65.000000 64.000000 NaN 
lowThr
30.000000 32.000000 40.000000 0.000000 
prevThr
10.000000 10.000000 10.000000 25.000000 
highThrDef
67.000000 65.000000 64.000000 NaN 
lowThrDef
30.000000 32.000000 40.000000 0.000000 
prevThrDef
25.000000 25.000000 25.000000 25.000000 
manualSeparators




separators
1   35   36   37   42   43  174  175  335  336  445  446  529  530  545
1  111  112  117  124  125  135  136  422  424  425  545
1  103  104  123  124  189  190  199  200  321  324  342  343  545
1  545
