fields 34
worms 3
Wave_Initiation_Rate_Median
100.978403 61.486640 27.274171 
Wave_Initiation_Rate_Range
80.177745 63.701633 39.430072 
Body_Wave_Number_Median
0.441609 0.702323 0.896798 
Body_Wave_Number_Range
0.460292 1.014426 1.448926 
Asymmetry_Median
0.005840 -0.015102 0.079710 
Asymmetry_Range
0.125172 0.130365 0.211829 
Reverse_Swimming
2.641947 7.978142 22.490066 
Curling
2.495050 13.109244 13.960396 
Stretch_Median
0.529117 0.671611 0.697087 
Stretch_Range
0.316179 0.398708 0.393913 
Attenuation_Median
67.463138 59.011495 51.074218 
Attenuation_Range
40.801312 74.899655 51.858415 
Traveling_Speed_Mean
6.953593 0.384307 2.077093 
Brush_Stroke_Median
0.268812 0.085274 0.074808 
Brush_Stroke_Range
0.153313 0.013295 0.018842 
Activity_Index_Median
403.630151 309.224121 106.293159 
Activity_Index_Range
326.080417 207.178903 82.130361 
Wave_Initiation_Rate_10
45.427261 19.426360 9.226612 
Body_Wave_Number_10
0.233480 0.256393 0.203123 
Asymmetry_10
-0.067482 -0.114133 -0.043236 
Stretch_10
0.392802 0.487533 0.421760 
Attenuation_10
35.568541 -3.148902 23.390354 
Brush_Stroke_10
0.228363 0.074199 0.059994 
Activity_Index_10
176.102502 131.166371 55.213723 
usability
0.928309 0.656250 0.742647 
status
valid
valid
valid
highThr
62.000000 71.000000 59.000000 
lowThr
26.000000 25.000000 30.000000 
prevThr
10.000000 25.000000 25.000000 
highThrDef
62.000000 71.000000 59.000000 
lowThrDef
26.000000 25.000000 30.000000 
prevThrDef
25.000000 25.000000 25.000000 
manualSeparators

394
436
separators
1   95   96  150  151  161  201  202  203  204  220  221  222  333  334  335  402  404  405  408  409  421  457  458  545
1   61   62  110  111  142  161  162  201  202  221  222  223  224  261  262  307  308  333  334  359  360  361  367  368  372  375  394  403  404  464  465  545
1  101  102  202  203  230  231  250  255  274  275  317  318  325  326  331  332  333  370  371  436  452  453  459  460  468  469  474  475  545
