fields 34
worms 5
Wave_Initiation_Rate_Median
52.237283 69.036123 68.512025 60.864145 NaN 
Wave_Initiation_Rate_Range
56.599304 15.726540 40.329209 16.021578 NaN 
Body_Wave_Number_Median
0.312130 0.581384 0.705788 0.717324 NaN 
Body_Wave_Number_Range
1.138449 0.171706 0.493508 0.324156 NaN 
Asymmetry_Median
-0.004645 -0.009047 -0.003426 0.019831 NaN 
Asymmetry_Range
0.122291 0.055555 0.051556 0.043968 NaN 
Reverse_Swimming
6.402944 0.000000 0.991736 0.000000 NaN 
Curling
0.000000 0.000000 0.000000 1.703854 NaN 
Stretch_Median
0.541028 0.423939 0.410871 0.366308 NaN 
Stretch_Range
0.264117 0.152291 0.194785 0.182178 NaN 
Attenuation_Median
55.725596 70.457268 63.616843 61.954974 NaN 
Attenuation_Range
37.936305 14.122323 19.768788 19.450421 NaN 
Traveling_Speed_Mean
9.769558 9.671838 7.714077 6.132285 NaN 
Brush_Stroke_Median
0.135402 0.191368 0.061747 0.161228 NaN 
Brush_Stroke_Range
0.042698 0.039954 0.014722 0.053281 NaN 
Activity_Index_Median
191.036656 203.635928 206.587414 159.299125 NaN 
Activity_Index_Range
211.360548 61.563502 112.391293 78.599961 NaN 
Wave_Initiation_Rate_10
10.996627 66.764097 43.352487 50.794143 NaN 
Body_Wave_Number_10
0.077557 0.491977 0.407787 0.558894 NaN 
Asymmetry_10
-0.081454 -0.039741 -0.018471 -0.005748 NaN 
Stretch_10
0.366770 0.352615 0.354554 0.313186 NaN 
Attenuation_10
29.185593 65.051472 50.081961 50.412820 NaN 
Brush_Stroke_10
0.115097 0.172886 0.054332 0.133120 NaN 
Activity_Index_10
39.163557 180.243895 157.570326 111.449437 NaN 
usability
1.000000 0.961397 0.867647 0.906250 0.373162 
status
valid
valid
valid
valid
rejected
highThr
71.000000 70.000000 77.000000 78.000000 88.000000 
lowThr
44.000000 48.000000 51.000000 51.000000 40.000000 
prevThr
25.000000 25.000000 25.000000 25.000000 25.000000 
highThrDef
71.000000 70.000000 77.000000 78.000000 88.000000 
lowThrDef
46.000000 48.000000 51.000000 51.000000 14.000000 
prevThrDef
25.000000 25.000000 25.000000 25.000000 25.000000 
manualSeparators


234


separators
1  545
1  217  221  222  223  227  244  246  247  256  259  261  264  272  279  281  293  299  315  318  342  343  380  383  389  390  545
1  217  221  223  227  230  233  234  236  237  244  246  247  256  259  261  264  272  279  281  293  299  455  460  470  480  481  484  495  496  497  500  501  502  516  517  518  521  523  525  526  527  531  545
1  138  139  340  341  387  388  401  402  455  460  470  480  484  496  500  501  502  517  518  521  523  525  526  527  528  529  531  532  533  535  543  544  545
1   81  101  102  139  140  141  142  143  148  149  150  151  154  201  202  204  205  208  321  322  358  359  366  429  432  433  440  461  462  484  485  492  499  500  519  520  538  539  540  541  545
