fields 34
worms 5
Wave_Initiation_Rate_Median
26.224220 34.473255 8.076796 9.204620 10.137141 
Wave_Initiation_Rate_Range
21.205933 15.578909 4.619702 11.053178 14.486286 
Body_Wave_Number_Median
0.638336 0.784210 1.706089 1.608331 1.574451 
Body_Wave_Number_Range
0.913946 0.679975 0.476514 1.563380 0.506676 
Asymmetry_Median
0.035938 -0.024452 0.025331 0.074018 0.022296 
Asymmetry_Range
0.239767 0.113547 0.132104 0.193456 0.109457 
Reverse_Swimming
20.367985 10.377185 0.000000 4.944049 0.000000 
Curling
4.800000 0.000000 0.000000 9.022556 0.000000 
Stretch_Median
0.637425 0.476018 0.320792 0.546678 0.465686 
Stretch_Range
0.179332 0.140037 0.112081 0.353945 0.099546 
Attenuation_Median
58.124857 53.710534 67.932048 65.337510 61.653159 
Attenuation_Range
47.203573 26.130328 43.158749 47.059142 21.946242 
Traveling_Speed_Mean
3.085443 2.644946 0.726296 1.462753 1.164364 
Brush_Stroke_Median
0.097086 0.093260 0.037029 0.045223 0.045448 
Brush_Stroke_Range
0.059507 0.020575 0.014434 0.020866 0.016248 
Activity_Index_Median
87.145399 95.300527 15.283235 19.681171 27.958760 
Activity_Index_Range
98.033035 56.073256 8.745241 20.267189 40.024721 
Wave_Initiation_Rate_10
13.532499 20.575294 6.699511 6.897833 7.243481 
Body_Wave_Number_10
0.123562 0.304929 1.401783 0.372638 1.345961 
Asymmetry_10
-0.113275 -0.049064 -0.054449 -0.028614 -0.061181 
Stretch_10
0.573537 0.425927 0.258992 0.412954 0.409826 
Attenuation_10
23.124038 37.834353 37.265973 35.938924 50.587490 
Brush_Stroke_10
0.063598 0.080471 0.028893 0.036261 0.036414 
Activity_Index_10
31.376668 49.857045 11.046758 13.220466 14.624676 
usability
0.965074 0.994485 0.992647 0.977941 0.996324 
status
valid
valid
valid
valid
valid
highThr
75.000000 56.000000 68.000000 68.000000 54.000000 
lowThr
25.000000 41.000000 51.000000 35.000000 31.000000 
prevThr
25.000000 25.000000 25.000000 25.000000 25.000000 
highThrDef
75.000000 56.000000 68.000000 68.000000 54.000000 
lowThrDef
25.000000 41.000000 51.000000 35.000000 31.000000 
prevThrDef
25.000000 25.000000 25.000000 25.000000 25.000000 
manualSeparators





separators
1    9   10   96  102  103  156  159  161  162  222  223  224  225  226  236  237  324  325  545
1   81   82  329  330  430  431  545
1  462  466  545
1   82   83  276  287  545
1    9   10  541  542  545
