fields 34
worms 5
Wave_Initiation_Rate_Median
7.047866 7.412501 7.903582 6.115347 NaN 
Wave_Initiation_Rate_Range
1.679108 2.215659 3.456464 5.880609 NaN 
Body_Wave_Number_Median
1.865922 1.962443 1.680099 1.938244 NaN 
Body_Wave_Number_Range
0.289312 1.154656 0.476651 2.890415 NaN 
Asymmetry_Median
-0.042959 0.040356 -0.027366 0.340385 NaN 
Asymmetry_Range
0.069485 0.067557 0.358230 0.386362 NaN 
Reverse_Swimming
0.000000 0.000000 0.000000 0.000000 NaN 
Curling
0.000000 0.000000 10.469043 48.560748 NaN 
Stretch_Median
0.432934 0.348602 0.449595 0.263094 NaN 
Stretch_Range
0.199250 0.162554 0.284854 0.446376 NaN 
Attenuation_Median
59.709941 73.182854 65.131716 38.256801 NaN 
Attenuation_Range
34.030315 10.013587 37.553609 45.639589 NaN 
Traveling_Speed_Mean
0.921444 0.587542 0.612839 0.364018 NaN 
Brush_Stroke_Median
0.032728 0.030079 0.033484 0.026371 NaN 
Brush_Stroke_Range
0.016033 0.007508 0.012236 0.003584 NaN 
Activity_Index_Median
11.188289 10.711496 12.735266 7.674468 NaN 
Activity_Index_Range
7.436379 4.846391 5.562795 5.361994 NaN 
Wave_Initiation_Rate_10
6.408850 6.140439 6.604021 5.485734 NaN 
Body_Wave_Number_10
1.634652 1.696453 1.398920 1.178031 NaN 
Asymmetry_10
-0.095038 -0.007506 -0.202994 -0.023905 NaN 
Stretch_10
0.295334 0.302134 0.373339 0.200386 NaN 
Attenuation_10
42.937715 70.281684 45.057146 15.173602 NaN 
Brush_Stroke_10
0.028540 0.027206 0.028456 0.025022 NaN 
Activity_Index_10
9.554966 8.759695 10.520915 6.728023 NaN 
usability
0.976103 0.985294 0.979779 0.983456 0.000000 
status
valid
valid
valid
valid
rejected
highThr
38.000000 46.000000 54.000000 44.000000 NaN 
lowThr
22.000000 31.000000 17.000000 29.000000 0.000000 
prevThr
25.000000 25.000000 25.000000 25.000000 25.000000 
highThrDef
35.000000 46.000000 54.000000 44.000000 NaN 
lowThrDef
22.000000 31.000000 17.000000 29.000000 0.000000 
prevThrDef
25.000000 25.000000 25.000000 25.000000 25.000000 
manualSeparators
5   30  248  261




separators
1    5   30  248  261  545
1   63   64   68   74   75   76  545
1  110  111  123  124  450  451  460  461  466  467  471  472  476  477  493  494  497  498  499  500  501  502  545
1   23   24   47   48   65   66  511  512  514  515  516  519  520  545
1  545
