fields 34
worms 4
Wave_Initiation_Rate_Median
82.188595 24.468209 34.373990 NaN 
Wave_Initiation_Rate_Range
17.615611 39.514302 41.409701 NaN 
Body_Wave_Number_Median
0.654403 1.289969 0.743196 NaN 
Body_Wave_Number_Range
0.538095 0.978742 0.786157 NaN 
Asymmetry_Median
0.005875 -0.000386 -0.002233 NaN 
Asymmetry_Range
0.070623 0.123728 0.160447 NaN 
Reverse_Swimming
0.000000 0.000000 3.147954 NaN 
Curling
0.110294 11.785714 3.474903 NaN 
Stretch_Median
0.447554 0.667329 0.584800 NaN 
Stretch_Range
0.155304 0.193048 0.227604 NaN 
Attenuation_Median
55.428339 43.613570 55.153318 NaN 
Attenuation_Range
19.732234 44.563557 43.697909 NaN 
Traveling_Speed_Mean
7.366655 1.153436 3.753934 NaN 
Brush_Stroke_Median
0.180842 0.068441 0.070306 NaN 
Brush_Stroke_Range
0.072254 0.022598 0.019914 NaN 
Activity_Index_Median
190.164342 118.402458 115.734042 NaN 
Activity_Index_Range
99.610551 145.243428 152.132553 NaN 
Wave_Initiation_Rate_10
68.174651 7.532907 20.846208 NaN 
Body_Wave_Number_10
0.480118 0.966916 0.157304 NaN 
Asymmetry_10
-0.050153 -0.073871 -0.083904 NaN 
Stretch_10
0.399360 0.570478 0.469532 NaN 
Attenuation_10
46.032552 10.645312 30.526196 NaN 
Brush_Stroke_10
0.149168 0.057499 0.059694 NaN 
Activity_Index_10
132.092897 26.396568 57.579139 NaN 
usability
1.000000 0.617647 0.952206 0.424632 
status
valid
valid
valid
rejected
highThr
60.000000 62.000000 62.000000 68.000000 
lowThr
43.000000 25.000000 37.000000 33.000000 
prevThr
25.000000 25.000000 25.000000 25.000000 
highThrDef
60.000000 62.000000 62.000000 68.000000 
lowThrDef
43.000000 25.000000 37.000000 33.000000 
prevThrDef
25.000000 25.000000 25.000000 25.000000 
manualSeparators

370  371  372  373  402  403  415  416  418  419  520  521  522  523  524  525  527  528  529  530  531  532  536  537  234  369

483  484  486  487  527  528
separators
1  242  244  545
1    2    3   36   41   42   43   61   62  221  222  234  242  243  247  248  254  301  302  321  322  331  332  336  337  338  339  343  344  346  347  369  370  371  372  373  375  377  378  402  403  415  416  418  419  422  461  462  520  521  522  523  524  525  526  527  528  529  530  531  532  536  537  545
1   22   34   35  201  202  247  248  249  251  252  253  335  341  342  361  545
1  121  141  142  161  301  339  341  402  403  462  463  482  483  484  485  486  487  493  494  527  528  529  530  545
