fields 34
worms 5
Wave_Initiation_Rate_Median
45.119516 9.075188 51.566279 67.125005 55.416201 
Wave_Initiation_Rate_Range
37.124934 20.323443 49.469602 42.280793 34.174498 
Body_Wave_Number_Median
0.653392 1.565677 0.692873 0.502589 0.479139 
Body_Wave_Number_Range
0.663810 0.958376 0.694986 0.519851 0.495602 
Asymmetry_Median
0.059892 -0.001920 0.005287 0.011173 -0.006301 
Asymmetry_Range
0.131831 0.225484 0.135470 0.106631 0.116789 
Reverse_Swimming
0.000000 4.305428 4.360626 3.705882 13.325416 
Curling
5.730994 0.000000 0.772059 0.000000 0.000000 
Stretch_Median
0.735598 0.552473 0.529104 0.429982 0.468480 
Stretch_Range
0.246316 0.459173 0.373702 0.123295 0.212759 
Attenuation_Median
53.291187 66.354770 66.167577 50.018434 55.387218 
Attenuation_Range
34.062531 29.737308 30.767888 26.007119 29.600386 
Traveling_Speed_Mean
4.076591 2.004379 6.127753 7.520519 6.410100 
Brush_Stroke_Median
0.053246 0.058296 0.150719 0.267422 0.176941 
Brush_Stroke_Range
0.017888 0.038134 0.055058 0.091391 0.070001 
Activity_Index_Median
117.228134 27.727190 124.812765 256.969993 161.816955 
Activity_Index_Range
97.742626 62.847488 131.676937 168.283274 112.415263 
Wave_Initiation_Rate_10
23.522902 5.730120 17.353618 35.752416 33.567585 
Body_Wave_Number_10
0.242892 0.974901 0.220893 0.200869 0.175261 
Asymmetry_10
-0.011150 -0.136042 -0.088772 -0.022127 -0.076725 
Stretch_10
0.567972 0.197355 0.335256 0.358697 0.350942 
Attenuation_10
28.097988 48.061948 52.340905 32.010321 36.623802 
Brush_Stroke_10
0.043508 0.028775 0.119928 0.226583 0.140682 
Activity_Index_10
61.488810 10.535329 39.482919 135.244294 85.836893 
usability
0.943015 1.000000 1.000000 0.884191 0.799632 
status
valid
valid
valid
valid
valid
highThr
78.000000 75.000000 74.000000 73.000000 79.000000 
lowThr
27.000000 61.000000 51.000000 48.000000 46.000000 
prevThr
25.000000 25.000000 25.000000 25.000000 25.000000 
highThrDef
78.000000 75.000000 74.000000 73.000000 79.000000 
lowThrDef
27.000000 61.000000 51.000000 48.000000 36.000000 
prevThrDef
25.000000 25.000000 25.000000 25.000000 25.000000 
manualSeparators



456  457

separators
1   95   96  201  202  205  206  267  268  332  333  371  372  374  375  427  428  466  473  474  475  476  483  494  495  496  542  543  545
1   33   37  234  236  545
1   25   30  224  229  270  271  529  532  545
1   33   37  352  354  368  379  380  381  383  384  400  408  409  418  421  429  432  433  434  435  441  452  456  457  458  459  475  477  478  481  482  483  484  486  493  499  503  508  512  517  545
1  231  234  352  354  368  380  381  382  400  408  410  418  421  429  437  438  441  452  457  458  459  461  462  473  474  475  480  481  482  483  484  486  487  488  492  493  496  497  498  499  500  501  503  508  545
