fields 34
worms 5
Wave_Initiation_Rate_Median
6.588319 33.115837 28.046930 8.394995 16.569494 
Wave_Initiation_Rate_Range
2.503246 25.631621 22.877695 9.519972 7.881039 
Body_Wave_Number_Median
1.881414 0.865000 1.358219 1.637342 1.347632 
Body_Wave_Number_Range
0.204398 0.497940 0.809640 1.002103 0.461876 
Asymmetry_Median
-0.061463 0.009340 -0.016658 0.016117 0.017716 
Asymmetry_Range
0.142748 0.151473 0.096571 0.104481 0.078812 
Reverse_Swimming
0.000000 0.000000 9.328427 0.331187 0.000000 
Curling
0.000000 0.000000 0.000000 0.000000 0.000000 
Stretch_Median
0.389699 0.482422 0.511316 0.398849 0.526437 
Stretch_Range
0.148613 0.198031 0.151076 0.087934 0.102471 
Attenuation_Median
75.257851 56.523954 65.454006 61.523506 52.794634 
Attenuation_Range
10.432551 33.660740 15.993728 29.818137 11.419841 
Traveling_Speed_Mean
0.462736 2.485968 1.823002 1.312819 2.162586 
Brush_Stroke_Median
0.030784 0.072865 0.069746 0.043055 0.069550 
Brush_Stroke_Range
0.007499 0.018044 0.027683 0.024616 0.027668 
Activity_Index_Median
10.057644 101.640839 64.284969 17.775438 57.068295 
Activity_Index_Range
6.036917 59.728642 69.001479 19.475470 30.451236 
Wave_Initiation_Rate_10
5.937562 19.391985 10.948034 6.481655 11.792439 
Body_Wave_Number_10
1.722716 0.580268 0.793188 0.876088 1.109570 
Asymmetry_10
-0.122101 -0.072427 -0.079224 -0.042579 -0.038682 
Stretch_10
0.300157 0.405487 0.438872 0.367307 0.456092 
Attenuation_10
68.667669 37.772971 57.748034 47.883494 47.833952 
Brush_Stroke_10
0.028396 0.065036 0.063616 0.031965 0.060709 
Activity_Index_10
8.496471 61.801569 22.954113 11.350030 44.964734 
usability
0.961397 0.998162 0.998162 0.972426 0.777574 
status
valid
valid
valid
valid
valid
highThr
51.000000 58.000000 60.000000 63.000000 48.000000 
lowThr
21.000000 37.000000 43.000000 31.000000 29.000000 
prevThr
25.000000 25.000000 25.000000 25.000000 25.000000 
highThrDef
51.000000 58.000000 60.000000 63.000000 48.000000 
lowThrDef
21.000000 37.000000 43.000000 31.000000 29.000000 
prevThrDef
25.000000 25.000000 25.000000 25.000000 25.000000 
manualSeparators





separators
1   21   22  545
1  441  442  545
1  121  122  545
1  381  382  391  396  399  402  406  410  542  544  545
1  121  122  545
