fields 34
worms 5
Wave_Initiation_Rate_Median
67.224337 6.959661 9.390224 35.755842 67.276536 
Wave_Initiation_Rate_Range
33.723297 2.811883 2.722924 16.075641 8.687690 
Body_Wave_Number_Median
0.752647 1.875233 1.629061 1.068525 0.659044 
Body_Wave_Number_Range
0.468690 0.255084 0.446872 0.390746 0.390057 
Asymmetry_Median
-0.009503 0.070550 -0.002720 -0.021615 0.008499 
Asymmetry_Range
0.090018 0.080869 0.199294 0.049860 0.029824 
Reverse_Swimming
0.000000 0.000000 0.000000 0.000000 2.263109 
Curling
0.000000 0.000000 0.000000 0.000000 0.000000 
Stretch_Median
0.430117 0.391099 0.491082 0.465164 0.471692 
Stretch_Range
0.211677 0.157089 0.362184 0.160735 0.151711 
Attenuation_Median
67.118482 85.951711 70.564055 64.570507 63.938185 
Attenuation_Range
19.592887 7.745632 29.311940 8.240842 17.652005 
Traveling_Speed_Mean
6.731266 0.810705 1.096581 3.901944 3.802945 
Brush_Stroke_Median
0.199486 0.033900 0.040966 0.095486 0.117587 
Brush_Stroke_Range
0.107343 0.007454 0.014137 0.030765 0.015861 
Activity_Index_Median
179.539952 11.785625 19.453650 88.000524 148.417376 
Activity_Index_Range
192.257948 7.299703 7.509832 39.809138 24.748433 
Wave_Initiation_Rate_10
34.201176 5.968677 7.944820 32.650094 59.637227 
Body_Wave_Number_10
0.500733 1.689100 1.379441 0.896349 0.484134 
Asymmetry_10
-0.039257 0.031794 -0.098646 -0.033228 -0.009757 
Stretch_10
0.374649 0.301327 0.403787 0.361132 0.402134 
Attenuation_10
56.122648 81.344270 59.687108 61.181831 52.958590 
Brush_Stroke_10
0.151929 0.029264 0.035729 0.080417 0.110203 
Activity_Index_10
87.265910 8.711997 15.932065 74.321600 133.217044 
usability
0.996324 1.000000 0.963235 1.000000 0.974265 
status
valid
valid
valid
valid
valid
highThr
68.000000 74.000000 82.000000 78.000000 80.000000 
lowThr
52.000000 63.000000 39.000000 53.000000 48.000000 
prevThr
25.000000 25.000000 25.000000 25.000000 25.000000 
highThrDef
68.000000 74.000000 82.000000 78.000000 80.000000 
lowThrDef
52.000000 63.000000 39.000000 53.000000 48.000000 
prevThrDef
25.000000 25.000000 25.000000 25.000000 25.000000 
manualSeparators





separators
1  308  310  545
1   21   22  545
1   61   65   66   81   82  545
1   40   41   42   43  112  115  545
1  363  364  366  369  467  471  485  489  545
