fields 34
worms 5
Wave_Initiation_Rate_Median
9.574404 NaN 9.751437 11.705025 11.472358 
Wave_Initiation_Rate_Range
4.578919 NaN 8.909884 11.170622 11.485122 
Body_Wave_Number_Median
1.503761 NaN 1.583204 1.601281 1.482433 
Body_Wave_Number_Range
0.545206 NaN 0.965846 0.663125 1.228254 
Asymmetry_Median
-0.047102 NaN -0.085485 -0.011105 -0.076110 
Asymmetry_Range
0.030444 NaN 0.121493 0.071250 0.129434 
Reverse_Swimming
0.000000 NaN 6.237351 1.379945 10.873965 
Curling
0.000000 NaN 0.000000 0.000000 0.000000 
Stretch_Median
0.299590 NaN 0.440920 0.433797 0.472578 
Stretch_Range
0.110909 NaN 0.150034 0.141557 0.115796 
Attenuation_Median
75.495245 NaN 74.553830 73.190398 67.157989 
Attenuation_Range
12.283084 NaN 26.104948 18.842424 25.242824 
Traveling_Speed_Mean
0.652581 NaN 0.991417 0.995895 0.959787 
Brush_Stroke_Median
0.036013 NaN 0.038142 0.043123 0.047348 
Brush_Stroke_Range
0.008910 NaN 0.014129 0.012182 0.015681 
Activity_Index_Median
16.322932 NaN 19.219620 25.872334 28.209838 
Activity_Index_Range
9.311564 NaN 16.809229 23.152198 34.301306 
Wave_Initiation_Rate_10
8.051023 NaN 7.546284 8.226288 8.841567 
Body_Wave_Number_10
1.168043 NaN 0.886685 1.062045 0.600360 
Asymmetry_10
-0.066551 NaN -0.118513 -0.067894 -0.124723 
Stretch_10
0.263731 NaN 0.358802 0.369675 0.415030 
Attenuation_10
66.369378 NaN 55.924930 61.631164 56.138637 
Brush_Stroke_10
0.030388 NaN 0.034174 0.036686 0.038795 
Activity_Index_10
13.936218 NaN 13.609321 17.718090 15.782379 
usability
1.000000 1.000000 1.000000 1.000000 1.000000 
status
valid
rejected
valid
valid
valid
highThr
51.000000 53.000000 57.000000 63.000000 60.000000 
lowThr
34.000000 36.000000 40.000000 44.000000 39.000000 
prevThr
25.000000 25.000000 25.000000 25.000000 25.000000 
highThrDef
49.000000 53.000000 57.000000 63.000000 60.000000 
lowThrDef
35.000000 36.000000 40.000000 44.000000 39.000000 
prevThrDef
25.000000 25.000000 25.000000 25.000000 25.000000 
manualSeparators





separators
1  545
1    3   21   22  545
1  545
1  545
1  545
