fields 34
worms 5
Wave_Initiation_Rate_Median
83.078704 25.458198 49.899060 67.307490 36.273856 
Wave_Initiation_Rate_Range
53.199296 16.004891 126.267004 17.218725 90.982874 
Body_Wave_Number_Median
0.850475 0.986675 0.572195 0.570234 0.148555 
Body_Wave_Number_Range
0.683273 0.429699 1.053529 0.348610 0.704420 
Asymmetry_Median
-0.000706 0.018706 0.018185 -0.019100 -0.016821 
Asymmetry_Range
0.102339 0.151293 0.146897 0.043066 0.172332 
Reverse_Swimming
0.000000 0.000000 3.475177 0.000000 0.331187 
Curling
0.693642 0.000000 0.721443 0.000000 0.790960 
Stretch_Median
0.384641 0.871341 0.437932 0.342826 0.557487 
Stretch_Range
0.310275 0.244746 0.323093 0.133348 0.392952 
Attenuation_Median
65.408178 72.963822 63.577195 60.848110 62.377872 
Attenuation_Range
15.064405 7.556536 44.895913 20.628697 20.408103 
Traveling_Speed_Mean
6.430787 3.039634 4.543302 4.875788 10.197032 
Brush_Stroke_Median
0.143286 0.121145 0.136089 0.153238 0.110621 
Brush_Stroke_Range
0.054558 0.034062 0.049814 0.017066 0.092190 
Activity_Index_Median
174.757019 68.682017 402.808808 183.423236 149.910721 
Activity_Index_Range
105.859909 54.834259 620.989119 52.063246 225.944265 
Wave_Initiation_Rate_10
48.450789 19.620458 10.406977 51.021721 32.317751 
Body_Wave_Number_10
0.500680 0.707821 0.287798 0.371497 0.037343 
Asymmetry_10
-0.087197 -0.063616 -0.017381 -0.040345 -0.111770 
Stretch_10
0.290618 0.686226 0.293192 0.285716 0.260269 
Attenuation_10
57.433342 69.285676 30.340928 54.914555 52.136064 
Brush_Stroke_10
0.118819 0.107230 0.096977 0.144517 0.084644 
Activity_Index_10
123.616580 55.570352 32.207778 143.418791 82.726047 
usability
0.954044 0.998162 0.917279 1.000000 0.976103 
status
valid
valid
valid
valid
valid
highThr
62.000000 66.000000 70.000000 69.000000 70.000000 
lowThr
43.000000 52.000000 47.000000 49.000000 41.000000 
prevThr
25.000000 25.000000 25.000000 25.000000 25.000000 
highThrDef
62.000000 66.000000 70.000000 69.000000 70.000000 
lowThrDef
43.000000 52.000000 47.000000 49.000000 41.000000 
prevThrDef
25.000000 25.000000 25.000000 25.000000 25.000000 
manualSeparators





separators
1  252  253  297  298  342  344  363  365  508  509  515  519  520  521  522  528  531  538  541  543  544  545
1   88   89  545
1   70   71  146  147  161  162  264  265  508  509  513  514  515  519  520  521  522  531  538  541  543  544  545
1  545
1  189  190  191  222  223  245  251  252  253  282  283  317  318  444  445  545
