fields 34
worms 5
Wave_Initiation_Rate_Median
160.875907 95.589822 100.473430 38.221917 NaN 
Wave_Initiation_Rate_Range
140.266224 114.593564 86.801902 83.206140 NaN 
Body_Wave_Number_Median
0.328593 0.417325 0.548371 0.270333 NaN 
Body_Wave_Number_Range
0.739630 0.514545 0.568872 0.425908 NaN 
Asymmetry_Median
-0.020743 0.009006 -0.008647 0.016327 NaN 
Asymmetry_Range
0.123423 0.113425 0.103185 0.239611 NaN 
Reverse_Swimming
5.026178 7.782889 5.323194 14.772234 NaN 
Curling
3.632812 1.296660 0.974478 8.392484 NaN 
Stretch_Median
0.355091 0.395033 0.390840 0.603946 NaN 
Stretch_Range
0.418546 0.193879 0.240455 0.401799 NaN 
Attenuation_Median
69.737842 73.922812 71.332770 56.359092 NaN 
Attenuation_Range
34.673724 32.912635 37.495668 65.299164 NaN 
Traveling_Speed_Mean
16.000221 12.073891 4.135724 1.891944 NaN 
Brush_Stroke_Median
0.535726 0.409418 0.406822 0.056868 NaN 
Brush_Stroke_Range
0.291039 0.321699 0.257599 0.070984 NaN 
Activity_Index_Median
550.085330 285.075626 325.637454 121.121667 NaN 
Activity_Index_Range
583.348748 344.634535 306.334785 169.768511 NaN 
Wave_Initiation_Rate_10
29.525417 34.293279 33.349918 16.629638 NaN 
Body_Wave_Number_10
0.134968 0.132314 0.121630 0.094823 NaN 
Asymmetry_10
-0.121149 -0.026552 -0.087363 -0.074852 NaN 
Stretch_10
0.266647 0.314171 0.299300 0.367458 NaN 
Attenuation_10
47.231650 49.132632 42.389477 8.330974 NaN 
Brush_Stroke_10
0.338948 0.310197 0.239685 0.035438 NaN 
Activity_Index_10
60.571530 80.610847 204.603373 29.916442 NaN 
usability
0.941176 0.935662 0.792279 0.880515 0.667279 
status
valid
valid
valid
valid
rejected
highThr
64.000000 67.000000 87.000000 64.000000 79.000000 
lowThr
31.000000 33.000000 20.000000 35.000000 22.000000 
prevThr
10.000000 25.000000 25.000000 25.000000 25.000000 
highThrDef
64.000000 67.000000 87.000000 64.000000 79.000000 
lowThrDef
31.000000 33.000000 10.000000 35.000000 22.000000 
prevThrDef
25.000000 25.000000 25.000000 25.000000 25.000000 
manualSeparators





separators
1   65   66   67   69   70   95   96  393  394  461  462  481  482  485  486  533  534  545
1   62   63   84   85  112  113  142  143  155  156  164  168  169  170  171  172  175  179  190  192  210  211  221  222  245  246  247  248  254  255  262  263  297  299  301  302  303  304  329  330  419  420  487  488  540  543  545
1   41   42  135  137  143  144  145  146  160  161  201  202  335  336  348  349  402  403  409  410  452  453  545
1   41   42   62   63  112  113  194  197  204  205  214  215  240  241  268  269  289  290  312  313  342  343  349  350  362  363  405  406  410  411  461  462  477  478  485  486  495  496  499  500  504  505  524  525  544  545
1  101  102  114  115  126  127  141  161  162  164  171  175  176  179  187  188  201  202  230  231  260  261  293  294  317  318  324  326  327  361  362  379  380  400  401  414  415  545
