fields 34
worms 5
Wave_Initiation_Rate_Median
32.854069 66.043517 9.529593 12.083099 64.936591 
Wave_Initiation_Rate_Range
53.128123 54.697628 4.343174 25.402117 52.787057 
Body_Wave_Number_Median
0.608344 0.385590 1.574722 1.305058 0.472546 
Body_Wave_Number_Range
1.043733 0.532334 0.736916 1.116476 0.585986 
Asymmetry_Median
-0.010841 -0.000547 0.028168 0.007219 -0.011391 
Asymmetry_Range
0.260476 0.083811 0.213707 0.198768 0.118160 
Reverse_Swimming
0.000000 2.882682 1.655934 9.273229 4.526219 
Curling
0.000000 1.431670 0.000000 0.000000 0.000000 
Stretch_Median
0.539058 0.323492 0.564023 0.463140 0.341740 
Stretch_Range
0.268919 0.351418 0.129881 0.212725 0.340370 
Attenuation_Median
66.693855 61.592255 80.335391 72.094805 53.728564 
Attenuation_Range
24.202546 23.531213 21.689284 32.010627 33.573610 
Traveling_Speed_Mean
2.471351 6.006337 1.722898 1.788726 4.872379 
Brush_Stroke_Median
0.099329 0.249925 0.042843 0.054713 0.181441 
Brush_Stroke_Range
0.038410 0.117835 0.020431 0.027454 0.061812 
Activity_Index_Median
103.662795 229.890003 21.510609 28.499655 165.617394 
Activity_Index_Range
223.365967 273.836816 13.293316 85.598050 178.089665 
Wave_Initiation_Rate_10
12.659223 30.271670 7.673854 7.232170 16.636605 
Body_Wave_Number_10
0.227224 0.070720 1.022001 0.741822 0.092240 
Asymmetry_10
-0.129127 -0.049718 -0.122640 -0.079918 -0.081593 
Stretch_10
0.386920 0.254787 0.496990 0.349600 0.267231 
Attenuation_10
51.828145 51.016708 66.403372 50.556721 38.712404 
Brush_Stroke_10
0.084699 0.151886 0.036403 0.037297 0.146431 
Activity_Index_10
30.724427 83.460537 15.908342 13.823320 48.160646 
usability
0.954044 0.847426 1.000000 0.996324 0.988971 
status
valid
valid
valid
valid
valid
highThr
67.000000 75.000000 64.000000 72.000000 65.000000 
lowThr
47.000000 26.000000 50.000000 52.000000 49.000000 
prevThr
25.000000 25.000000 25.000000 25.000000 25.000000 
highThrDef
67.000000 75.000000 64.000000 72.000000 65.000000 
lowThrDef
47.000000 26.000000 50.000000 52.000000 49.000000 
prevThrDef
25.000000 25.000000 25.000000 25.000000 25.000000 
manualSeparators

40  51



separators
1  332  339  340  341  343  345  347  348  392  395  433  436  439  441  442  443  444  446  447  449  466  470  545
1   40   45   46   51   59   60   91   93   94   97   98   99  332  339  340  341  343  345  347  348  433  434  436  439  441  442  443  444  446  447  449  466  470  545
1  545
1  300  301  302  303  545
1  312  313  413  418  545
