fields 34
worms 4
Wave_Initiation_Rate_Median
97.274036 100.747362 101.873258 104.581729 
Wave_Initiation_Rate_Range
66.579765 46.216124 97.524122 59.697688 
Body_Wave_Number_Median
0.499906 0.461154 0.576860 0.557524 
Body_Wave_Number_Range
0.280894 0.271953 0.338486 0.229605 
Asymmetry_Median
-0.004058 -0.000211 0.001717 0.000082 
Asymmetry_Range
0.090957 0.064883 0.113747 0.032738 
Reverse_Swimming
0.000000 0.000000 0.000000 0.000000 
Curling
0.882353 0.000000 2.715517 0.784314 
Stretch_Median
0.401026 0.378222 0.374745 0.375545 
Stretch_Range
0.223965 0.175242 0.366965 0.147028 
Attenuation_Median
55.981121 66.708929 69.670812 66.583209 
Attenuation_Range
18.011048 16.160866 21.216421 17.005601 
Traveling_Speed_Mean
9.473111 7.773007 6.552791 6.533811 
Brush_Stroke_Median
0.245674 0.199351 0.048028 0.047252 
Brush_Stroke_Range
0.047992 0.029423 0.010098 0.050292 
Activity_Index_Median
241.269422 232.505537 243.971334 256.499971 
Activity_Index_Range
181.644712 127.387733 97.688005 128.556135 
Wave_Initiation_Rate_10
36.009325 56.031418 19.573700 60.157028 
Body_Wave_Number_10
0.313833 0.312855 0.394545 0.408143 
Asymmetry_10
-0.075374 -0.021014 -0.020840 -0.016337 
Stretch_10
0.326795 0.318417 0.283610 0.322818 
Attenuation_10
49.211592 57.932674 56.120236 58.996091 
Brush_Stroke_10
0.217004 0.185358 0.041217 0.043228 
Activity_Index_10
81.393099 126.506157 168.141594 199.802243 
usability
1.000000 1.000000 0.852941 0.843750 
status
valid
valid
valid
valid
highThr
54.000000 52.000000 55.000000 55.000000 
lowThr
36.000000 37.000000 34.000000 37.000000 
prevThr
25.000000 25.000000 25.000000 25.000000 
highThrDef
54.000000 52.000000 55.000000 55.000000 
lowThrDef
36.000000 37.000000 34.000000 37.000000 
prevThrDef
25.000000 25.000000 25.000000 25.000000 
manualSeparators




separators
1  132  133  321  322  419  420  545
1  545
1   44   45  191  193  210  211  214  216  222  228  229  237  240  242  254  302  310  480  481  497  498  545
1  210  211  214  216  222  225  226  229  237  238  240  242  247  248  250  251  254  281  301  302  310  434  438  454  455  545
