fields 34
worms 5
Wave_Initiation_Rate_Median
35.983050 34.343938 17.521061 8.966033 51.290455 
Wave_Initiation_Rate_Range
29.546217 13.996629 23.449790 9.055205 16.036562 
Body_Wave_Number_Median
0.745684 1.000431 1.469499 1.656465 1.111505 
Body_Wave_Number_Range
0.904578 0.536511 0.910082 0.977031 0.468779 
Asymmetry_Median
0.012560 -0.029670 -0.025410 0.017571 0.010663 
Asymmetry_Range
0.114876 0.081985 0.106574 0.183205 0.039244 
Reverse_Swimming
13.649025 4.747010 0.000000 11.701932 0.000000 
Curling
0.000000 0.000000 0.000000 0.000000 0.000000 
Stretch_Median
0.542133 0.502425 0.646656 0.591915 0.415956 
Stretch_Range
0.165602 0.106174 0.165124 0.138055 0.121483 
Attenuation_Median
52.166121 55.104188 69.313562 36.133143 62.777310 
Attenuation_Range
22.313399 23.576939 17.437522 30.266042 18.948675 
Traveling_Speed_Mean
4.273035 2.378887 1.262020 1.317225 3.444493 
Brush_Stroke_Median
0.074135 0.078182 0.048064 0.044412 0.099806 
Brush_Stroke_Range
0.020283 0.034455 0.014639 0.016541 0.055089 
Activity_Index_Median
124.286903 78.561768 44.827853 20.809963 107.477236 
Activity_Index_Range
122.905878 36.177204 56.678541 19.240395 65.534379 
Wave_Initiation_Rate_10
22.417780 21.799506 9.157265 7.048158 40.708414 
Body_Wave_Number_10
0.185746 0.667961 0.985169 0.936113 0.817370 
Asymmetry_10
-0.011150 -0.055373 -0.079081 -0.063712 -0.004105 
Stretch_10
0.470231 0.476564 0.572503 0.517317 0.364134 
Attenuation_10
38.911115 45.275619 59.733132 20.033377 53.424120 
Brush_Stroke_10
0.063944 0.070576 0.039746 0.038402 0.083593 
Activity_Index_10
82.157530 62.033875 19.302269 15.035762 89.161273 
usability
0.990809 1.000000 1.000000 1.000000 1.000000 
status
valid
valid
valid
valid
valid
highThr
54.000000 55.000000 59.000000 56.000000 65.000000 
lowThr
33.000000 38.000000 44.000000 42.000000 45.000000 
prevThr
25.000000 25.000000 25.000000 25.000000 25.000000 
highThrDef
54.000000 55.000000 59.000000 56.000000 65.000000 
lowThrDef
33.000000 38.000000 44.000000 42.000000 45.000000 
prevThrDef
25.000000 25.000000 25.000000 25.000000 25.000000 
manualSeparators





separators
1    3    6  461  462  545
1  441  442  545
1  545
1  418  419  481  482  545
1  401  402  545
