fields 44
worms 5
Wave_Initiation_Rate_Median
13.397876 7.653354 45.310811 6.356543 6.103368 
Wave_Initiation_Rate_Range
10.427037 3.521596 38.939012 1.470364 1.401682 
Body_Wave_Number_Median
1.620388 1.764800 0.643619 1.909732 1.923205 
Body_Wave_Number_Range
0.488344 0.403486 0.742769 0.159617 0.577204 
Asymmetry_Median
-0.057609 -0.148407 0.040836 0.022614 -0.038294 
Asymmetry_Range
0.126999 0.294010 0.148166 0.204782 0.119276 
Reverse_Swimming
3.863845 0.000000 5.873606 0.000000 0.000000 
Curling
0.000000 17.872340 6.049383 0.000000 0.000000 
Stretch_Median
0.483254 0.497567 0.618670 0.469715 0.434017 
Stretch_Range
0.141142 0.282275 0.275889 0.263016 0.160255 
Attenuation_Median
53.416778 60.422306 63.018992 72.475995 66.085483 
Attenuation_Range
30.453745 33.792042 32.033186 28.046944 47.717771 
Traveling_Speed_Mean
2.100714 0.363064 2.186165 0.255554 0.751292 
Brush_Stroke_Median
0.047802 0.031381 0.127651 0.031641 0.030077 
Brush_Stroke_Range
0.024463 0.006411 0.044423 0.009182 0.007573 
Activity_Index_Median
31.902448 11.444687 129.519228 10.151039 9.356286 
Activity_Index_Range
21.902825 6.100951 114.911482 6.007019 2.293077 
Wave_Initiation_Rate_10
7.995241 6.085225 27.466403 5.815539 5.636571 
Body_Wave_Number_10
1.319193 1.543502 0.414509 1.810231 1.769200 
Asymmetry_10
-0.134611 -0.305673 -0.027638 -0.147754 -0.075332 
Stretch_10
0.433116 0.370198 0.490920 0.325811 0.396122 
Attenuation_10
35.014200 42.186561 45.737814 54.940175 24.799318 
Brush_Stroke_10
0.040102 0.029461 0.101414 0.029404 0.028507 
Activity_Index_10
21.405215 9.595836 72.197575 8.911743 8.437122 
Wave_Initiation_Rate_All
8.503664 9.478510 34.911979 7.247867 7.455577 8.503664 9.478510 34.911979 7.247867 7.455577 8.492717 9.457687 34.897564 7.220655 7.427892 8.492717 9.457687 34.897564 7.220655 7.427892 8.483775 9.423484 34.879685 7.195094 7.398855 8.483775 9.423484 34.879685 7.195094 7.398855 8.472045 9.387613 34.861496 7.170698 7.369084 8.472045 9.387613 34.861496 7.170698 7.369084 8.458776 9.355538 34.841531 7.147370 7.338347 8.458776 9.355538 34.841531 7.147370 7.338347 8.443727 9.328983 34.818390 7.124984 7.306563 8.443727 9.328983 34.818390 7.124984 7.306563 8.425684 9.306698 34.792608 7.103435 7.274317 8.425684 9.306698 34.792608 7.103435 7.274317 8.407353 9.284842 34.763536 7.084296 7.242124 8.407353 9.284842 34.763536 7.084296 7.242124 8.393053 9.260629 34.730459 7.067948 7.212119 8.384341 9.244282 34.718021 7.042766 7.184098 8.372091 9.220663 34.690783 7.028558 7.158678 8.361790 9.208212 34.678413 7.003873 7.130695 8.348324 9.184459 34.654678 6.989999 7.110046 8.335400 9.173859 34.639222 6.966286 7.082249 8.320755 9.149751 34.617490 6.952747 7.066011 8.303348 9.135629 34.599340 6.930524 7.038677 8.290572 9.111203 34.580333 6.917292 7.025642 8.271588 9.090160 34.557150 6.896799 6.999175 8.262677 9.065592 34.540935 6.884448 6.988769 8.245577 9.036089 34.510930 6.865548 6.962897 8.238558 9.010910 34.496308 6.854420 6.954729 8.226240 8.975493 34.469346 6.836900 6.929306 8.217437 8.946597 34.455821 6.828808 6.923199 8.207569 8.907943 34.431070 6.813352 6.898722 8.198811 8.873510 34.418975 6.807613 6.894521 8.188254 8.833942 34.393412 6.794599 6.872489 8.182494 8.792317 34.381059 6.790258 6.869308 8.169263 8.762444 34.356886 6.778664 6.849969 8.167170 8.714413 34.339561 6.775062 6.846904 8.152972 8.691473 34.316977 6.764785 6.830556 8.151413 8.638184 34.291385 6.761240 6.826340 8.139437 8.616006 34.268258 6.752421 6.812885 8.136113 8.560170 34.233405 6.748561 6.806902 8.125899 8.534516 34.210370 6.741132 6.796740 8.119448 8.477902 34.168286 6.736695 6.788787 8.111408 8.446285 34.146456 6.730615 6.782250 8.100508 8.390749 34.097316 6.726307 6.772110 8.095972 8.353002 34.076420 6.721593 6.768938 8.080792 8.300288 34.021326 6.717423 6.756669 8.077568 8.259243 34.002193 6.712437 6.756509 8.059122 8.210413 33.945485 6.708956 6.744135 8.052551 8.168988 33.929501 6.702867 6.744891 8.032735 8.134874 33.869419 6.698440 6.734789 8.023775 8.090631 33.845322 6.692016 6.733716 8.003322 8.070781 33.782097 6.685227 6.723823 7.995225 8.024929 33.751295 6.680053 6.720334 7.973104 8.014797 33.687682 6.670514 6.709075 7.966021 7.967971 33.651302 6.666414 6.703005 7.941047 7.961286 33.593455 6.654231 6.688939 7.931977 7.913842 33.550782 6.651022 6.680930 7.903513 7.906027 33.506618 6.636993 6.665633 7.889977 7.858123 33.458188 6.633877 6.655843 7.858389 7.850299 33.428979 6.618432 6.639809 7.841648 7.802940 33.376894 6.614811 6.628294 7.808201 7.798219 33.360959 6.598260 6.611890 7.791427 7.755342 33.306055 6.591942 6.598540 7.756170 7.750863 33.299848 6.574162 6.582085 7.737264 7.715131 33.241997 6.565310 6.566759 7.702650 7.709806 33.242133 6.547157 6.550156 7.678420 7.683773 33.183303 6.536305 6.533390 7.645474 7.677317 33.184252 6.519653 6.517482 7.614960 7.660530 33.129370 6.507293 6.499957 7.583005 7.653354 33.129091 6.491960 6.485921 7.549039 7.645091 33.082040 6.478676 6.468861 7.517211 7.612264 33.079008 6.464346 6.456864 7.481854 7.608855 33.041712 6.450442 6.440970 7.451487 7.578251 33.031505 6.435707 6.429663 7.416190 7.578637 33.002541 6.421333 6.415170 7.388884 7.553288 32.984230 6.405218 6.404976 7.355308 7.556483 32.963803 6.389457 6.392169 7.330616 7.537788 32.942051 6.373480 6.383760 7.298909 7.542846 32.929690 6.356153 6.372722 7.275247 7.608035 32.912360 6.339721 6.365700 7.244701 7.619216 32.904498 6.320125 6.354422 7.220898 7.593059 32.896806 6.301349 6.347826 7.189975 7.593310 32.896099 6.280958 6.333743 7.166367 7.570059 32.900376 6.257869 6.328987 7.134510 7.558614 32.908493 6.237948 6.314202 7.112318 7.540633 32.926125 6.212873 6.310719 7.080640 7.521129 32.942140 6.193809 6.297080 7.060447 7.507918 32.970204 6.167353 6.294582 7.030384 7.486268 32.989097 6.149106 6.284001 7.012003 7.476284 33.023326 6.122023 6.281858 6.984748 7.457240 33.037285 6.103867 6.273169 6.967928 7.449506 33.076957 6.078126 6.273113 6.943862 7.432280 33.084164 6.059802 6.266228 6.928674 7.427039 33.130637 6.037787 6.268392 6.907151 7.408562 33.132177 6.019309 6.263328 6.892679 7.405581 33.185799 6.003410 6.266513 6.873967 7.388479 33.184878 5.985518 6.263245 6.859799 7.387640 33.244100 5.974823 6.268619 6.841734 7.372830 33.244087 5.957205 6.267626 6.831112 7.373809 33.307092 5.950935 6.276789 6.813160 7.361296 33.313821 5.932042 6.277654 6.808364 7.564373 33.380240 5.930516 6.289425 6.791904 7.565988 33.396215 5.910758 6.291180 6.792268 7.771037 33.464862 5.913970 6.303555 6.778786 7.813787 33.492010 5.893901 6.305970 6.782214 8.018557 33.557724 5.899993 6.317015 6.770751 8.076680 33.600819 5.881246 6.321282 6.776405 8.267834 33.656787 5.890580 6.330802 6.765431 8.337842 33.717132 5.874531 6.336361 6.776485 8.501687 33.765068 5.887794 6.343246 6.766544 8.580625 33.838258 5.873416 6.349123 6.783287 8.719568 33.883341 5.890125 6.354280 6.776203 8.723850 33.961357 5.878457 6.360588 6.798152 8.845739 34.006802 5.897537 6.368275 6.795533 8.950190 34.083868 5.891074 6.376149 6.822872 9.051638 34.128190 5.911935 6.386151 6.825012 9.167488 34.200652 5.913403 6.394481 6.859329 9.034750 34.239626 5.935988 6.407067 6.865709 9.146114 34.304089 5.943757 6.416571 6.908101 9.012875 34.334814 5.967537 6.430366 6.918772 9.120145 34.392039 5.981505 6.441351 6.968839 8.985142 34.413167 6.006336 6.456671 6.984522 9.089430 34.465804 6.026189 6.469739 7.041529 8.953486 34.474975 6.051959 6.484709 7.062949 9.055218 34.522679 6.076064 6.497990 7.125976 8.917669 34.519354 6.101617 6.512941 7.153495 9.016074 34.559676 6.127621 6.526061 7.222967 8.877787 34.543009 6.152071 6.539048 7.258082 8.972781 34.574212 6.177261 6.552896 7.334875 8.834710 34.545855 6.197841 6.562987 7.378736 8.925991 34.567994 6.222475 6.576010 7.464297 8.790094 34.532841 6.238246 6.584140 7.514493 8.877632 34.546445 6.262474 6.594188 7.609603 8.746321 34.509935 6.272384 6.601313 7.664476 8.617116 34.514123 6.295277 6.609034 7.769989 8.503835 34.478989 6.300590 6.615270 7.830734 8.344586 34.473726 6.321541 6.622378 7.946679 8.251161 34.443372 6.322641 6.628321 8.016031 8.060929 34.433011 6.342964 6.636733 8.142939 7.986719 35.322130 6.337895 6.642576 8.222693 7.777995 35.370246 6.356518 6.652542 8.355412 7.721700 36.231589 6.343401 6.657158 8.443040 7.509106 36.337811 6.358614 6.669893 8.578146 7.468999 37.175919 6.335558 6.670203 8.673582 7.251895 37.336622 6.346689 6.684792 8.807345 7.226489 38.152245 6.315588 6.679433 8.910970 7.003397 38.365891 6.322635 6.691193 9.044229 6.991415 39.152058 6.287607 6.680645 9.155725 6.761203 39.421728 6.290225 6.689048 9.284362 6.762372 40.153199 6.254831 6.676357 9.401609 6.753085 40.483823 6.252174 6.680601 9.523034 6.754956 41.089163 6.218219 6.666840 9.644075 6.747075 41.480585 6.210107 6.667825 10.200128 6.749641 41.968657 6.177693 6.653262 10.352017 6.744926 42.419746 6.163571 6.650228 10.859745 6.748556 42.812154 6.134466 6.634630 11.041377 6.746692 43.324057 6.113852 6.629031 11.496265 6.750501 43.645963 6.089675 6.613921 11.706381 6.752603 44.219701 6.063376 6.605282 12.108866 6.757421 44.482020 6.045527 6.591855 12.344762 6.763185 45.119875 6.014419 6.582169 12.699928 6.768560 45.328686 6.004789 6.570060 12.958451 6.777496 46.030970 5.972143 6.560412 13.265491 6.782180 46.189825 5.971591 6.547840 13.542505 6.792582 46.953539 5.939154 6.537441 13.796894 6.939710 47.065194 5.946956 6.523201 14.088490 6.958108 47.886407 5.916706 6.511194 14.292800 7.096457 47.948577 5.930864 6.495627 14.594963 7.121778 48.825560 5.902443 6.481914 14.756380 7.248164 48.834999 5.921227 6.464942 15.066040 7.278902 49.764830 5.895039 6.448788 15.194152 7.392347 49.718277 5.920598 6.431430 15.507945 7.429409 49.728917 5.899587 6.412391 15.610584 7.535033 49.682850 5.931467 6.393950 15.931314 7.579662 49.662211 5.918837 6.372883 16.012750 7.681820 49.618044 5.957776 6.353594 16.342307 7.735229 49.557569 5.957220 6.333495 16.403837 7.837496 49.517633 6.002917 6.312736 16.744855 7.901090 49.412347 6.014476 6.295177 16.785059 8.002010 49.381148 6.065607 6.275167 17.135601 8.077154 49.234298 6.086761 6.260373 17.153889 8.174928 49.221671 6.141720 6.241671 17.517098 8.262044 49.056980 6.170044 6.227195 17.516388 8.353866 49.071318 6.226772 6.209565 17.894548 8.451927 48.964863 6.261261 6.194747 17.878797 8.535700 49.005421 6.318074 6.177176 17.802661 8.644762 48.957147 6.359263 6.161984 17.801887 8.718475 49.016905 6.414624 6.143208 17.728043 8.837965 49.012293 6.461238 6.128092 17.738933 12.267506 49.086407 6.513145 6.108653 17.674211 12.608509 49.104529 6.563788 6.092184 17.692464 15.816406 49.189839 6.610262 6.073775 17.638954 16.377774 49.221759 6.663407 6.054822 17.664689 18.431215 49.314972 6.704237 6.036908 17.619820 19.154756 49.355305 6.757583 6.015694 17.655373 18.569606 49.451600 6.794270 5.999227 17.622700 19.301636 49.496606 6.846239 5.977511 17.673298 18.707009 49.591753 6.880243 5.963413 17.661184 19.295338 49.638008 6.930771 5.942666 17.731501 18.702012 49.729215 6.961825 5.930643 17.742109 19.289010 49.778335 7.012102 5.910899 17.835540 18.698457 49.864444 7.038957 5.900232 17.866571 19.287714 49.919345 7.090032 5.881909 17.982559 20.061586 49.997944 7.113012 5.873326 18.028722 20.739968 50.061976 7.161978 5.855802 18.165333 21.422588 50.126161 7.182271 5.851277 18.222365 22.184937 50.199935 7.228566 5.835800 18.377659 22.778877 50.242182 7.247536 5.836088 18.444030 23.620284 50.325358 7.289207 5.823033 18.617607 24.132212 50.342728 7.306508 5.827538 18.694438 25.048364 50.434232 7.342286 5.817972 18.880183 25.481354 50.427240 7.360140 5.826677 18.970924 26.472893 50.523820 7.389917 5.818655 19.146331 26.820128 50.492576 7.410053 5.830971 19.252571 27.887678 50.584635 7.434365 5.824004 19.390757 26.625717 50.527724 7.456679 5.838305 19.508616 27.675885 50.604411 
Body_Wave_Number_All
1.825848 1.624235 0.667551 1.949148 1.904497 1.825848 1.624235 0.667551 1.949148 1.904497 1.824774 1.622889 0.659994 1.947810 1.902720 1.824774 1.622889 0.659994 1.947810 1.902720 1.823274 1.624449 0.654140 1.946568 1.901570 1.823274 1.624449 0.654140 1.946568 1.901570 1.821676 1.626660 0.649898 1.945449 1.901038 1.821676 1.626660 0.649898 1.945449 1.901038 1.820014 1.628234 0.647063 1.944443 1.901078 1.820014 1.628234 0.647063 1.944443 1.901078 1.818345 1.628344 0.645392 1.943554 1.901301 1.818345 1.628344 0.645392 1.943554 1.901301 1.816848 1.626731 0.644690 1.942798 1.901320 1.816848 1.626731 0.644690 1.942798 1.901320 1.814922 1.623814 0.644965 1.941897 1.901059 1.814922 1.623814 0.644965 1.941897 1.901059 1.812526 1.620561 0.646249 1.940756 1.900501 1.810012 1.618039 0.639872 1.939480 1.898763 1.807680 1.615940 0.642334 1.938344 1.898107 1.805850 1.612732 0.636675 1.937168 1.896615 1.803782 1.612017 0.640128 1.936025 1.895823 1.802604 1.608555 0.635567 1.934887 1.894568 1.800725 1.609263 0.639646 1.933701 1.893667 1.799809 1.606489 0.636456 1.932574 1.892663 1.798028 1.608608 0.640780 1.931324 1.891694 1.796950 1.607205 0.639126 1.930198 1.890930 1.795126 1.610458 0.643292 1.928860 1.889873 1.793678 1.610853 0.643403 1.927763 1.889402 1.791849 1.615088 0.646808 1.926288 1.888258 1.789768 1.616999 0.648369 1.925211 1.888074 1.787953 1.622352 0.650537 1.923588 1.886808 1.785659 1.625308 0.653502 1.922514 1.886806 1.783870 1.631798 0.654193 1.920784 1.885507 1.781515 1.635405 0.658248 1.919709 1.885528 1.779739 1.642909 0.657643 1.917934 1.884175 1.777528 1.644917 0.661747 1.916819 1.884016 1.775798 1.653019 0.660290 1.915050 1.882734 1.773768 1.653829 0.664333 1.913856 1.882275 1.772280 1.662314 0.662372 1.912141 1.881102 1.770291 1.663022 0.666069 1.910829 1.880221 1.769119 1.671909 0.663998 1.909189 1.879302 1.767185 1.673459 0.667182 1.907740 1.877911 1.766360 1.682821 0.665507 1.906222 1.877208 1.764467 1.686136 0.668121 1.904611 1.875521 1.763874 1.695499 0.667134 1.903180 1.875084 1.761873 1.701209 0.669150 1.901365 1.873427 1.761307 1.709923 0.668725 1.900050 1.873310 1.759762 1.718039 0.669952 1.898279 1.871820 1.759178 1.726022 0.669864 1.897217 1.872063 1.758240 1.735867 0.670056 1.895637 1.870844 1.757462 1.741550 0.670208 1.894948 1.871128 1.756655 1.751500 0.669488 1.893371 1.870098 1.755956 1.755140 0.669842 1.893135 1.870432 1.755035 1.764800 0.668246 1.891598 1.869637 1.754530 1.767200 0.668822 1.891747 1.870240 1.753521 1.776363 0.666566 1.890310 1.869677 1.753211 1.778572 0.667117 1.890711 1.870693 1.752191 1.787075 0.664440 1.889423 1.870350 1.752084 1.789756 0.664807 1.889992 1.871617 1.751218 1.797708 0.661985 1.888901 1.871534 1.751392 1.800621 0.662106 1.889495 1.872892 1.750693 1.807982 0.659657 1.888670 1.873075 1.751229 1.810265 0.659683 1.889167 1.874439 1.750749 1.816656 0.658087 1.888638 1.874931 1.751783 1.818979 0.658202 1.888926 1.876266 1.751566 1.824187 0.657762 1.888666 1.876987 1.753142 1.826901 0.657763 1.888669 1.878311 1.753256 1.830896 0.658376 1.888616 1.879297 1.755331 1.833734 0.657905 1.888256 1.880608 1.755781 1.836928 0.659213 1.888350 1.881757 1.758249 1.839810 0.658981 1.887709 1.882981 1.758861 1.842419 0.660730 1.887896 1.884273 1.761741 1.899591 0.661397 1.886876 1.885390 1.762452 1.904934 0.663305 1.887122 1.886690 1.765613 1.961211 0.664605 1.885777 1.887818 1.766391 1.969248 0.666224 1.886018 1.889184 1.769735 2.025709 0.667763 1.884448 1.890362 1.770694 2.036984 0.668790 1.884708 1.891755 1.774179 2.093625 0.670484 1.883208 1.892915 1.775550 2.108892 0.671020 1.883471 1.894259 1.779251 2.090479 0.672397 1.882091 1.895339 1.781089 2.105274 0.672643 1.882207 1.896551 1.785039 2.188764 0.673059 1.881133 1.897665 1.787541 2.211032 0.673085 1.880958 1.899039 1.791569 2.289957 0.672090 1.880384 1.900267 1.794494 2.319743 0.671875 1.879824 1.901798 1.798418 2.395063 0.669589 1.879892 1.902984 1.801666 2.431903 0.669061 1.879002 1.904427 1.805415 2.503709 0.665930 1.879766 1.905329 1.808988 2.546822 0.665306 1.878682 1.906477 1.812618 2.614365 0.662002 1.879881 1.907164 1.816508 2.663223 0.661460 1.878680 1.908118 1.820170 2.726224 0.658641 1.879945 1.908640 1.824294 2.781161 0.658304 1.878755 1.909516 1.828089 2.839154 0.656203 1.879891 1.909899 1.832357 2.901177 0.655960 1.878814 1.910751 1.836293 2.952925 0.654142 1.879820 1.911126 1.840542 3.021474 0.653772 1.878963 1.911970 1.844466 3.065632 0.651603 1.879912 1.912416 1.848598 3.140339 0.651216 1.879361 1.913224 1.852341 3.176682 0.647681 1.880243 1.913804 1.856330 3.257778 0.647513 1.880103 1.914568 1.859833 3.154516 0.641686 1.880827 1.915121 1.863714 3.233803 0.640836 1.881038 1.915906 1.867024 3.129629 0.632686 1.881622 1.916384 1.870724 3.149334 0.630225 1.882314 1.917203 1.873893 3.047698 0.621555 1.882939 1.917666 1.877500 3.059327 0.617564 1.884105 1.918404 1.880473 2.962153 0.610294 1.884728 1.919003 1.884050 2.964220 0.605163 1.886316 1.919615 1.886676 2.873713 0.599585 1.886720 1.920599 1.890222 2.865828 0.593460 1.888439 1.921169 1.892236 2.781730 0.588845 1.888519 1.922455 1.895597 2.843345 0.582245 1.890301 1.923070 1.896772 2.760894 0.577483 1.890075 1.924044 1.899805 2.713162 0.571094 1.891709 1.924579 1.900020 2.638469 0.565629 1.891159 1.925201 1.902770 2.581325 0.559971 1.892406 1.925531 1.901975 2.550132 0.553478 1.891623 1.925776 1.904523 2.484505 0.548507 1.892289 1.926015 1.902803 2.459509 0.541527 1.891329 1.926106 1.905140 2.384941 0.536883 1.891288 1.926502 1.902610 2.366626 0.530553 1.890366 1.926457 1.904604 2.283599 0.525641 1.889822 1.926976 1.901160 2.271983 0.520146 1.889255 1.926859 1.902560 2.180593 0.514309 1.888571 1.927476 1.898017 2.175194 0.509355 1.888554 1.927172 1.898593 2.075703 0.502278 1.887959 1.927869 1.892833 2.076431 0.497190 1.888365 1.927584 1.892431 1.969902 0.489199 1.887893 1.928238 1.885656 1.976567 0.484000 1.888476 1.928155 1.884307 1.864342 0.475694 1.888062 1.928693 1.876528 1.876217 0.471573 1.888658 1.928416 1.874297 1.758596 0.464101 1.888302 1.928749 1.865578 1.774929 0.461263 1.888940 1.928099 1.862434 1.791967 0.455814 1.888723 1.928357 1.852776 1.803966 0.454330 1.889418 1.927499 1.848575 1.825286 0.451333 1.889321 1.927715 1.838064 1.833171 0.451028 1.890018 1.926784 1.832655 1.858898 0.449039 1.889836 1.926891 1.821366 1.863052 0.448626 1.890528 1.925871 1.814698 1.891533 0.445792 1.890269 1.925701 1.803014 1.892330 0.446396 1.890952 1.924684 1.795159 1.921501 0.442400 1.890813 1.923955 1.783181 1.919186 0.444534 1.891624 1.923132 1.774351 1.949375 0.440130 1.891738 1.921887 1.762242 1.943644 0.444098 1.892578 1.921436 1.752659 1.975017 0.440524 1.892960 1.920300 1.740387 1.965792 0.445807 1.893517 1.920169 1.730196 1.998443 0.443784 1.894215 1.919232 1.718232 1.985380 0.448733 1.894410 1.919370 1.707544 1.981276 0.448679 1.895366 1.918724 1.696252 1.966800 0.450041 1.895269 1.919069 1.685063 1.961001 0.451303 1.896475 1.918539 1.669922 1.944861 0.449646 1.896275 1.919045 1.657910 1.936816 0.450919 1.897566 1.918627 1.644561 1.919054 0.448674 1.897375 1.919165 1.631968 1.908612 0.449701 1.898450 1.918801 1.620422 1.890242 0.448778 1.898170 1.919214 1.607615 1.877832 0.449945 1.898788 1.919021 1.597794 1.861417 0.449852 1.898111 1.919193 1.585114 1.847251 0.451981 1.898314 1.918953 1.576917 1.834155 0.452345 1.897202 1.918982 1.564395 1.818590 0.455565 1.897163 1.918491 1.557854 1.807605 0.456093 1.895880 1.918678 1.545715 1.791441 0.459247 1.895735 1.918347 1.540686 1.776851 0.459830 1.894430 1.918795 1.529099 1.760637 0.462578 1.894135 1.918864 1.525280 1.748946 0.462706 1.892742 1.919380 1.514470 1.733508 0.464714 1.892254 1.919730 1.511441 1.724970 0.464305 1.890664 1.920111 1.501538 1.710323 0.465440 1.890007 1.920625 1.498836 1.704836 0.464555 1.887892 1.920691 1.489966 1.690793 0.465965 1.887035 1.921388 1.487546 1.687435 0.465027 1.884432 1.921071 1.479514 1.673832 0.465588 1.883341 1.921862 1.477469 1.671651 0.465141 1.880199 1.921382 1.470340 1.658495 0.464295 1.878674 1.922096 1.468663 1.656817 0.464927 1.875189 1.921697 1.462423 1.644621 0.462261 1.873262 1.922164 1.461104 1.643315 0.464436 1.869413 1.921918 1.455921 1.632385 0.460316 1.867349 1.922158 1.454858 1.631561 0.463978 1.863394 1.922089 1.450360 1.622511 0.459982 1.861260 1.922121 1.449381 1.622393 0.465144 1.857343 1.922339 1.445243 1.615343 0.464725 1.855070 1.922199 1.444279 1.616163 0.471500 1.851292 1.922768 1.445317 1.611759 0.474523 1.848680 1.922495 1.444143 1.613690 0.482816 1.845144 1.923491 1.444966 1.612367 0.487196 1.842070 1.923223 1.443777 1.645349 0.496966 1.838795 1.924477 1.444283 1.648413 0.500901 1.835365 1.924392 1.443286 1.676870 0.512247 1.832447 1.925826 1.443451 1.681750 0.516240 1.829020 1.926068 1.442817 1.697877 0.529216 1.826437 1.927733 1.442632 1.702455 0.533657 1.823127 1.928251 1.442228 1.707041 0.547760 1.820819 1.930070 1.441542 1.711741 0.552961 1.817411 1.930595 1.440825 1.716089 0.567062 1.815372 1.932205 1.439613 1.726881 0.573182 1.811736 1.932594 1.437955 1.730357 0.586145 1.810076 1.934049 1.436316 1.740887 0.593731 1.806302 1.934449 1.433288 1.743266 0.605030 1.805133 1.935784 1.431432 1.752947 0.614235 1.801378 1.936383 1.426645 1.750455 0.623769 1.800644 1.937657 1.424835 1.758794 0.634604 1.797306 1.938651 1.417802 1.756072 0.642041 1.796900 1.939687 1.415863 1.763720 0.654042 1.794033 1.941168 1.406497 1.759287 0.659285 1.793797 1.941809 1.404106 1.766945 0.671866 1.791539 1.943565 1.392352 1.760457 0.674378 1.791330 1.943788 1.389261 1.768613 0.686835 1.789573 1.945567 1.375570 1.761761 0.686517 1.789075 1.945306 1.371543 1.770471 0.698223 1.787904 1.947014 1.357518 1.765626 0.694558 1.786807 1.946240 1.352497 1.774829 0.705307 1.785976 1.947818 1.340638 1.753631 0.698222 1.784218 1.946656 1.334821 1.761952 0.707627 
Asymmetry_All
-0.066943 -0.318630 0.093915 -0.129076 0.046989 -0.067094 -0.318472 0.088674 -0.129371 0.046501 -0.067235 -0.318231 0.083432 -0.129713 0.046072 -0.067387 -0.317971 0.078188 -0.130011 0.045675 -0.067550 -0.317693 0.072960 -0.130270 0.045309 -0.067791 -0.317404 0.067745 -0.130519 0.044908 -0.068106 -0.317104 0.062624 -0.130760 0.044475 -0.068495 -0.316864 0.057589 -0.130995 0.044045 -0.068953 -0.316680 0.052781 -0.131224 0.043620 -0.069423 -0.316468 0.048183 -0.131531 0.043158 -0.069903 -0.316229 0.043650 -0.131911 0.042663 -0.070372 -0.316024 0.039178 -0.132288 0.042206 -0.070830 -0.315849 0.034737 -0.132661 0.041787 -0.071229 -0.315716 0.030325 -0.133017 0.041352 -0.071572 -0.315623 0.026255 -0.133357 0.040902 -0.071872 -0.315520 0.022505 -0.133640 0.040510 -0.072130 -0.315407 0.019282 -0.133869 0.040174 -0.072341 -0.315322 0.016553 -0.134090 0.039847 -0.072505 -0.315264 0.014291 -0.134304 0.039528 -0.072645 -0.315195 0.012467 -0.134524 0.039274 -0.072761 -0.315117 0.011034 -0.134752 0.039080 -0.072834 -0.315133 0.009969 -0.134982 0.038896 -0.072867 -0.315240 0.009263 -0.135216 0.038719 -0.072869 -0.315324 0.008898 -0.135506 0.038593 -0.072843 -0.315386 0.008848 -0.135850 0.038515 -0.072773 -0.315439 0.009099 -0.136193 0.038448 -0.072662 -0.315484 0.009504 -0.136536 0.038392 -0.072468 -0.315332 0.010057 -0.136858 0.038372 -0.072195 -0.314991 0.010746 -0.137158 0.038385 -0.071824 -0.314601 0.011566 -0.137379 0.038414 -0.071359 -0.314163 0.012417 -0.137524 0.038458 -0.070898 -0.313696 0.013298 -0.137619 0.038537 -0.070440 -0.313199 0.012567 -0.137665 0.038648 -0.070018 -0.312851 0.011853 -0.137715 0.038734 -0.069630 -0.312646 0.011184 -0.137769 0.038798 -0.069317 -0.312495 0.010412 -0.137832 0.038856 -0.069075 -0.312396 0.009641 -0.137903 0.038909 -0.068887 -0.312353 0.008876 -0.137967 0.038918 -0.068752 -0.312364 0.008065 -0.138024 0.038884 -0.068652 -0.312393 0.007242 -0.138124 0.038856 -0.068586 -0.312441 0.006307 -0.138267 0.038833 -0.068559 -0.312483 0.005594 -0.138418 0.038849 -0.068570 -0.312519 0.005055 -0.138577 0.038902 -0.068569 -0.312551 0.004790 -0.138771 0.038947 -0.068557 -0.312580 0.004782 -0.138998 0.038985 -0.068534 -0.312574 0.004966 -0.139214 0.039052 -0.068499 -0.312534 0.009176 -0.139419 0.039147 -0.068442 -0.312529 0.008825 -0.139650 0.039282 -0.068363 -0.312556 0.008254 -0.139906 0.039455 -0.068280 -0.312594 0.007504 -0.140166 0.039648 -0.068193 -0.312641 0.006639 -0.140429 0.039860 -0.068026 -0.313616 0.005789 -0.140729 0.039927 -0.067856 -0.314494 0.005005 -0.141086 0.039919 -0.067667 -0.315249 0.004334 -0.141502 0.039780 -0.067431 -0.315783 0.003765 -0.141968 0.039469 -0.067176 -0.316110 0.003227 -0.142508 0.039094 -0.066884 -0.316166 0.002653 -0.143061 0.038714 -0.066566 -0.315978 0.002088 -0.143614 0.038333 -0.066261 -0.315707 0.001513 -0.144197 0.038007 -0.066011 -0.315322 0.000969 -0.144798 0.037774 -0.065824 -0.314881 0.000559 -0.145380 0.037692 -0.065672 -0.314401 0.000354 -0.145912 0.037667 -0.065547 -0.313922 0.000350 -0.146411 0.037654 -0.065485 -0.313423 0.000654 -0.146890 0.037691 -0.065441 -0.312878 0.001175 -0.147256 0.037734 -0.065377 -0.312327 0.002022 -0.147544 0.037693 -0.065264 -0.311780 0.003211 -0.147791 0.037605 -0.065105 -0.311115 0.004687 -0.148010 0.037551 -0.064896 -0.310374 0.006444 -0.148228 0.037528 -0.064608 -0.309681 0.008438 -0.148464 0.037521 -0.064287 -0.309040 0.010622 -0.148781 0.037536 -0.063980 -0.308468 0.012957 -0.149109 0.037652 -0.063707 -0.307992 0.015353 -0.149392 0.037837 -0.063446 -0.307702 0.017882 -0.149619 0.038023 -0.063195 -0.307538 0.020627 -0.149806 0.038222 -0.062986 -0.307334 0.021527 -0.149996 0.038372 -0.062809 -0.307123 0.024747 -0.150149 0.038416 -0.062624 -0.306894 0.028250 -0.150277 0.038379 -0.062430 -0.306554 0.032055 -0.150433 0.038274 -0.062252 -0.306137 0.035948 -0.150669 0.038142 -0.062096 -0.305708 0.039852 -0.150972 0.037965 -0.061944 -0.305315 0.043604 -0.151281 0.037760 -0.061803 -0.304942 0.047210 -0.151585 0.037581 -0.061696 -0.304585 0.050669 -0.151892 0.037367 -0.061600 -0.304297 0.053911 -0.152216 0.037080 -0.061495 -0.304047 0.056951 -0.152500 0.036790 -0.061393 -0.303799 0.059771 -0.152717 0.036537 -0.061322 -0.303564 0.062360 -0.152869 0.036336 -0.061256 -0.303541 0.064692 -0.152969 0.036161 -0.061137 -0.303699 0.066772 -0.153083 0.036073 -0.060998 -0.304012 0.068637 -0.153195 0.036101 -0.060870 -0.304500 0.069600 -0.153267 0.036129 -0.060710 -0.305102 0.071126 -0.153331 0.036113 -0.060520 -0.305827 0.072653 -0.153392 0.036063 -0.060311 -0.306415 0.074273 -0.153406 0.036003 -0.060136 -0.306860 0.075957 -0.153343 0.035883 -0.059996 -0.307174 0.077669 -0.153233 0.035757 -0.059859 -0.307346 0.079432 -0.153105 0.035677 -0.059721 -0.307408 0.081218 -0.152937 0.035652 -0.059570 -0.307314 0.082998 -0.152745 0.035709 -0.059441 -0.307136 0.084673 -0.152588 0.035839 -0.059310 -0.306903 0.086130 -0.152406 0.036006 -0.059160 -0.306695 0.087421 -0.152142 0.036143 -0.058990 -0.306518 0.088298 -0.151906 0.036251 -0.058789 -0.306342 0.088859 -0.151745 0.036342 -0.058520 -0.306166 0.088979 -0.151601 0.036413 -0.058147 -0.305989 0.088705 -0.151457 0.036500 -0.057715 -0.305664 0.088103 -0.151391 0.036614 -0.057221 -0.305152 0.087191 -0.151402 0.036735 -0.056677 -0.304472 0.086126 -0.151428 0.036970 -0.056117 -0.303672 0.085102 -0.151419 0.037345 -0.055547 -0.302815 0.084134 -0.151402 0.037829 -0.054983 -0.301864 0.083369 -0.151423 0.038379 -0.054387 -0.300871 0.082770 -0.151461 0.038985 -0.053790 -0.299828 0.082298 -0.151527 0.039679 -0.053226 -0.298735 0.083368 -0.151596 0.040319 -0.052687 -0.297625 0.083344 -0.151696 0.040859 -0.052201 -0.296467 0.083256 -0.151853 0.041243 -0.051774 -0.295235 0.083148 -0.152037 0.041503 -0.051383 -0.293996 0.083092 -0.152222 0.041688 -0.051016 -0.292777 0.083143 -0.152398 0.041762 -0.050603 -0.291566 0.083257 -0.152553 0.041803 -0.050157 -0.290287 0.083520 -0.152691 0.041846 -0.049691 -0.288919 0.083893 -0.152795 0.041958 -0.049198 -0.287542 0.084443 -0.152826 0.042107 -0.048699 -0.286190 0.085097 -0.152800 0.042257 -0.048206 -0.284852 0.085892 -0.152756 0.042434 -0.047743 -0.283549 0.086716 -0.152697 0.042595 -0.047342 -0.282427 0.087489 -0.152640 0.042720 -0.047003 -0.281533 0.088101 -0.152593 0.042812 -0.046744 -0.280760 0.088556 -0.152602 0.042884 -0.046555 -0.280064 0.088908 -0.152655 0.042910 -0.046359 -0.279432 0.089215 -0.152732 0.042874 -0.046177 -0.278805 0.089518 -0.152848 0.042779 -0.045983 -0.278038 0.089879 -0.152960 0.042671 -0.045776 -0.277123 0.090338 -0.153077 0.042559 -0.045522 -0.276131 0.090863 -0.153197 0.042427 -0.045216 -0.275077 0.091378 -0.153340 0.042338 -0.044873 -0.273956 0.091804 -0.153518 0.042326 -0.044488 -0.272805 0.092107 -0.153731 0.042433 -0.044074 -0.271656 0.093117 -0.153933 0.042618 -0.043582 -0.270465 0.092971 -0.154094 0.042811 -0.043009 -0.269254 0.092690 -0.154244 0.042982 -0.042395 -0.268035 0.092180 -0.154385 0.043170 -0.041782 -0.266806 0.091469 -0.154490 0.043415 -0.041148 -0.265526 0.090675 -0.154544 0.043577 -0.040493 -0.264223 0.089055 -0.154588 0.043620 -0.039834 -0.262952 0.088072 -0.154604 0.043659 -0.039180 -0.261647 0.086024 -0.154554 0.043680 -0.038537 -0.260351 0.085033 -0.154444 0.043624 -0.037890 -0.259085 0.084008 -0.154293 0.043508 -0.037225 -0.257904 0.081543 -0.154106 0.043442 -0.036564 -0.256815 0.080171 -0.153898 0.043477 -0.035899 -0.255792 0.078481 -0.153678 0.043549 -0.035246 -0.254863 0.074450 -0.153447 0.043715 -0.034595 -0.253955 0.072061 -0.153189 0.044002 -0.033919 -0.253053 0.069202 -0.152880 0.044303 -0.033233 -0.252180 0.065910 -0.152552 0.044535 -0.032528 -0.251311 0.059664 -0.152217 0.044696 -0.031828 -0.250459 0.055827 -0.151876 0.044784 -0.031093 -0.249659 0.052065 -0.151541 0.044764 -0.030311 -0.248925 0.048459 -0.151233 0.044644 -0.029511 -0.248241 0.045172 -0.150986 0.044520 -0.028695 -0.247540 0.041577 -0.150784 0.044397 -0.027829 -0.246845 0.039345 -0.150614 0.044235 -0.026915 -0.246126 0.037160 -0.150463 0.044075 -0.025990 -0.245347 0.034925 -0.150297 0.044006 -0.025071 -0.244506 0.033430 -0.150118 0.044040 -0.024157 -0.243725 0.031455 -0.149914 0.044097 -0.023265 -0.243005 0.029487 -0.149645 0.044245 -0.022425 -0.242225 0.027545 -0.149292 0.044495 -0.021604 -0.241489 0.028148 -0.148911 0.044755 -0.020759 -0.240781 0.026678 -0.148572 0.044946 -0.019890 -0.239997 0.025210 -0.148223 0.045061 -0.019020 -0.239045 0.023818 -0.147875 0.045170 -0.018146 -0.237935 0.022370 -0.147605 0.045309 -0.017236 -0.236833 0.020867 -0.147369 0.045536 -0.016363 -0.235655 0.019208 -0.147123 0.045906 -0.015567 -0.234409 0.014773 -0.146855 0.046393 -0.014813 -0.233213 0.013061 -0.146586 0.046893 -0.014073 -0.232031 0.011272 -0.146263 0.047364 -0.013323 -0.230874 0.009506 -0.145900 0.047729 -0.012580 -0.229695 0.007877 -0.145560 0.047969 -0.011842 -0.228485 0.006489 -0.145266 0.048141 -0.011086 -0.227250 0.005337 -0.145014 0.048308 -0.010334 -0.226014 0.004254 -0.144822 0.048549 -0.009606 -0.224808 0.003159 -0.144746 0.048793 -0.008929 -0.223633 0.002008 -0.144676 0.049061 -0.008276 -0.222475 0.000717 -0.144609 0.049341 -0.007590 -0.221320 -0.000849 -0.144527 0.049628 -0.006931 -0.220197 -0.002642 -0.144361 0.049861 -0.006304 -0.219073 -0.004541 -0.144104 0.050057 -0.005677 -0.217925 -0.006435 -0.143792 0.050329 -0.005131 -0.216767 -0.008423 -0.143492 0.050611 -0.004665 -0.215591 -0.010560 -0.143196 0.050892 -0.004302 -0.214400 -0.012862 -0.142904 0.051070 -0.003992 -0.213197 -0.015298 -0.142646 0.051192 -0.003738 -0.211990 -0.017885 -0.142426 0.051297 -0.003575 -0.210786 -0.022823 -0.142214 0.051333 -0.003435 -0.209571 -0.025821 -0.142010 0.051354 -0.003334 -0.208387 -0.028851 -0.141795 0.051333 -0.003259 -0.207226 -0.031785 -0.141543 0.051294 -0.003235 -0.206059 -0.034628 -0.141313 0.051272 -0.003245 -0.204916 -0.037213 -0.141115 0.051262 -0.003288 -0.203791 -0.039614 -0.140839 0.051264 -0.003369 -0.202698 -0.041887 -0.140415 0.051290 -0.003522 -0.201638 -0.043962 -0.139902 0.051342 -0.003742 -0.200145 -0.045929 -0.139370 0.051441 -0.003986 -0.199205 -0.047801 -0.138742 0.051575 -0.004265 -0.198943 -0.049604 -0.137977 0.051705 -0.004570 -0.198846 -0.051238 -0.137137 0.051724 -0.004885 -0.199219 -0.052594 -0.136328 0.051666 -0.005203 -0.199537 -0.053600 -0.135521 0.051561 -0.005546 -0.199832 -0.054286 -0.134698 0.051404 -0.005951 -0.200174 -0.054493 -0.133878 0.051206 -0.006399 -0.200612 -0.054338 -0.133053 0.050943 -0.006857 -0.200028 -0.053705 -0.132246 0.050755 -0.007323 -0.200388 -0.052669 
Reverse_Swimming_All
0.000000 0.000000 0.000000 0.000000 0.000000 0.000000 0.000000 0.000000 0.000000 0.000000 0.000000 0.000000 0.000000 0.000000 0.000000 0.000000 0.000000 0.000000 0.000000 0.000000 0.000000 0.000000 0.000000 0.000000 0.000000 0.000000 0.000000 0.000000 0.000000 0.000000 0.000000 0.000000 0.000000 0.000000 0.000000 0.000000 0.000000 0.000000 0.000000 0.000000 0.000000 0.000000 0.000000 0.000000 0.000000 0.000000 0.000000 0.000000 0.000000 0.000000 0.000000 0.000000 0.000000 0.000000 0.000000 0.000000 0.000000 0.000000 0.000000 0.000000 0.000000 0.000000 0.000000 0.000000 0.000000 0.000000 0.000000 0.000000 0.000000 0.000000 0.000000 0.000000 0.000000 0.000000 0.000000 0.000000 0.000000 0.000000 0.000000 0.000000 0.000000 0.000000 0.000000 0.000000 0.000000 0.000000 0.000000 0.000000 0.000000 0.000000 0.000000 0.000000 0.000000 0.000000 0.000000 0.000000 0.000000 0.000000 0.000000 0.000000 0.000000 0.000000 0.000000 0.000000 0.000000 0.000000 0.000000 0.000000 0.000000 0.000000 0.000000 0.000000 0.000000 0.000000 0.000000 0.000000 0.000000 0.000000 0.000000 0.000000 0.000000 0.000000 0.000000 0.000000 0.000000 0.000000 0.000000 0.000000 0.000000 0.000000 0.000000 0.000000 0.000000 0.000000 0.000000 0.000000 0.000000 0.000000 0.000000 0.000000 0.000000 0.000000 0.000000 0.000000 0.000000 0.000000 0.000000 0.000000 0.000000 0.000000 0.000000 0.000000 0.000000 0.000000 0.000000 0.000000 0.000000 0.000000 0.000000 0.000000 0.000000 0.000000 0.000000 0.000000 0.000000 0.000000 0.000000 0.000000 0.000000 0.000000 0.000000 0.000000 0.000000 0.000000 0.000000 0.000000 0.000000 0.000000 0.000000 0.000000 0.000000 0.000000 0.000000 0.000000 0.000000 0.000000 0.000000 0.000000 0.000000 0.000000 0.000000 0.000000 0.000000 0.000000 0.000000 0.000000 0.000000 0.000000 0.000000 0.000000 0.000000 0.000000 0.000000 0.000000 0.000000 0.000000 0.000000 0.000000 0.000000 0.000000 0.000000 0.000000 0.000000 0.000000 0.000000 0.000000 0.000000 0.000000 0.000000 0.000000 0.000000 0.000000 0.000000 0.000000 0.000000 0.000000 0.000000 0.000000 0.000000 0.000000 0.000000 0.000000 0.000000 0.000000 0.000000 0.000000 0.000000 0.000000 0.000000 0.000000 0.000000 0.000000 0.000000 0.000000 0.000000 0.000000 0.000000 0.000000 0.000000 0.000000 0.000000 0.000000 0.000000 0.000000 0.000000 0.000000 0.000000 0.000000 0.000000 0.000000 0.000000 0.000000 0.000000 0.000000 0.000000 0.000000 0.000000 0.000000 0.000000 0.000000 0.000000 0.000000 0.000000 0.000000 0.000000 0.000000 0.000000 0.000000 0.000000 0.000000 0.000000 0.000000 0.000000 0.000000 0.000000 0.000000 0.000000 0.000000 0.000000 0.000000 0.000000 0.000000 0.000000 0.000000 0.000000 0.000000 0.000000 0.000000 0.000000 0.000000 0.000000 0.000000 0.000000 0.000000 0.000000 0.000000 0.000000 0.000000 0.000000 0.000000 0.000000 0.000000 0.000000 0.000000 0.000000 0.000000 0.000000 0.000000 0.000000 0.000000 0.000000 0.000000 0.000000 0.000000 0.000000 0.000000 0.000000 0.000000 0.000000 0.000000 0.000000 0.000000 0.000000 0.000000 0.000000 0.000000 0.000000 0.000000 0.000000 0.000000 0.000000 0.000000 0.000000 0.000000 0.000000 0.000000 0.000000 0.000000 0.000000 0.000000 0.000000 0.000000 0.000000 0.000000 0.000000 0.000000 0.000000 0.000000 0.000000 0.000000 0.000000 0.000000 0.000000 0.000000 0.000000 0.000000 0.000000 0.000000 0.000000 0.000000 0.000000 0.000000 0.000000 0.000000 0.000000 0.000000 0.000000 0.000000 0.000000 0.000000 0.000000 0.000000 0.000000 0.000000 0.000000 0.000000 0.000000 0.000000 0.000000 0.000000 0.000000 0.000000 0.000000 0.000000 0.000000 0.000000 0.000000 0.000000 0.000000 0.000000 0.000000 0.000000 0.000000 0.000000 0.000000 0.000000 0.000000 0.000000 0.000000 0.000000 0.000000 0.000000 0.000000 0.000000 0.000000 0.000000 0.000000 0.000000 0.000000 0.000000 0.000000 0.000000 0.000000 0.000000 0.000000 0.000000 0.000000 0.000000 0.000000 0.000000 0.000000 0.000000 0.000000 0.000000 0.000000 0.000000 0.000000 0.000000 0.000000 0.000000 0.000000 0.000000 0.000000 0.000000 0.000000 0.000000 0.000000 0.000000 0.000000 0.000000 0.000000 0.000000 0.000000 0.000000 0.000000 0.000000 0.000000 0.000000 0.000000 0.000000 0.000000 0.000000 0.000000 0.000000 0.000000 0.000000 0.000000 0.000000 0.000000 0.000000 0.000000 0.000000 0.000000 0.000000 0.000000 0.000000 0.000000 0.000000 0.000000 0.000000 0.000000 0.000000 0.000000 0.000000 0.000000 0.000000 0.000000 0.000000 0.000000 0.000000 0.000000 0.000000 0.000000 0.000000 0.000000 0.000000 0.000000 0.000000 0.000000 0.000000 0.000000 0.000000 0.000000 0.000000 0.000000 0.000000 0.000000 0.000000 0.000000 0.000000 0.000000 0.000000 0.000000 0.000000 0.000000 0.000000 0.000000 0.000000 0.000000 0.000000 0.000000 0.000000 0.000000 0.000000 0.000000 0.000000 0.000000 0.000000 0.000000 0.000000 0.000000 0.000000 0.000000 0.000000 0.000000 0.000000 0.000000 0.000000 0.000000 0.000000 0.000000 0.000000 0.000000 0.000000 0.000000 0.000000 0.000000 0.000000 0.000000 0.000000 0.000000 0.000000 0.000000 0.000000 0.000000 0.000000 0.000000 0.000000 0.000000 0.000000 0.000000 0.000000 0.000000 0.000000 0.000000 0.000000 0.000000 0.000000 0.000000 0.000000 0.000000 0.000000 0.000000 0.000000 0.000000 0.000000 0.000000 0.000000 0.000000 0.000000 0.000000 0.000000 0.000000 0.000000 0.000000 0.000000 0.000000 0.000000 0.000000 0.000000 0.000000 0.000000 0.000000 0.000000 0.000000 0.000000 0.000000 0.000000 0.000000 0.000000 0.000000 0.000000 0.000000 0.000000 0.000000 0.000000 0.000000 0.000000 0.000000 0.000000 0.000000 0.000000 0.000000 0.000000 0.000000 0.000000 0.000000 0.000000 0.000000 0.000000 0.000000 0.000000 0.000000 0.000000 0.000000 0.000000 0.000000 0.000000 0.000000 0.000000 0.000000 0.000000 0.000000 0.000000 0.000000 0.000000 0.000000 0.000000 0.000000 0.000000 0.000000 0.000000 0.000000 0.000000 0.000000 0.000000 0.000000 0.000000 0.000000 0.000000 0.000000 0.000000 0.000000 0.000000 0.000000 0.000000 0.000000 0.000000 0.000000 0.000000 0.000000 0.000000 0.000000 0.000000 0.000000 0.000000 0.000000 0.000000 0.000000 0.000000 0.000000 0.000000 0.000000 0.000000 0.000000 0.000000 0.000000 0.000000 0.000000 0.000000 0.000000 0.000000 0.000000 0.000000 0.000000 0.000000 0.000000 0.000000 0.000000 0.000000 0.000000 0.000000 0.000000 0.000000 0.000000 0.000000 0.000000 0.000000 0.000000 0.000000 0.000000 0.000000 0.000000 0.000000 0.000000 0.000000 0.000000 0.000000 0.000000 0.000000 0.000000 0.000000 0.000000 0.000000 0.000000 0.000000 0.000000 0.000000 0.000000 0.000000 0.000000 0.000000 0.000000 0.000000 0.000000 0.000000 0.000000 0.000000 0.000000 0.000000 0.000000 0.000000 0.000000 0.000000 0.000000 0.000000 0.000000 0.000000 0.000000 0.000000 0.000000 0.000000 0.000000 0.000000 0.000000 0.000000 0.000000 0.000000 0.000000 0.000000 0.000000 0.000000 0.000000 0.000000 0.000000 0.000000 0.000000 0.000000 0.000000 0.000000 0.000000 0.000000 0.000000 0.000000 0.000000 0.000000 0.000000 0.000000 0.000000 0.000000 0.000000 0.000000 0.000000 0.000000 0.000000 0.000000 0.000000 0.000000 0.000000 0.000000 0.000000 0.000000 0.000000 0.000000 0.000000 0.000000 0.000000 0.000000 0.000000 0.000000 0.000000 0.000000 0.000000 0.000000 0.000000 0.000000 0.000000 0.000000 0.000000 0.000000 0.000000 0.000000 0.000000 0.000000 0.000000 0.000000 0.000000 0.000000 0.000000 0.000000 0.000000 0.000000 0.000000 0.000000 0.000000 0.000000 0.000000 0.000000 0.000000 0.000000 0.000000 0.000000 0.000000 0.000000 0.000000 0.000000 0.000000 0.000000 0.000000 0.000000 0.000000 0.000000 0.000000 0.000000 0.000000 0.000000 0.000000 0.000000 0.000000 0.000000 0.000000 0.000000 0.000000 0.000000 0.000000 0.000000 0.000000 0.000000 0.000000 0.000000 0.000000 0.000000 0.000000 0.000000 0.000000 0.000000 0.000000 0.000000 0.000000 0.000000 0.000000 0.000000 0.000000 0.000000 0.000000 0.000000 0.000000 0.000000 0.000000 0.000000 0.000000 0.000000 0.000000 0.000000 0.000000 0.000000 0.000000 0.000000 0.000000 0.000000 0.000000 0.000000 0.000000 0.000000 0.000000 0.000000 0.000000 0.000000 0.000000 0.000000 0.000000 0.000000 0.000000 0.000000 0.000000 0.000000 0.000000 0.000000 0.000000 0.000000 0.000000 0.000000 0.000000 0.000000 0.000000 0.000000 0.000000 0.000000 0.000000 0.000000 0.000000 0.000000 0.000000 0.000000 0.000000 0.000000 0.000000 0.000000 0.000000 0.000000 0.000000 0.000000 0.000000 0.000000 0.000000 0.000000 0.000000 0.000000 0.000000 0.000000 0.000000 0.000000 0.000000 0.000000 0.000000 0.000000 0.000000 0.000000 0.000000 0.000000 0.000000 0.000000 0.000000 0.000000 0.000000 0.000000 0.000000 0.000000 0.000000 0.000000 0.000000 0.000000 0.000000 0.000000 0.000000 0.000000 0.000000 0.000000 0.000000 0.000000 0.000000 0.000000 0.000000 0.000000 0.000000 0.000000 0.000000 0.000000 0.000000 0.000000 0.000000 0.000000 0.000000 0.000000 0.000000 0.000000 0.000000 0.000000 0.000000 0.000000 0.000000 0.000000 0.000000 0.000000 0.000000 0.000000 0.000000 0.000000 0.000000 0.000000 0.000000 0.000000 0.000000 0.000000 0.000000 0.000000 0.000000 0.000000 0.000000 0.000000 0.000000 0.000000 0.000000 0.000000 0.000000 0.000000 0.000000 0.000000 0.000000 0.000000 0.000000 0.000000 0.000000 0.000000 0.000000 0.000000 0.000000 0.000000 0.000000 0.000000 0.000000 0.000000 0.000000 0.000000 0.000000 0.000000 0.000000 0.000000 0.000000 0.000000 0.000000 0.000000 0.000000 0.000000 0.000000 0.000000 0.000000 0.000000 0.000000 0.000000 0.000000 0.000000 0.000000 0.000000 0.000000 0.000000 0.000000 0.000000 0.000000 0.000000 0.000000 0.000000 0.000000 0.000000 0.000000 0.000000 0.000000 0.000000 0.000000 0.000000 0.000000 0.000000 0.000000 0.000000 0.000000 0.000000 0.000000 0.000000 0.000000 0.000000 0.000000 0.000000 0.000000 0.000000 0.000000 0.000000 0.000000 0.000000 0.000000 0.000000 0.000000 0.000000 0.000000 0.000000 0.000000 0.000000 0.000000 0.000000 
Curling_All
20.896356 3.513915 13.593384 11.653540 17.183972 20.454401 0.863771 15.262588 NaN 18.408047 19.662563 1.217580 17.172519 9.603374 15.851136 17.240606 1.508012 5.651062 11.833326 15.555838 18.652742 1.287012 0.398497 11.386747 17.114000 20.762228 1.681220 5.656854 12.500660 16.285015 18.993770 0.948683 8.832327 NaN 16.026803 18.712397 0.860058 10.511655 11.768373 15.385168 19.861291 0.672012 13.400884 11.772680 16.985161 18.774571 0.692026 15.350342 11.106165 15.596570 20.082692 1.663370 14.742106 11.356976 16.385243 19.040759 1.444611 14.929638 11.877394 14.897745 19.310725 1.637834 15.808763 11.566313 16.420649 19.207387 1.713534 17.826477 10.438913 16.904961 19.140316 0.631585 17.430468 11.168388 16.471396 19.036439 1.010792 15.191001 12.219656 16.117844 19.109605 0.202485 13.432070 11.588430 16.473008 19.167874 0.416773 14.170991 10.478516 16.051445 19.094641 0.278568 12.461850 10.544823 15.937302 20.845501 1.002447 12.647925 10.047651 15.709656 19.770496 2.176970 13.446487 11.463948 16.950829 19.306755 NaN 13.648751 NaN 13.987480 19.497005 NaN 9.687544 12.195286 15.570928 18.706512 2.360784 11.242175 10.103712 16.485169 19.340085 0.671863 17.999611 11.160757 14.842133 19.013479 2.837340 20.341234 10.890018 13.992026 19.564345 0.957131 20.627062 10.086451 14.264799 19.438655 0.614003 20.890404 9.746841 14.720489 19.160493 0.425441 19.646827 11.531262 13.890263 18.206208 0.268328 17.803129 10.257802 13.979074 19.459067 0.388330 18.739232 10.063836 14.350031 19.575559 0.580086 17.120727 10.061064 15.420467 19.557387 0.453431 16.366188 10.704191 14.430586 19.459232 0.455412 16.082438 10.157992 15.520013 19.122513 0.353553 14.152205 10.140301 15.595243 19.443891 0.440454 13.212600 10.685415 14.342733 18.258546 0.340000 11.001545 10.004249 14.902631 18.289412 0.551090 11.288020 10.337988 14.797973 18.181807 0.830963 9.442230 10.003324 15.518057 18.124307 0.320000 14.310224 10.436805 15.753174 19.532038 0.850000 21.145898 11.024414 18.449347 19.798649 1.056030 22.778169 NaN 17.604102 19.033794 0.891852 20.450978 12.889569 16.480428 19.423331 0.741687 21.041507 11.921913 16.328212 18.372251 1.004490 20.631713 11.441468 15.710509 17.911798 0.208087 18.030044 12.315494 15.181021 17.999936 0.235372 19.570938 10.296038 15.681945 18.066115 0.912140 20.782964 11.310402 16.630698 18.516881 0.447772 20.349177 13.933018 15.583921 18.582815 0.258070 22.998339 11.260693 15.482354 18.316441 0.466905 22.556817 10.958672 16.115806 17.412343 0.686003 21.885367 11.572830 16.129526 18.481239 0.716938 22.243078 11.584006 14.727488 19.107038 0.364005 20.462241 11.165397 14.938276 17.897444 0.503587 19.168855 10.382216 15.444860 18.416036 0.388973 17.275257 11.060963 17.342001 17.821047 0.242074 15.736435 11.250178 15.851136 17.720736 0.668880 14.394888 10.677252 15.756805 17.546903 0.338378 14.503103 11.325723 14.936298 17.184673 0.502892 14.142312 10.840152 16.278483 19.992519 3.464809 15.137625 10.555804 16.890814 19.166515 1.317953 13.526925 9.890728 17.325155 18.643133 0.729452 12.264440 9.972146 15.095844 18.185852 0.852115 13.460405 12.364368 15.825606 17.855475 0.511566 6.883444 11.566266 14.840839 18.073904 0.965401 3.982462 10.906924 14.443978 18.814423 0.756042 1.941649 10.754687 14.180353 18.977798 0.192354 1.513275 11.033807 12.550100 18.986780 0.791581 6.741662 10.582098 15.249528 18.649625 0.228035 12.420145 11.888671 15.132617 18.364719 0.640078 13.098252 11.318414 14.435636 16.966850 0.509902 14.577781 10.007262 14.339962 20.394063 0.514782 14.988986 11.960456 15.260029 19.341251 0.403113 16.347333 10.950653 14.049071 20.293903 0.203961 16.358389 11.510691 15.172989 18.473508 0.765572 16.223884 12.195921 15.043430 18.545819 0.122066 15.925382 12.088528 14.047850 19.670308 0.152643 19.016130 12.086344 12.962222 18.906044 0.774145 19.936023 10.977359 13.977385 17.987232 0.310161 21.356971 12.392001 16.394743 21.155278 5.514526 22.720761 11.292232 17.118671 19.690366 NaN 19.967193 11.582059 15.552010 19.804040 4.850773 19.529273 10.543458 15.024014 20.132566 7.472617 18.336417 10.511803 16.465543 19.396020 7.025667 17.535966 10.706675 16.395746 19.286524 6.726812 17.480646 10.635375 13.617771 19.920146 6.477654 17.712736 10.754311 16.608627 20.572574 6.356886 17.417798 13.896679 15.809921 19.780440 8.193900 16.795386 11.078096 16.105676 20.688318 7.022820 17.054480 11.481050 15.410237 19.773401 6.797794 18.131078 12.285101 15.695413 19.807486 6.264184 23.535407 10.893801 16.144281 21.561106 6.928925 22.247485 11.542625 15.846971 21.737564 7.316420 21.961478 12.399504 16.280924 20.213770 6.166036 19.453457 12.031642 16.257198 20.771143 7.138627 18.792980 12.072001 15.354908 21.633865 8.170679 18.023124 11.837035 15.961945 20.404041 8.139410 16.455917 11.887779 16.162045 20.371573 8.443341 16.797381 11.964857 15.789471 20.293460 10.000000 15.800003 13.100389 16.130524 20.688644 4.427189 16.908519 13.273530 18.226909 18.651434 5.940539 20.208456 13.509201 18.558497 19.620092 0.806226 19.922061 NaN 18.232008 20.573405 0.509902 22.110133 12.997450 18.364357 19.248325 0.360555 22.403714 12.841324 15.770545 19.375203 1.004988 21.586978 13.492472 17.111633 19.404499 3.373426 22.090770 11.314142 16.321918 19.709290 NaN 22.206544 13.362762 17.151341 18.636207 NaN 22.087544 13.400213 
Stretch_All
0.360255 0.593468 0.694227 0.281596 0.543539 0.361910 0.593468 0.695574 0.281963 0.544235 0.363503 0.593468 0.696867 0.282315 0.544904 0.365036 0.593468 0.698086 0.282655 0.545549 0.366514 0.593468 0.699237 0.282982 0.546170 0.367939 0.593468 0.700327 0.283298 0.546769 0.369313 0.593468 0.701359 0.283603 0.547347 0.370641 0.593468 0.702338 0.283897 0.547905 0.371923 0.593468 0.703268 0.284181 0.548444 0.373163 0.593468 0.704152 0.284455 0.548965 0.374362 0.593468 0.704995 0.284721 0.549469 0.375523 0.593468 0.705798 0.284993 0.549957 0.376646 0.593468 0.706565 0.285459 0.550429 0.377735 0.593468 0.707298 0.286047 0.550887 0.378790 0.593468 0.707999 0.286751 0.551330 0.379813 0.593468 0.708670 0.287490 0.551760 0.380805 0.593468 0.709313 0.288261 0.552177 0.381768 0.593468 0.709930 0.289067 0.552582 0.382704 0.593468 0.710522 0.289905 0.552976 0.383612 0.593468 0.711091 0.291010 0.553357 0.384495 0.593468 0.711638 0.292369 0.553729 0.385354 0.592925 0.712164 0.294029 0.554090 0.386189 0.591862 0.712671 0.295978 0.554441 0.387001 0.590725 0.713160 0.297965 0.554782 0.387792 0.589619 0.713631 0.299989 0.555114 0.388562 0.588541 0.714085 0.301960 0.555438 0.389669 0.587492 0.714524 0.303879 0.555753 0.390747 0.586469 0.714948 0.305749 0.556060 0.391798 0.585473 0.715358 0.307572 0.556360 0.392823 0.584501 0.715755 0.309350 0.556652 0.393823 0.583553 0.716138 0.311083 0.556936 0.394798 0.582604 0.716510 0.312545 0.557214 0.395750 0.581652 0.718728 0.313773 0.557485 0.396679 0.580692 0.720297 0.314972 0.557750 0.397586 0.579755 0.721669 0.316142 0.558008 0.398472 0.578839 0.722845 0.317285 0.558261 0.399337 0.577945 0.724007 0.318402 0.558507 0.400183 0.577071 0.725168 0.319494 0.558748 0.401010 0.576217 0.726330 0.320561 0.558984 0.401819 0.575381 0.727492 0.321617 0.559214 0.402610 0.574564 0.727747 0.322991 0.559439 0.403384 0.573765 0.728002 0.324666 0.559659 0.404141 0.572983 0.728257 0.326675 0.559875 0.404881 0.571760 0.728512 0.328873 0.560086 0.405607 0.570112 0.728767 0.331256 0.560293 0.406317 0.567967 0.728662 0.333791 0.560495 0.407013 0.565343 0.725587 0.336472 0.560693 0.407694 0.562687 0.724556 0.339099 0.560887 0.408361 0.560085 0.723143 0.341729 0.561077 0.409016 0.557536 0.721730 0.344306 0.561264 0.409787 0.555036 0.720114 0.346833 0.561446 0.411403 0.552181 0.718296 0.350391 0.562106 0.413019 0.549326 0.716202 0.354255 0.562714 0.414635 0.546471 0.713832 0.358119 0.563270 0.416251 0.543616 0.711386 0.361983 0.563738 0.417866 0.540782 0.708941 0.365847 0.564110 0.419482 0.538214 0.706495 0.369711 0.564475 0.421098 0.535649 0.703879 0.373575 0.564736 0.422714 0.533089 0.701041 0.377439 0.564894 0.424330 0.530528 0.698202 0.381303 0.564968 0.425946 0.527967 0.695364 0.385167 0.565042 0.427562 0.525407 0.692525 0.389031 0.565116 0.429178 0.522846 0.689687 0.392895 0.565190 0.430793 0.520285 0.686849 0.396759 0.565264 0.432409 0.517865 0.684010 0.400623 0.565338 0.434025 0.515500 0.681075 0.404487 0.565412 0.435641 0.513190 0.678056 0.408351 0.565486 0.437257 0.511066 0.675036 0.412215 0.565560 0.438873 0.509128 0.672119 0.416079 0.565634 0.440489 0.507194 0.669322 0.419943 0.565708 0.442105 0.505263 0.666647 0.423807 0.565782 0.443720 0.503558 0.663971 0.427671 0.565857 0.445336 0.502080 0.661295 0.431535 0.565931 0.446952 0.500602 0.658619 0.435399 0.566005 0.448568 0.499123 0.655944 0.439263 0.566079 0.450184 0.497645 0.654152 0.442978 0.566153 0.451800 0.496167 0.652422 0.446665 0.566227 0.453416 0.494688 0.650692 0.450146 0.566301 0.455032 0.493210 0.648962 0.453627 0.566375 0.456647 0.491732 0.647232 0.457108 0.566449 0.458194 0.490253 0.645502 0.460589 0.566523 0.459485 0.488775 0.643773 0.464071 0.566597 0.460539 0.487297 0.642043 0.467552 0.566671 0.461139 0.485818 0.640313 0.471033 0.566745 0.461395 0.484340 0.638583 0.474514 0.566819 0.461223 0.482862 0.636853 0.477995 0.566893 0.460925 0.481384 0.635233 0.481477 0.566967 0.460513 0.479905 0.633614 0.484958 0.567041 0.460100 0.478427 0.631995 0.488439 0.567115 0.459688 0.476949 0.630375 0.491920 0.567189 0.459275 0.475470 0.628756 0.495401 0.567263 0.458863 0.473992 0.625347 0.498883 0.567338 0.458450 0.472514 0.623678 0.502364 0.567412 0.457786 0.471035 0.622009 0.505845 0.567486 0.457020 0.469557 0.620340 0.509326 0.567560 0.456313 0.468079 0.618670 0.512808 0.567634 0.455954 0.466601 0.617001 0.516289 0.567708 0.455665 0.465122 0.615332 0.519770 0.567416 0.455447 0.463644 0.613663 0.523251 0.567118 0.455263 0.462166 0.611993 0.526658 0.566026 0.455113 0.460687 0.610338 0.530064 0.564835 0.454963 0.459209 0.608682 0.533471 0.563645 0.454813 0.457731 0.607026 0.536878 0.562454 0.454666 0.456252 0.605370 0.540284 0.561263 0.454572 0.454774 0.604593 0.543691 0.560073 0.454677 0.453296 0.603816 0.547097 0.558882 0.454981 0.451818 0.603039 0.550504 0.557691 0.455292 0.450339 0.602263 0.553911 0.556501 0.455609 0.448861 0.601486 0.557317 0.555310 0.455931 0.447383 0.601058 0.560574 0.554119 0.456257 0.445904 0.600980 0.563680 0.552929 0.456589 0.444426 0.601083 0.566380 0.551738 0.456925 0.442948 0.601015 0.568663 0.550547 0.457262 0.441384 0.600947 0.570735 0.549356 0.457598 0.439734 0.600879 0.572721 0.548166 0.457935 0.438072 0.600858 0.574619 0.546975 0.458272 0.436397 0.601490 0.576482 0.545784 0.458608 0.434456 0.602408 0.578309 0.544594 0.458945 0.432514 0.603403 0.580096 0.543403 0.459282 0.430572 0.604399 0.581846 0.542212 0.459618 0.428758 0.605394 0.583394 0.541022 0.459955 0.426943 0.606390 0.584742 0.539831 0.460291 0.425515 0.607386 0.585848 0.538640 0.460628 0.424475 0.608381 0.586713 0.537450 0.461180 0.423509 0.609377 0.587511 0.536259 0.461850 0.422543 0.610372 0.588242 0.535068 0.462638 0.421577 0.611368 0.588974 0.533878 0.463154 0.420612 0.612363 0.589705 0.532687 0.463670 0.420072 0.613359 0.590436 0.531496 0.464186 0.419616 0.614454 0.591168 0.530306 0.464703 0.419243 0.615623 0.591899 0.529115 0.465219 0.418870 0.616791 0.592630 0.527924 0.465735 0.418517 0.617855 0.593548 0.526734 0.466251 0.418185 0.618793 0.594629 0.525543 0.466767 0.417878 0.619607 0.595710 0.524352 0.467283 0.417572 0.620421 0.596563 0.523148 0.467800 0.417265 0.621235 0.597416 0.521943 0.468316 0.416958 0.622049 0.598270 0.520738 0.468832 0.416651 0.622954 0.599123 0.519533 0.469348 0.416345 0.624235 0.599977 0.518328 0.469864 0.416038 0.624255 0.600819 0.517123 0.470381 0.415731 0.624670 0.601354 0.515918 0.470897 0.415425 0.625337 0.601587 0.514732 0.471413 0.415118 0.625395 0.601480 0.513546 0.471929 0.415236 0.626345 0.601157 0.512438 0.472445 0.415780 0.627296 0.600616 0.511331 0.472961 0.416828 0.627424 0.599885 0.510223 0.473478 0.418379 0.628408 0.598961 0.509115 0.474036 0.420012 0.628312 0.598038 0.508008 0.474602 0.421645 0.629197 0.597060 0.506900 0.475173 0.423278 0.630082 0.596082 0.505792 0.475615 0.424911 0.630046 0.595104 0.504685 0.476056 0.426544 0.630965 0.593834 0.503577 0.476498 0.428177 0.631883 0.591897 0.502469 0.476940 0.429810 0.631916 0.589960 0.501362 0.477381 0.431443 0.632870 0.588023 0.500254 0.477823 0.433056 0.633825 0.586085 0.499154 0.478264 0.434402 0.634779 0.584148 0.497929 0.478964 0.435745 0.634932 0.582211 0.496676 0.479663 0.437083 0.635925 0.580469 0.495394 0.480363 0.438422 0.636919 0.578926 0.494195 0.481062 0.439761 0.637912 0.577383 0.492997 0.481762 0.441100 0.638905 0.575839 0.491798 0.482461 0.442438 0.639240 0.574296 0.490600 0.483160 0.443777 0.640126 0.572753 0.489402 0.484001 0.444976 0.640863 0.571171 0.488203 0.485077 0.446119 0.641003 0.569590 0.487005 0.486154 0.447206 0.641829 0.568008 0.485806 0.487231 0.448108 0.641668 0.566427 0.484608 0.488308 0.448825 0.641366 0.564827 0.483410 0.489385 0.449537 0.641064 0.563227 0.482211 0.490461 0.450246 0.642188 0.561627 0.481013 0.491538 0.450729 0.641120 0.560027 0.479814 0.492615 0.450985 0.639301 0.558427 0.478616 0.493692 0.451242 0.637075 0.556827 0.477418 0.494768 0.451498 0.634849 0.555227 0.476219 0.495845 0.451754 0.632427 0.553776 0.475021 0.496922 0.452011 0.629846 0.552325 0.473823 0.497999 0.452267 0.623898 0.550874 0.472624 0.499076 0.452523 0.620551 0.549462 0.471426 0.500152 0.452780 0.618144 0.548090 0.470227 0.501229 0.453036 0.617239 0.546798 0.469029 0.502384 0.453292 0.616501 0.545585 0.467831 0.503618 0.453549 0.615932 0.544373 0.466632 0.505146 0.453805 0.615363 0.543160 0.465434 0.506967 0.454061 0.614794 0.541947 0.464235 0.509165 0.454318 0.614224 0.540815 0.463037 0.511443 0.454574 0.613655 0.539684 0.461785 0.513947 0.454831 0.613086 0.538552 0.460534 0.516479 0.455087 0.612516 0.537420 0.459282 0.519039 0.455343 0.611947 0.536368 0.458030 0.521599 0.455600 0.611378 0.535316 0.456779 0.524159 0.455856 0.610681 0.534264 0.455527 0.526719 0.456112 0.609784 0.533212 0.454275 0.529279 0.456369 0.610244 0.532159 0.453023 0.531839 0.456625 0.611722 0.531107 0.451772 0.534237 0.456881 0.612858 0.530055 0.450520 0.536288 0.457138 0.613993 0.529003 0.449268 0.538269 0.457394 0.610936 0.527950 0.448017 0.540179 0.457651 0.612125 0.526898 0.446765 0.542055 0.457907 0.613313 0.525846 0.446299 0.543896 0.458163 0.614502 0.524794 0.445933 0.545738 0.458420 0.615690 0.523742 0.445566 0.547580 0.458676 0.616879 0.522627 0.445199 0.549418 0.458932 0.618067 0.521449 0.444832 0.551204 0.459189 0.619255 0.519991 0.444465 0.552791 0.459445 0.620444 0.518253 0.444099 0.554179 0.459754 0.621735 0.516505 0.443732 0.555560 0.460138 0.623334 0.514897 0.443365 0.556934 0.460482 0.625405 0.513417 0.442998 0.558304 0.461126 0.628439 0.512213 0.442631 0.559669 0.462587 0.633239 0.511156 0.442265 0.561030 0.464122 0.639004 0.510505 0.441898 0.562385 0.465422 0.644917 0.510261 0.441531 0.563740 0.466785 0.650829 0.510103 0.441164 0.565095 0.468218 0.657493 0.509944 0.440797 0.566450 0.468263 0.664909 0.509785 0.440431 0.567805 0.469733 0.672732 
Attenuation_All
61.650680 41.124919 64.905048 54.097401 41.790358 61.875635 41.079645 64.758311 54.044775 41.780708 62.092101 41.036080 64.621583 53.994135 41.771423 62.300550 40.994128 64.492669 53.966637 41.762482 62.501419 40.953701 64.370916 53.940138 41.753866 62.695114 40.914718 64.255745 53.914586 41.745557 62.882013 40.877103 64.146636 53.889931 41.737540 63.062467 40.840785 64.043121 53.866126 41.729800 63.213618 40.844567 63.944783 53.843128 41.722322 63.299764 40.848222 63.851241 53.763458 41.587054 63.361457 40.851757 63.762154 53.686401 41.414044 63.426162 40.855178 63.677211 53.611829 41.259943 63.488813 40.858491 63.579115 53.539625 41.110734 63.549506 40.861700 63.485379 53.469677 40.966187 63.608331 40.864810 63.395718 53.401881 40.826088 63.665374 40.867826 63.309873 53.336140 40.690235 63.720714 40.870752 63.172649 53.294113 40.561434 63.774427 40.873592 63.041025 53.256129 40.436420 63.826582 40.876350 62.914667 53.221991 40.315031 63.877248 40.879029 62.793263 53.188827 40.197110 63.926486 40.881632 62.676529 53.156598 40.082510 63.974356 40.884164 62.560888 53.208744 39.968960 64.020915 40.886625 62.446501 53.314778 39.762675 64.066216 40.939872 62.333301 53.475092 39.520337 64.110309 41.069259 62.248205 53.661217 39.193656 64.158524 41.195241 62.155926 53.842445 38.857235 64.253690 41.317950 62.066830 54.018965 38.538771 64.356806 41.437513 61.980753 54.190959 38.186952 64.479455 41.554049 61.897546 54.358598 37.803042 64.604718 41.667672 61.817067 54.522047 37.428730 64.732497 41.778489 61.739184 54.681460 37.063661 64.859697 41.886604 61.663773 54.892570 36.707495 64.986339 41.992113 61.466874 55.130591 36.359912 65.116231 42.095110 61.238912 55.362944 36.020605 65.244585 42.195684 61.002336 55.589830 35.689281 65.369954 42.293918 60.800250 55.811440 35.428081 65.492442 42.389895 60.609112 56.027955 35.172886 65.612145 42.509125 60.429725 56.239550 34.923491 65.756690 42.625676 60.257210 56.446389 34.679700 65.898022 42.739637 60.091565 56.649389 34.441327 66.036249 42.851093 59.928136 56.867269 34.208192 66.171470 42.960127 59.825190 57.096699 33.980126 66.303783 43.066815 59.765204 57.337127 33.756965 66.433282 43.171234 59.752263 57.581408 33.538551 66.560054 43.273454 59.739322 57.828720 33.290503 66.696308 43.373545 59.865570 58.077512 32.996544 66.840176 43.471572 60.527695 58.327311 32.658095 66.981109 43.567598 60.718210 58.572012 32.325065 67.119194 43.661685 60.910124 58.813423 31.997291 67.254517 43.753889 61.179245 59.050005 31.676072 67.392331 43.844268 61.499469 59.281903 31.361214 67.724733 44.004632 61.822118 59.570960 30.945904 68.057134 44.164996 62.131863 59.844644 30.530594 68.389535 44.356718 62.396182 60.112171 30.115284 68.721937 44.548441 62.610707 60.373542 29.699975 69.054338 44.740163 62.786878 60.634912 29.284665 69.377973 44.931885 62.955185 60.896283 28.869355 69.646876 45.123607 63.111280 61.157653 28.454045 69.895492 45.315329 63.255641 61.419024 28.038735 70.125468 45.507051 63.400003 61.680394 27.623425 70.326204 45.676675 63.544365 61.941765 27.208115 70.501341 45.801929 63.647607 62.203135 26.792805 70.676478 45.926488 63.705605 62.464506 26.377496 70.856827 46.050354 63.719813 62.725876 25.962186 71.037175 46.168945 63.693173 62.987247 25.546876 71.217523 46.282359 63.614624 63.248617 25.131566 71.374087 46.395773 63.526618 63.509988 24.716256 71.521277 46.495145 63.382066 63.771358 24.300946 71.659092 46.576443 63.193347 64.032729 23.885636 71.793781 46.615708 63.082069 64.294099 23.470327 71.925345 46.637488 63.041459 64.555470 23.055017 72.051690 46.659268 63.001948 64.816840 22.639707 72.188529 46.681048 62.963536 65.078211 22.224397 72.361582 46.702828 62.899645 65.339581 21.809087 72.576151 46.735578 62.884182 65.600952 21.228593 72.823226 46.768527 62.880952 65.857807 20.648100 73.069952 46.847204 62.930040 66.116780 20.067606 73.312691 46.991321 63.018992 66.380994 19.487112 73.551441 47.186065 63.111634 66.650448 18.906619 73.812644 47.388702 63.204277 66.928258 18.326125 74.048381 47.602601 63.296919 67.206069 17.745631 74.188164 47.816501 63.428933 67.483879 17.165138 74.323178 48.030401 63.560947 67.761690 16.584644 74.443333 48.244301 63.692961 68.039500 16.004150 74.548146 48.480947 63.832458 68.317311 15.423657 74.617193 48.756611 63.971955 68.595121 14.879166 74.653584 49.069392 64.120015 68.872932 14.481945 74.689975 49.396615 64.270515 69.150742 14.084725 74.726366 49.723837 64.423456 69.428553 13.687504 74.762329 50.051059 64.556286 69.706363 13.290283 74.768397 50.378281 64.697767 69.984174 12.893063 74.749501 50.705504 64.934980 70.261984 12.495842 74.679223 51.032726 65.080814 70.539795 12.098621 74.563229 51.359948 65.226648 70.817605 11.701401 74.377808 51.687171 65.392350 71.095415 11.304180 74.215859 52.014393 65.558051 71.373226 10.906959 74.090412 52.341615 65.723752 71.651036 10.509739 73.950030 52.668838 65.889454 71.928847 10.112518 73.794867 52.996060 66.055155 72.206657 9.715297 73.643081 53.323282 66.220856 72.484468 9.323355 73.494617 53.650505 66.355595 72.762278 8.931413 73.346153 53.977727 66.408947 73.040089 8.539471 73.197689 54.304949 66.426377 73.344994 8.147529 73.049590 54.632172 66.407885 73.649899 7.738619 72.906478 54.911015 66.377820 73.943434 7.397590 72.781247 55.147396 66.279705 74.236969 7.070153 72.672392 55.383777 66.148607 74.530504 6.755914 72.564093 55.620158 65.971910 74.824039 6.448036 72.456348 55.856539 65.795214 75.117574 6.173431 72.362476 56.070215 65.521800 75.406856 5.898826 72.304555 56.283891 65.144763 75.725797 5.700283 72.260109 56.497566 64.781189 76.031443 5.527214 72.213003 56.711242 64.407448 76.321738 5.345964 72.165898 56.869038 63.992932 76.608535 5.164714 72.118792 56.948151 63.578416 76.895333 4.983464 72.050656 57.042608 63.077414 77.182131 4.802213 71.934477 57.093250 62.632597 77.468928 4.620963 71.778765 57.129768 62.238263 77.741296 4.437725 71.583520 57.157804 61.854486 78.011775 4.254487 71.388274 57.177359 61.501952 78.299833 4.071249 71.193029 57.188433 61.149419 78.597205 3.888011 70.997783 57.199506 60.796885 78.894576 3.704773 70.799515 57.210580 60.444352 79.132437 3.523056 70.598093 57.221653 60.091818 79.330317 3.410613 70.416342 57.195469 59.739284 79.486328 3.328671 70.242128 57.111691 59.429177 79.619997 3.341627 70.071134 57.027913 59.165749 79.757228 3.436515 69.863392 56.944135 58.960272 79.903449 3.585007 69.647625 56.860357 58.812748 80.053671 3.817242 69.414537 56.792486 58.718780 80.195445 4.081544 69.176952 56.729845 58.633827 80.329114 4.345846 68.928778 56.667204 58.607213 80.462784 4.610148 68.683307 56.604563 58.626169 80.551324 4.874450 68.435776 56.540435 58.565225 80.613570 5.149712 68.179887 56.474812 58.431371 80.675815 5.428053 67.922720 56.395771 58.296382 80.729405 5.706393 67.665553 56.316729 58.160259 80.782994 5.931586 67.414242 56.237688 58.050424 80.836583 6.156778 67.162931 56.136485 57.903919 80.890172 6.381970 66.887361 56.035282 57.751762 80.943761 6.615197 66.611790 55.934080 57.555799 80.996676 6.848425 66.336219 55.832877 57.335906 81.032164 7.081652 66.060648 55.731674 57.130218 81.052817 7.314880 65.804558 55.630471 56.844190 81.058800 7.548107 65.556013 55.535322 56.649552 81.056437 7.781335 65.307468 55.443323 56.461832 81.046384 8.046761 65.047400 55.354476 56.133520 81.030028 8.360738 64.777322 55.277515 55.945436 81.007778 8.723264 64.510989 55.212440 55.562815 80.946184 9.087234 64.245219 55.178572 55.379591 80.882970 9.475776 63.980010 55.161458 55.215307 80.819756 9.895485 63.730850 55.144344 54.790695 80.756542 10.318145 63.502132 55.127230 54.620211 80.685204 10.743758 63.273414 55.150155 54.484596 80.610608 11.224261 63.044695 55.179082 53.964035 80.542169 11.759654 62.815977 55.208010 53.862255 80.479887 12.319358 62.597745 55.236937 53.785711 80.417605 12.885272 62.408805 55.185688 53.775552 80.355322 13.451186 62.268714 55.107326 53.351649 80.285639 14.017100 62.128623 55.028964 53.590507 80.207972 14.604459 61.988532 54.950603 53.898158 80.123125 15.213262 61.869902 54.872241 54.218315 80.038278 15.855805 61.756534 54.793879 54.550977 79.953431 16.498347 61.643167 54.715517 54.428924 79.865544 17.140890 61.524589 54.637155 54.757809 79.771886 17.783432 61.414058 54.558793 55.080605 79.659589 18.425975 61.316193 54.480431 55.377779 79.547292 19.068517 61.243378 54.402070 55.342077 79.434995 19.711060 61.189657 54.289329 55.734411 79.322698 20.353602 61.149160 54.194663 56.119764 79.209256 20.996145 61.098597 54.142030 56.551254 79.095814 21.638687 61.051159 54.106881 56.870444 78.982372 22.301588 61.011216 54.071733 57.312509 78.868931 22.984846 60.978768 54.036584 57.709997 78.755489 23.682901 60.928093 54.001436 58.078198 78.642047 24.380957 60.852253 53.955318 58.445707 78.528606 25.244196 60.760260 53.909001 58.799028 78.419679 26.107435 60.668615 53.816955 59.049386 78.308635 26.970674 60.580957 53.659470 59.097419 78.192350 27.833913 60.497288 53.451357 59.454700 78.070824 28.697152 60.393299 53.235353 59.915011 77.940943 29.560391 60.283255 53.008085 60.454179 77.811061 30.423630 60.176409 52.780817 61.001025 77.681179 31.286869 60.072869 52.553548 61.555352 77.551298 32.150108 59.982738 52.326280 62.120584 77.421416 33.013348 59.900505 52.008012 62.685817 77.291534 33.876587 59.843323 51.668313 63.251049 77.161653 34.703823 59.818798 51.319377 63.816282 77.031771 35.361007 59.802610 50.956000 64.381514 76.901889 35.991573 59.787853 50.592623 64.946747 76.769158 36.631252 59.774512 50.150163 65.511980 76.634277 37.281854 59.761172 49.707702 66.077212 76.495793 37.942797 59.747831 49.265241 66.623831 76.354406 38.613439 59.767562 48.822780 67.141382 76.211402 39.284080 59.850181 48.379255 67.709249 76.066766 39.954721 59.995688 47.935729 68.294262 75.912096 40.625363 60.111485 47.492204 68.905860 75.755975 41.296004 60.190781 47.048678 69.508390 75.601814 41.966645 60.285012 46.605152 70.142760 75.473795 42.637287 60.394023 46.161627 70.704956 75.360113 43.307928 60.499658 45.718101 71.267153 75.254851 43.978569 60.601970 45.274576 71.756339 75.150501 44.649211 60.704282 44.833009 72.199089 75.047058 45.319852 60.806595 44.391441 72.611907 74.943615 45.990493 60.908543 43.932320 72.945990 74.840172 46.678102 61.005503 43.521577 73.176643 74.730937 47.297830 61.084582 43.153296 73.373136 74.621702 47.903966 61.147286 42.759522 73.572188 74.512467 48.519750 61.209434 42.313773 73.778776 74.403232 49.087880 61.271027 41.876539 73.999155 74.293997 49.622736 61.332292 41.631457 74.262988 74.200701 50.157592 61.393230 41.626194 74.576029 74.111867 50.692448 61.453755 41.582875 74.983377 74.036329 51.217912 61.513869 41.568431 75.421663 73.976142 51.743376 61.573983 41.553274 75.859948 73.919452 52.268839 61.637389 41.537350 76.321180 73.872382 52.794303 61.725116 41.140102 76.826987 73.837544 53.319767 61.861876 41.113717 77.362082 
Traveling_Speed_All
0.000000 0.000000 0.000000 0.000000 0.000000 0.000917 0.000000 0.002672 0.000000 0.000186 0.002133 0.000000 0.004109 0.000000 0.000979 0.003307 0.000000 0.006253 0.000000 0.002107 0.004465 0.000000 0.007575 0.000000 0.002838 0.005369 0.000000 0.010142 0.000000 0.003356 0.006171 0.000000 0.011929 0.000000 0.004076 0.007864 0.000000 0.013203 0.000000 0.004095 0.009073 0.000000 0.013901 0.000000 0.004501 0.010080 0.000000 0.014141 0.000000 0.004744 0.011035 0.000000 0.015208 0.000000 0.004991 0.011818 0.000000 0.017343 0.000000 0.005320 0.012706 0.000000 0.021099 0.000000 0.005551 0.013347 0.000000 0.024943 0.000000 0.005801 0.013847 0.000000 0.028614 0.000000 0.006220 0.014422 0.000000 0.032256 0.000000 0.007280 0.015294 0.000000 0.036816 0.000000 0.007827 0.016272 0.000000 0.041232 0.000000 0.008863 0.017235 0.000000 0.044738 0.000000 0.009051 0.018267 0.000000 0.048492 0.000000 0.009569 0.019270 0.000000 0.052373 0.000000 0.010075 0.020129 0.000000 0.055936 0.000000 0.010613 0.021769 0.000000 0.059098 0.000000 0.010759 0.023332 0.000000 0.061042 0.000000 0.011321 0.025202 0.000998 0.062579 0.000000 0.011780 0.027043 0.001763 0.063668 0.000000 0.012042 0.028923 0.002534 0.065241 0.000000 0.012280 0.031257 0.003292 0.068046 0.000000 0.012437 0.033445 0.004018 0.070310 0.000000 0.012676 0.035690 0.004858 0.073737 0.000000 0.013198 0.038485 0.005419 0.077386 0.000000 0.013794 0.041332 0.005419 0.081706 0.000000 0.015194 0.044482 0.005419 0.086166 0.000000 0.016360 0.047697 0.005419 0.091896 0.000000 0.017367 0.051177 0.005419 0.096739 0.000000 0.017845 0.054607 0.005419 0.100988 0.000000 0.018422 0.058280 0.005419 0.104622 0.000000 0.019221 0.061888 0.005419 0.108463 0.000000 0.019513 0.065611 0.005419 0.112776 0.000000 0.019897 0.069367 0.005419 0.116293 0.000000 0.020249 0.073288 0.005419 0.118693 0.000000 0.020695 0.077211 0.005419 0.120144 0.000000 0.020820 0.081662 0.005419 0.121452 0.000000 0.021122 0.085922 0.005419 0.122520 0.001021 0.021540 0.090319 0.005419 0.124155 0.001858 0.021765 0.094649 0.005419 0.126012 0.002721 0.021957 0.099163 0.005419 0.126797 0.003748 0.022401 0.103788 0.005419 0.128156 0.005105 0.022511 0.108379 0.005419 0.130062 0.006359 0.022794 0.112926 0.005419 0.131617 0.007270 0.023114 0.117712 0.005419 0.132914 0.008243 0.023570 0.122133 0.005419 0.134460 0.009005 0.023694 0.126854 0.005419 0.136486 0.009005 0.024385 0.131446 0.005419 0.138975 0.009005 0.025024 0.136310 0.005419 0.141426 0.009005 0.025727 0.140998 0.005419 0.143425 0.009005 0.026318 0.145547 0.005419 0.144408 0.009005 0.026488 0.150040 0.005419 0.145503 0.009005 0.026954 0.154709 0.005419 0.145866 0.009005 0.027077 0.159229 0.005419 0.148069 0.009005 0.027217 0.163327 0.005419 0.150012 0.009005 0.027267 0.167425 0.005419 0.153806 0.009005 0.027953 0.171314 0.005419 0.157368 0.009005 0.028957 0.174635 0.005419 0.159553 0.009005 0.029576 0.178139 0.005419 0.161771 0.009005 0.030477 0.181268 0.005419 0.163592 0.009005 0.031319 0.184174 0.005419 0.165560 0.009005 0.031879 0.187300 0.005419 0.168395 0.009005 0.033044 0.190284 0.005419 0.171075 0.009005 0.033994 0.193125 0.005419 0.174086 0.009005 0.034464 0.196307 0.005419 0.176170 0.009005 0.035032 0.199892 0.005419 0.177470 0.009005 0.036598 0.203399 0.005419 0.178765 0.009005 0.037608 0.206802 0.005419 0.180814 0.009005 0.038192 0.209719 0.005419 0.183211 0.009005 0.038885 0.212482 0.005419 0.184742 0.009005 0.039235 0.214939 0.005419 0.185995 0.009005 0.039690 0.217409 0.005419 0.187342 0.009005 0.040512 0.219260 0.005419 0.187466 0.009005 0.041515 0.221393 0.005419 0.188622 0.009005 0.042510 0.223642 0.005419 0.189856 0.009005 0.042946 0.225429 0.005419 0.190200 0.009005 0.043584 0.226625 0.005419 0.190418 0.009005 0.043882 0.227527 0.005419 0.191343 0.009005 0.044572 0.228293 0.005419 0.192153 0.009005 0.044862 0.228862 0.005419 0.193391 0.009005 0.045210 0.229617 0.005419 0.194937 0.009005 0.046298 0.230399 0.005419 0.196468 0.009005 0.047019 0.231288 0.005419 0.198237 0.009005 0.047384 0.231976 0.005419 0.199636 0.009005 0.047564 0.232810 0.005419 0.200453 0.009005 0.047761 0.233093 0.005419 0.202264 0.009005 0.048541 0.233502 0.005419 0.203297 0.009005 0.049309 0.233859 0.005419 0.206221 0.009005 0.049927 0.234059 0.005419 0.210343 0.009005 0.050585 0.234445 0.005419 0.212559 0.009005 0.051253 0.234964 0.005419 0.214538 0.009005 0.052254 0.235301 0.005419 0.216505 0.009005 0.052829 0.235930 0.005419 0.218066 0.009005 0.053827 0.236704 0.005419 0.220113 0.009005 0.054330 0.237309 0.005419 0.221783 0.009005 0.055379 0.238303 0.005419 0.223659 0.009005 0.056336 0.238773 0.005419 0.225704 0.009005 0.057062 0.239544 0.005419 0.227219 0.009005 0.058028 0.240179 0.005419 0.227947 0.010757 0.058881 0.240923 0.005419 0.228704 0.012473 0.059472 0.241643 0.005419 0.229455 0.013597 0.060589 0.242292 0.005419 0.230822 0.015568 0.061111 0.243118 0.005419 0.231977 0.017014 0.062053 0.243921 0.005419 0.233128 0.018284 0.063101 0.244697 0.005419 0.234645 0.020252 0.063846 0.245588 0.005419 0.236445 0.021998 0.064912 0.246509 0.005757 0.237972 0.023548 0.065545 0.247209 0.005919 0.239600 0.025460 0.066140 0.247480 0.006197 0.240981 0.026797 0.067090 0.248054 0.006358 0.241821 0.028476 0.067955 0.248452 0.006517 0.244131 0.030400 0.068376 0.249166 0.006683 0.245820 0.031636 0.069400 0.249582 0.006907 0.248263 0.033296 0.070153 0.249844 0.007299 0.249850 0.034969 0.070967 0.249883 0.007490 0.251603 0.036661 0.072358 0.251250 0.007731 0.253877 0.038296 0.073384 0.253317 0.007927 0.254773 0.040001 0.073973 0.254896 0.008267 0.255920 0.041296 0.074124 0.256444 0.008432 0.256851 0.042938 0.075781 0.257898 0.009131 0.258385 0.044623 0.077209 0.259718 0.009596 0.260656 0.045873 0.078434 0.261148 0.010361 0.263449 0.046855 0.079527 0.262806 0.011002 0.265087 0.048129 0.080431 0.264161 0.011571 0.265608 0.048980 0.081296 0.265702 0.012033 0.267667 0.050301 0.082020 0.267572 0.012171 0.268586 0.050637 0.082923 0.269761 0.012525 0.269747 0.051365 0.084151 0.271512 0.012813 0.271777 0.051685 0.084862 0.273270 0.013523 0.274203 0.051839 0.085855 0.275114 0.013701 0.276919 0.052135 0.086607 0.276913 0.014138 0.278182 0.052532 0.087444 0.278993 0.014725 0.281308 0.053120 0.088000 0.281578 0.015132 0.282986 0.053608 0.088448 0.284384 0.015814 0.284626 0.053887 0.089356 0.287168 0.016770 0.285351 0.054341 0.090333 0.289879 0.017256 0.289029 0.055444 0.091457 0.292502 0.017770 0.295246 0.055873 0.092667 0.295272 0.018262 0.297094 0.056286 0.093860 0.297802 0.018737 0.302788 0.056774 0.094611 0.300418 0.019202 0.308082 0.057119 0.095559 0.302912 0.019467 0.310078 0.057644 0.096449 0.305375 0.020271 0.314860 0.057959 0.097246 0.307978 0.020847 0.316600 0.058248 0.097985 0.310539 0.021298 0.321415 0.058681 0.098448 0.313282 0.021839 0.325942 0.058836 0.099115 0.315830 0.021839 0.327851 0.059046 0.099893 0.318370 0.021839 0.331736 0.059258 0.100462 0.320950 0.021839 0.335166 0.059487 0.101084 0.323436 0.021839 0.337128 0.060231 0.101799 0.325937 0.021839 0.339711 0.060907 0.102808 0.328265 0.021839 0.340809 0.061468 0.103750 0.330587 0.021839 0.341887 0.061514 0.104830 0.332851 0.021839 0.342881 0.061797 0.105815 0.334919 0.021839 0.344211 0.062219 0.106968 0.336834 0.021839 0.345744 0.062400 0.108157 0.338663 0.021839 0.346790 0.063237 0.109445 0.340744 0.021839 0.349639 0.064067 0.110717 0.342433 0.021839 0.351723 0.064887 0.111825 0.344038 0.021839 0.354155 0.066034 0.112981 0.345792 0.021839 0.357577 0.066397 0.114034 0.347405 0.021839 0.361579 0.067045 0.115012 0.348959 0.021839 0.365031 0.068263 0.116039 0.350627 0.021839 0.369280 0.068589 0.116920 0.352085 0.021839 0.373924 0.069528 0.117821 0.353826 0.021839 0.378291 0.069950 0.118492 0.355257 0.021839 0.380916 0.071014 0.119982 0.357159 0.021839 0.384643 0.072225 0.121244 0.360150 0.021839 0.389865 0.072490 0.122157 0.362121 0.021839 0.394035 0.073206 0.123278 0.363016 0.021839 0.396279 0.074094 0.124590 0.364425 0.021839 0.398602 0.074988 0.125934 0.366348 0.021839 0.400555 0.075553 0.127235 0.368012 0.021839 0.401874 0.076016 0.128597 0.369187 0.021839 0.402229 0.077019 0.129780 0.370550 0.021839 0.403510 0.077710 0.131014 0.371653 0.021839 0.403787 0.078356 0.132369 0.373104 0.021839 0.406705 0.078754 0.133608 0.374723 0.021839 0.409275 0.079648 0.135140 0.376161 0.021839 0.412337 0.079857 0.136309 0.377661 0.021839 0.416304 0.079987 0.137764 0.379403 0.021839 0.420762 0.080183 0.139432 0.381140 0.021839 0.424827 0.080465 0.140852 0.382985 0.021839 0.428185 0.080774 0.142120 0.385180 0.021839 0.429929 0.081276 0.143330 0.387339 0.021839 0.430951 0.081903 0.144119 0.389475 0.021839 0.431550 0.082215 0.145301 0.391605 0.021839 0.433161 0.083275 0.146491 0.393925 0.021839 0.435606 0.083832 0.147554 0.396013 0.021839 0.438778 0.084874 0.148545 0.398047 0.021839 0.442266 0.085566 0.149334 0.400092 0.021839 0.445860 0.085922 0.150336 0.402133 0.021839 0.449809 0.086037 0.151189 0.404107 0.021839 0.451205 0.086592 0.152247 0.406100 0.021839 0.455171 0.086869 0.153261 0.408074 0.021839 0.457898 0.087552 0.154497 0.409961 0.021839 0.463452 0.087903 0.155830 0.412063 0.021839 0.464261 0.088164 0.156740 0.413910 0.021839 0.464569 0.088769 0.157793 0.415673 0.021839 0.465305 0.089404 0.158695 0.417536 0.021839 0.465954 0.089805 0.159540 0.419144 0.021839 0.467090 0.090558 0.160286 0.420754 0.021839 0.469320 0.091129 0.161049 0.422189 0.021839 0.471795 0.091352 0.161845 0.423660 0.021839 0.475115 0.091698 0.162784 0.424921 0.021839 0.478011 0.092204 0.163341 0.426010 0.021839 0.482019 0.092404 0.164269 0.426756 0.021839 0.484238 0.092743 0.165014 0.427549 0.021839 0.487163 0.093332 0.165821 0.428157 0.021839 0.488817 0.093647 0.166599 0.428738 0.021839 0.490352 0.094094 0.167296 0.429215 0.021839 0.491644 0.094453 0.168033 0.429940 0.021839 0.493809 
Brush_Stroke_All
0.039675 0.027086 0.134550 0.032058 0.029088 0.039703 0.026418 0.132363 0.031650 0.029037 0.039849 0.026438 0.133056 0.031329 0.028545 0.040600 0.026366 0.131824 0.031012 0.028006 0.040650 0.026347 0.131708 0.030917 0.028018 0.041022 0.026313 0.131743 0.030581 0.028335 0.041424 0.026867 0.131632 0.030033 0.028607 0.041656 0.026907 0.131345 0.029990 0.028650 0.042477 0.030726 0.130996 0.030019 0.028625 0.042497 0.029975 0.132487 0.029567 0.028611 0.042603 0.029741 0.136608 0.043031 0.028683 0.043098 0.029688 0.137072 0.043567 0.029044 0.043803 0.029710 0.140078 0.043790 0.029076 0.043881 0.029724 0.142219 0.043560 0.029006 0.044246 0.029805 0.143653 0.040844 0.029036 0.044438 0.029984 0.144520 0.040813 0.029000 0.044489 0.030109 0.146094 0.040657 0.029196 0.045175 0.030182 0.145236 0.040684 0.029288 0.045658 0.030218 0.147527 0.041189 0.029346 0.046345 0.029882 0.148900 0.041422 0.029370 0.047116 0.029931 0.148692 0.041552 0.029390 0.047639 0.029961 0.149011 0.041499 0.029207 0.049692 0.030100 0.148652 0.041632 0.029167 0.051017 0.030098 0.149038 0.041708 0.028932 0.052262 0.030213 0.148378 0.041883 0.028881 0.053083 0.030206 0.146557 0.041414 0.028869 0.053518 0.030259 0.145809 0.041234 0.028893 0.055423 0.030433 0.145047 0.040462 0.028958 0.055915 0.030750 0.145420 0.040270 0.029017 0.056831 0.030699 0.146453 0.038672 0.029019 0.057950 0.030742 0.145338 0.037809 0.029205 0.059297 0.030881 0.145840 0.037473 0.029245 0.061458 0.030823 0.143779 0.037294 0.029227 0.061564 0.030851 0.141819 0.035639 0.029275 0.062397 0.030905 0.138339 0.035500 0.029291 0.062093 0.030834 0.136523 0.035554 0.029461 0.061785 0.030834 0.136196 0.034773 0.029123 0.062028 0.030894 0.135969 0.035155 0.029113 0.061563 0.030815 0.138409 0.035520 0.029081 0.063477 0.030855 0.138460 0.035625 0.029117 0.063682 0.030834 0.137103 0.036351 0.029195 0.064346 0.030617 0.142044 0.036199 0.029115 0.063848 0.030717 0.144775 0.036117 0.029067 0.063415 0.031411 0.145618 0.036057 0.029018 0.062929 0.031457 0.145084 0.035525 0.029089 0.063196 0.031516 0.144859 0.035486 0.029083 0.063104 0.031547 0.148909 0.034970 0.029103 0.063847 0.031765 0.150844 0.035619 0.029010 0.063140 0.034180 0.151051 0.035595 0.028988 0.062586 0.034025 0.152931 0.035055 0.028807 0.061684 0.033965 0.152263 0.034803 0.028896 0.061493 0.033899 0.152220 0.034260 0.029200 0.061329 0.033938 0.152527 0.034172 0.029365 0.062274 0.033794 0.152519 0.033687 0.029328 0.062136 0.033684 0.150317 0.033824 0.029395 0.062232 0.033176 0.148264 0.033635 0.029465 0.061873 0.033260 0.145550 0.033242 0.029330 0.061445 0.030620 0.140703 0.033266 0.029329 0.061125 0.030611 0.138343 0.033321 0.029205 0.060987 0.030642 0.138151 0.033301 0.029178 0.060306 0.030608 0.137324 0.033259 0.029178 0.059863 0.030582 0.138566 0.033237 0.029174 0.059106 0.030366 0.136031 0.032926 0.028726 0.059871 0.030455 0.134910 0.033342 0.028632 0.059542 0.030379 0.133897 0.032769 0.028584 0.059690 0.030465 0.132512 0.032738 0.028575 0.059396 0.030596 0.131469 0.032563 0.028518 0.058649 0.030502 0.131617 0.032455 0.028422 0.058134 0.030710 0.131459 0.032292 0.028315 0.057620 0.031140 0.130890 0.031938 0.028218 0.057210 0.032843 0.131111 0.032015 0.028203 0.056193 0.033641 0.129682 0.032833 0.028618 0.055611 0.034244 0.129028 0.032855 0.028657 0.053864 0.034707 0.130075 0.032686 0.028734 0.053239 0.034352 0.129698 0.032316 0.028396 0.051398 0.034458 0.129483 0.032199 0.028365 0.050869 0.034694 0.129622 0.032168 0.029147 0.049698 0.034964 0.130060 0.032048 0.029776 0.048546 0.035418 0.130251 0.032034 0.030509 0.047789 0.035544 0.131194 0.031964 0.030408 0.046898 0.035851 0.131466 0.031789 0.030408 0.045354 0.035902 0.132492 0.032373 0.030363 0.044025 0.035845 0.133183 0.032292 0.030329 0.043179 0.035880 0.133009 0.031688 0.030236 0.042801 0.036120 0.133053 0.031460 0.030190 0.042659 0.036413 0.133067 0.031288 0.030103 0.041972 0.036395 0.134486 0.030950 0.030034 0.040697 0.036367 0.134889 0.030895 0.030280 0.040053 0.036344 0.135999 0.030828 0.030268 0.039724 0.036362 0.136328 0.030686 0.030210 0.039464 0.036735 0.135855 0.030768 0.030220 0.039569 0.036696 0.133184 0.030734 0.031204 0.039445 0.036973 0.130242 0.030626 0.031735 0.040244 0.036904 0.127624 0.030077 0.031915 0.040363 0.037249 0.126936 0.029521 0.032007 0.040613 0.037259 0.126752 0.029084 0.032624 0.040609 0.037254 0.128001 0.028971 0.033412 0.040459 0.036894 0.127487 0.028894 0.033917 0.040351 0.036907 0.126103 0.029067 0.034437 0.040255 0.036959 0.126470 0.029274 0.034650 0.040433 0.036593 0.124807 0.029393 0.035409 0.040368 0.036513 0.123331 0.029252 0.035423 0.040968 0.036495 0.120474 0.029175 0.035303 0.040912 0.036501 0.115829 0.029197 0.035044 0.040714 0.035996 0.117898 0.029556 0.035041 0.041332 0.036230 0.116920 0.029831 0.034998 0.041307 0.035968 0.119099 0.029372 0.034874 0.041310 0.035750 0.121944 0.029458 0.035181 0.041307 0.035685 0.124684 0.029352 0.035573 0.041231 0.035786 0.126706 0.029303 0.035837 0.041286 0.035374 0.127054 0.029279 0.035905 0.041074 0.035731 0.129306 0.029239 0.036385 0.041178 0.035771 0.132108 0.029616 0.036563 0.041917 0.035604 0.135620 0.029807 0.036818 0.041914 0.034103 0.137696 0.029852 0.036893 0.041533 0.033384 0.140746 0.029965 0.037707 0.041598 0.033195 0.141403 0.029882 0.037575 0.041724 0.032642 0.142358 0.029873 0.037671 0.041621 0.032492 0.141180 0.030465 0.037646 0.041621 0.031850 0.143090 0.030465 0.037612 0.042059 0.030963 0.143208 0.030713 0.038035 0.042081 0.031093 0.143029 0.030700 0.038097 0.042028 0.030395 0.145207 0.030710 0.037018 0.041769 0.030326 0.146666 0.030676 0.036509 0.041903 0.031130 0.145509 0.030885 0.036737 0.041823 0.031133 0.144446 0.030943 0.036741 0.041153 0.030979 0.142000 0.030837 0.036151 0.041038 0.030855 0.136678 0.030834 0.036357 0.042032 0.030850 0.133856 0.030777 0.036387 0.042060 0.030865 0.131746 0.030793 0.036816 0.043202 0.030209 0.130746 0.030796 0.036962 0.043713 0.030156 0.129712 0.030984 0.037151 0.043816 0.030032 0.127678 0.031014 0.037287 0.043913 0.029579 0.127187 0.031010 0.037921 0.044083 0.029455 0.125584 0.030986 0.037959 0.044321 0.029539 0.125358 0.031329 0.037959 0.044750 0.029659 0.125579 0.031204 0.038127 0.044984 0.029804 0.129178 0.031281 0.038461 0.046073 0.029861 0.129006 0.032289 0.038604 0.047412 0.029536 0.127766 0.032339 0.038871 0.048058 0.029509 0.134422 0.032333 0.039127 0.048616 0.029440 0.138424 0.032268 0.038585 0.048955 0.029335 0.137774 0.032281 0.038010 0.048474 0.029504 0.142591 0.032356 0.037853 0.048497 0.029672 0.142964 0.032381 0.038442 0.048462 0.030430 0.142551 0.032330 0.037628 0.048226 0.030761 0.142591 0.032378 0.037512 0.048192 0.031125 0.141991 0.032263 0.036872 0.048371 0.031042 0.141760 0.032216 0.036594 0.048485 0.031188 0.142132 0.032167 0.036556 0.048481 0.031327 0.140217 0.032223 0.036494 0.048544 0.031536 0.140416 0.032193 0.036331 0.048827 0.031511 0.138658 0.032579 0.036371 0.047902 0.031677 0.136617 0.032460 0.036621 0.048074 0.031844 0.134122 0.032415 0.037371 0.048160 0.032099 0.133922 0.032171 0.036869 0.048120 0.032263 0.134763 0.031584 0.037264 0.048735 0.032309 0.136014 0.031690 0.037127 0.048614 0.032520 0.136626 0.031709 0.037151 0.048992 0.032562 0.137361 0.031587 0.036604 0.049030 0.032571 0.136260 0.031540 0.036063 0.048968 0.032508 0.136298 0.031485 0.035391 0.048840 0.032513 0.137000 0.031631 0.034747 0.048913 0.032620 0.135828 0.031897 0.034673 0.049032 0.032605 0.133718 0.032040 0.034124 0.049461 0.032714 0.131048 0.029492 0.033945 0.049232 0.033174 0.129491 0.029494 0.033872 0.049605 0.032770 0.125630 0.029516 0.033802 0.050453 0.032826 0.122283 0.029577 0.033836 0.050374 0.033495 0.118944 0.029610 0.033857 0.049945 0.033641 0.116404 0.029582 0.034066 0.050860 0.033551 0.109767 0.029419 0.034490 0.050972 0.033774 0.106492 0.029432 0.034688 0.050508 0.033706 0.105959 0.029460 0.034753 0.049638 0.033516 0.105762 0.029438 0.034546 0.049107 0.034083 0.106972 0.029474 0.034537 0.048646 0.034039 0.108769 0.029775 0.034223 0.047851 0.034063 0.112657 0.029780 0.034190 0.047036 0.033796 0.114971 0.029935 0.034354 0.046862 0.033736 0.119213 0.030007 0.034562 0.046715 0.033768 0.118592 0.029668 0.034447 0.046440 0.033416 0.117371 0.029636 0.033904 0.046666 0.033555 0.118380 0.029657 0.033329 0.046355 0.033371 0.119908 0.029452 0.033481 0.046423 0.033257 0.121536 0.029363 0.033326 0.046513 0.033478 0.124370 0.029230 0.033522 0.046516 0.033548 0.125821 0.029313 0.033415 0.046336 0.033768 0.129245 0.029301 0.033181 0.046232 0.033755 0.130502 0.029416 0.032674 0.046204 0.033783 0.132050 0.029403 0.032480 0.046186 0.033790 0.130393 0.029609 0.032212 0.046532 0.033333 0.130486 0.029548 0.031990 0.046206 0.033168 0.129367 0.029389 0.032275 0.045340 0.033224 0.129784 0.029487 0.032235 0.044993 0.033212 0.130128 0.029504 0.032246 0.045079 0.032927 0.130034 0.029672 0.032297 0.044902 0.032830 0.130264 0.000000 0.032352 0.044767 0.032143 0.129771 0.000000 0.032359 0.044627 0.032476 0.130126 0.000000 0.032480 0.044521 0.031351 0.130315 0.000000 0.032559 0.043941 0.031260 0.130168 0.000000 0.032486 0.043407 0.031160 0.129280 0.000000 0.031792 0.043220 0.031558 0.129072 0.000000 0.031796 0.042219 0.031540 0.129113 0.000000 0.031252 0.041796 0.031971 0.129049 0.000000 0.030890 0.041121 0.031870 0.128577 0.000000 0.030662 0.040675 0.033157 0.127710 0.000000 0.030348 0.039590 0.033025 0.127058 0.000000 0.030428 0.039257 0.032934 0.125392 0.000000 0.030418 0.037889 0.032999 0.124051 0.000000 0.030390 0.037617 0.032229 0.122051 0.000000 0.030414 0.037202 0.032172 0.116125 0.000000 0.030594 0.037314 0.031995 0.113093 0.000000 0.030513 0.036651 0.031571 0.112094 0.000000 0.030604 0.036741 0.031287 0.107589 0.000000 0.030566 0.036936 0.030975 0.107097 0.000000 0.030594 0.037490 0.030999 0.108443 0.000000 0.030592 0.038315 0.030607 0.113346 
Activity_Index_All
0.000000 0.000000 0.000000 0.000000 0.000000 16.859339 0.000000 106.240367 0.000000 10.784073 16.903308 0.000000 106.742196 0.000000 10.560171 17.198428 0.000000 105.697984 0.000000 10.319104 17.192336 0.000000 105.544741 0.000000 10.280223 17.318725 0.000000 105.503070 0.000000 10.351662 17.451466 0.000000 105.335822 0.000000 10.404874 17.511029 0.000000 105.018509 0.000000 10.374250 17.807136 0.000000 104.602359 0.000000 10.282083 17.767606 0.000000 105.672390 0.000000 10.200823 17.755822 0.000000 108.835926 0.000000 10.156918 17.892727 0.000000 109.080195 0.000000 10.221672 18.115951 0.000000 111.336359 0.000000 10.175319 18.091042 0.000000 112.886451 0.000000 10.098421 18.198824 0.000000 113.887435 0.000000 10.059946 18.236328 0.000000 114.447805 0.000000 10.003311 18.214269 0.000000 115.567265 0.000000 10.032538 18.452514 0.000000 114.766554 0.000000 10.030961 18.612525 0.000000 116.441478 0.000000 10.022308 18.861041 0.000000 117.358555 0.000000 10.004566 19.143070 0.000000 116.996479 0.000000 9.987671 19.320996 0.000000 117.028584 0.000000 9.904318 20.115376 0.000000 116.506752 0.000000 9.871387 20.604750 0.000000 116.554884 0.000000 9.774042 21.042061 10.790288 115.790915 0.000000 9.739969 21.296485 10.694883 114.086164 0.000000 9.719861 21.394291 10.579328 113.188344 0.000000 9.708471 22.074975 10.496553 112.263196 0.000000 9.705245 22.175777 10.411947 112.215863 0.000000 9.693127 22.419696 10.556110 112.701266 0.000000 9.657390 22.721120 10.497548 111.571074 0.000000 9.678880 23.100308 0.000000 111.719238 0.000000 9.648570 23.775913 0.000000 109.928319 0.000000 9.596255 23.635774 0.000000 108.238532 0.000000 9.563226 23.757569 0.000000 105.411079 0.000000 9.519517 23.437097 0.000000 103.878336 0.000000 9.528877 23.113278 0.000000 103.503717 0.000000 9.378988 23.000554 0.000000 103.208389 0.000000 9.338222 22.640721 0.000000 104.937518 0.000000 9.294562 23.165530 0.000000 104.867270 0.000000 9.277722 23.067759 0.000000 103.760120 0.000000 9.275746 23.132233 0.000000 107.472073 0.000000 9.220367 22.776119 0.000000 109.579596 0.000000 9.176802 22.450982 0.000000 110.330567 9.801815 9.136402 22.120638 0.000000 110.082065 9.632336 9.139859 22.070414 0.000000 110.072165 9.464564 9.122242 21.909248 0.000000 113.309982 9.367617 9.118354 22.050014 0.000000 114.949005 9.203872 9.084957 21.701105 0.000000 115.290306 8.988244 9.078043 21.409898 0.000000 116.933353 8.932978 9.027674 21.013079 0.000000 116.666595 8.903705 9.069944 20.882625 0.000000 116.921947 8.738104 9.185140 20.786704 0.000000 117.493714 0.000000 9.258871 21.082172 0.000000 117.869900 0.000000 9.269450 21.018973 0.000000 116.569784 0.000000 9.312745 21.054727 0.000000 115.390659 0.000000 9.353986 20.963168 0.000000 113.690549 0.000000 9.327717 20.877567 0.000000 110.301030 0.000000 9.350396 20.858976 0.000000 108.822683 0.000000 9.337665 20.936069 0.000000 109.000638 0.000000 9.361136 20.862202 0.000000 108.625523 0.000000 9.397286 20.905795 0.000000 109.843102 0.000000 9.437415 20.873273 0.000000 108.011945 0.000000 9.332955 21.414502 0.000000 107.236495 0.000000 9.342650 21.607966 0.000000 106.476101 0.000000 9.365455 22.021824 0.000000 105.355129 0.000000 9.395363 22.316693 0.000000 104.461238 0.000000 9.402564 22.475826 0.000000 104.480899 0.000000 9.391994 22.761607 0.000000 104.233022 0.000000 9.375501 23.094073 0.000000 103.659328 0.000000 9.363642 23.520912 0.000000 106.661169 0.000000 9.381004 23.721802 0.000000 108.384268 0.000000 9.544008 24.117482 0.000000 110.801748 0.000000 9.578288 23.998920 0.000000 114.779988 0.000000 9.613330 24.371860 0.000000 117.597019 0.000000 9.497207 24.161028 0.000000 120.564962 0.000000 9.474688 24.529009 0.000000 123.666454 0.000000 9.717242 25.723922 0.000000 126.893200 0.000000 9.900759 26.800956 0.000000 129.788948 0.000000 10.112212 27.971739 0.000000 133.431594 0.000000 10.042824 28.947270 0.000000 136.429853 0.000000 10.007388 29.385738 0.000000 140.271311 0.000000 9.959560 29.810435 0.000000 143.828345 0.000000 9.913852 30.416432 0.000000 146.494509 0.000000 9.843705 31.233859 0.000000 149.417299 0.000000 9.784403 32.134810 0.000000 152.307631 0.000000 9.706478 32.544815 0.000000 153.820953 0.000000 9.629621 32.418180 0.000000 154.074542 0.000000 9.648425 32.727817 0.000000 155.015195 0.000000 9.585121 33.258657 0.000000 154.935075 0.000000 9.508925 33.811542 0.000000 153.841086 0.000000 9.459366 34.656672 0.000000 150.273170 0.000000 9.715660 35.292185 0.000000 146.677219 0.000000 9.829534 35.822761 0.000000 143.706477 0.000000 9.833128 35.777427 0.000000 143.093253 0.000000 9.806972 35.890273 0.000000 143.154121 0.000000 9.937563 35.814659 0.000000 144.910079 0.000000 10.115190 35.644271 0.000000 144.719468 0.000000 10.201610 35.554999 0.000000 143.558350 0.000000 10.292497 35.547280 0.000000 144.387514 0.000000 10.295574 35.868242 0.000000 142.891971 0.000000 10.464998 36.061472 0.000000 141.602035 0.000000 10.417819 36.930220 0.000000 138.716621 0.000000 10.336323 37.275655 0.000000 133.736300 0.000000 10.225609 37.546160 0.000000 136.464901 15.878446 10.202117 38.633624 0.000000 135.625455 16.076082 10.180827 39.181631 0.000000 138.398649 16.095204 10.145967 39.765975 0.000000 141.875023 15.182630 10.244706 40.292546 0.000000 145.119896 15.257710 10.374528 40.680015 0.000000 147.394574 15.278547 10.473215 41.134075 0.000000 147.590324 15.359682 10.522975 41.263708 0.000000 149.873775 15.617265 10.704159 41.666408 29.421724 152.679353 15.772542 10.805686 42.679590 25.008234 156.197606 15.890101 10.938474 42.898434 24.685121 155.097635 15.937519 11.022011 42.669853 24.418574 154.926265 16.053126 11.329277 42.822632 24.135196 151.992848 16.143479 11.352867 42.951254 23.894237 149.302652 16.269298 11.444833 42.749994 21.552866 144.357999 16.141232 11.499850 42.555029 19.158381 142.575398 16.118321 11.547893 42.700400 16.725507 139.011123 15.849914 11.730702 41.303898 14.264846 135.221659 15.793378 11.799162 39.758755 11.648531 133.662706 15.167767 11.510550 38.001534 9.208220 131.385615 14.812046 11.401489 36.640095 9.184590 126.804965 14.644365 11.525671 35.130013 9.200407 122.418627 14.521734 11.580862 33.183913 9.179585 117.011790 13.814186 11.446933 31.745325 9.198411 109.473558 13.688633 11.562239 31.164287 9.182162 104.160774 13.628348 11.619024 29.856489 9.189289 99.523601 13.239758 11.801689 29.329382 9.246516 98.523843 13.283856 11.894299 28.354675 9.363993 97.482000 13.309796 12.000964 27.127010 9.384559 95.695119 13.230357 12.090592 25.917553 9.442248 95.099191 13.374245 12.341192 24.772015 9.532759 93.696930 13.188092 12.395408 23.688884 9.555661 93.315450 13.024658 12.432932 22.736142 9.591399 93.250773 12.868918 12.520079 22.793548 9.625219 95.678843 12.547656 12.653754 23.313219 9.617628 95.315052 12.403159 12.712458 23.985113 9.635449 91.799021 12.092226 12.794914 24.329662 9.676329 93.820253 12.183957 12.860569 24.648471 9.678868 93.722470 12.046835 12.656847 24.873544 9.724741 90.343487 11.741004 12.437462 24.699290 9.757803 97.056530 11.536706 12.347827 24.799663 9.732980 100.886094 11.243482 12.492379 24.883413 9.808919 104.164594 11.108967 12.170556 24.871989 10.073791 107.802715 10.853631 12.064313 24.972862 10.129385 111.007110 10.806282 11.780572 25.202244 10.187215 114.525492 10.660663 11.608550 25.418781 10.235228 118.548646 10.458591 11.512404 25.593110 10.345170 120.627568 10.400511 11.409311 25.826620 0.000000 124.481266 10.365710 11.273962 26.202205 0.000000 129.665524 10.320911 11.208275 25.939256 0.000000 134.427511 10.280969 11.213586 26.264546 0.000000 138.539579 10.257607 11.377724 26.524606 0.000000 147.412484 10.154475 11.164622 26.707842 0.000000 157.534905 10.283454 11.225756 27.254866 0.000000 168.365669 10.117996 11.126552 27.394300 0.000000 178.643232 10.131746 11.076601 27.801609 0.000000 182.882448 10.111160 10.858820 29.208425 0.000000 184.724464 10.119491 10.647406 30.531353 0.000000 188.161483 10.117554 10.404405 31.770274 0.000000 192.586558 10.061701 10.178372 33.103572 0.000000 194.379465 10.148075 10.127179 34.432087 0.000000 194.734745 10.477481 9.941749 35.941302 0.000000 194.112514 10.559527 9.864510 36.912292 0.000000 194.973250 10.580158 9.818842 38.261567 0.000000 192.181391 10.532002 9.776271 39.937474 0.000000 187.249198 10.562770 9.760743 40.841139 0.000000 182.315735 10.620672 9.739739 41.424005 0.000000 178.614989 10.647844 9.772236 43.133938 0.000000 168.630781 10.708925 9.869046 44.175380 0.000000 163.809075 10.750905 9.906290 44.697965 0.000000 163.192207 10.754723 9.911036 44.809801 0.000000 163.052546 11.012080 9.843710 45.186922 0.000000 165.020500 11.041098 9.838400 44.399191 0.000000 167.827606 10.886181 9.750115 43.314487 0.000000 173.808529 10.855634 9.743901 42.244849 0.000000 177.300898 10.839902 9.793951 41.781640 0.000000 183.715516 10.760867 9.856970 41.363569 0.000000 182.612975 10.774103 9.834509 40.859556 0.000000 180.600020 10.778861 9.696297 40.833213 0.000000 182.051118 10.755211 9.553630 40.369013 0.000000 184.331262 10.807366 9.621756 40.253710 0.000000 186.782059 10.813571 9.603591 40.156472 0.000000 191.072654 10.786993 9.689054 39.973747 0.000000 193.239710 10.598084 9.690832 39.618524 0.000000 198.446463 10.399457 9.657852 39.322088 0.000000 200.338542 10.236381 9.547533 39.090747 0.000000 202.684044 10.179468 9.529137 38.883330 0.000000 200.105548 10.127880 9.488778 39.000724 0.000000 200.223335 10.156435 9.459185 38.578054 0.000000 198.479621 10.189976 9.578456 37.725180 0.000000 199.067248 10.184471 9.600950 37.315450 0.000000 199.514412 10.082519 9.640198 37.274618 0.000000 199.262149 9.998633 9.690610 37.036240 0.000000 199.475714 9.944440 9.735866 36.866653 0.000000 198.553080 10.001396 9.760566 36.736205 0.000000 198.913837 10.024555 9.816661 36.690741 0.000000 199.033057 9.799761 9.859239 36.306394 0.000000 198.671697 9.759787 9.854188 36.011599 0.000000 197.211968 9.662828 9.655550 36.037043 0.000000 196.807596 9.594663 9.661517 35.408204 0.000000 196.810981 9.543211 9.492393 35.278376 0.000000 196.692452 9.492926 9.371269 34.948382 0.000000 195.997331 9.582008 9.286056 34.817534 0.000000 194.758574 9.611708 9.171582 34.142895 0.000000 193.859579 9.593692 9.174019 34.110727 0.000000 191.392257 9.594527 9.145764 33.161407 0.000000 189.383852 9.529557 9.110777 33.138281 0.000000 186.344799 9.483570 9.090470 32.959821 0.000000 177.307801 9.622003 9.119976 33.210758 0.000000 172.709904 9.566620 9.077891 32.735973 0.000000 171.234221 9.585036 9.092414 32.891722 0.000000 157.661055 9.518638 9.069992 33.095654 0.000000 150.248119 9.459044 9.065008 33.573991 0.000000 145.317344 9.382033 9.050336 34.252208 0.000000 144.717044 
usability
1.000000 0.950368 0.893382 0.977941 1.000000 
status
valid
valid
valid
valid
valid
highThr
50.000000 57.000000 60.000000 53.000000 49.000000 
lowThr
36.000000 24.000000 32.000000 37.000000 31.000000 
prevThr
25.000000 25.000000 25.000000 25.000000 25.000000 
highThrDef
50.000000 57.000000 60.000000 53.000000 49.000000 
lowThrDef
36.000000 24.000000 32.000000 37.000000 31.000000 
prevThrDef
25.000000 25.000000 25.000000 25.000000 25.000000 
manualSeparators

82   83  203  204  205  227  228  233  234  235  238  239  242  243  302  303

282  283  284  285  402  403  362  363  462  463    2    3    7    8   22   23

separators
1  141  142  545
1   22   24   81   82   83  107  108  109  110  112  113  114  115  181  182  184  185  186  187  202  203  204  205  227  228  229  230  233  234  235  238  239  240  241  242  243  261  262  286  287  302  303  545
1    6    7   69   70  342  361  362  381  393  394  442  443  501  502  503  504  509  510  511  513  516  517  520  521  545
1    2    3    7    8   22   23   42   43  103  104  105  282  283  284  285  362  363  402  403  442  443  462  463  545
1  545
