fields 34
worms 4
Wave_Initiation_Rate_Median
98.209920 NaN 93.699953 102.008603 
Wave_Initiation_Rate_Range
50.417770 NaN 78.591476 32.302937 
Body_Wave_Number_Median
0.538727 NaN 0.387580 0.491278 
Body_Wave_Number_Range
0.355173 NaN 0.213139 0.148622 
Asymmetry_Median
0.012655 NaN -0.019699 0.002970 
Asymmetry_Range
0.101809 NaN 0.114706 0.049426 
Reverse_Swimming
3.120260 NaN 3.502703 0.000000 
Curling
0.479042 NaN 0.390456 0.000000 
Stretch_Median
0.385588 NaN 0.392406 0.350924 
Stretch_Range
0.162882 NaN 0.143416 0.132484 
Attenuation_Median
60.614638 NaN 57.338121 63.032018 
Attenuation_Range
18.136492 NaN 23.630855 14.766431 
Traveling_Speed_Mean
7.502007 NaN 8.269761 12.324519 
Brush_Stroke_Median
0.156740 NaN 0.250128 0.275813 
Brush_Stroke_Range
0.035890 NaN 0.193635 0.282032 
Activity_Index_Median
244.835891 NaN 248.426738 261.716064 
Activity_Index_Range
131.067962 NaN 269.515843 287.604561 
Wave_Initiation_Rate_10
52.414538 NaN 40.227465 85.979850 
Body_Wave_Number_10
0.357183 NaN 0.284290 0.432530 
Asymmetry_10
-0.015579 NaN -0.084650 -0.009528 
Stretch_10
0.322213 NaN 0.317569 0.308602 
Attenuation_10
51.372157 NaN 45.325095 55.485494 
Brush_Stroke_10
0.135994 NaN 0.231389 0.261926 
Activity_Index_10
136.346762 NaN 94.241775 217.738884 
usability
0.920956 0.000000 0.847426 0.920956 
status
valid
rejected
valid
valid
highThr
49.000000 54.000000 48.000000 48.000000 
lowThr
30.000000 30.000000 32.000000 34.000000 
prevThr
25.000000 25.000000 25.000000 25.000000 
highThrDef
49.000000 54.000000 48.000000 48.000000 
lowThrDef
30.000000 12.000000 32.000000 34.000000 
prevThrDef
25.000000 25.000000 25.000000 25.000000 
manualSeparators




separators
1  123  124  161  162  201  202  408  409  545
1   36   40   43   55   56   57   58   65   66   68   73   74   77   78   84   87   88   93   97   98  102  111  112  113  114  115  116  121  141  142  144  150  158  159  160  161  162  167  181  182  183  185  186  187  188  191  192  200  206  207  211  212  240  246  247  251  252  259  261  269  271  272  273  274  287  288  299  300  307  308  316  317  360  361  370  371  380  381  545
1   41   42   61   62   81   82   88   89  194  195  545
1   41   42  172  173  497  498  545
