fields 34
worms 8
Wave_Initiation_Rate_Median
119.300424 101.771376 101.872306 NaN 100.240990 NaN NaN NaN 
Wave_Initiation_Rate_Range
57.915956 53.137212 60.757885 NaN 57.735109 NaN NaN NaN 
Body_Wave_Number_Median
0.700245 0.622389 0.642126 NaN 0.784779 NaN NaN NaN 
Body_Wave_Number_Range
0.379424 0.475822 0.518316 NaN 0.554533 NaN NaN NaN 
Asymmetry_Median
0.000466 -0.016807 -0.011743 NaN -0.009927 NaN NaN NaN 
Asymmetry_Range
0.086845 0.112331 0.062062 NaN 0.100483 NaN NaN NaN 
Reverse_Swimming
0.000000 0.000000 0.000000 NaN 0.000000 NaN NaN NaN 
Curling
0.116279 0.000000 2.929936 NaN 0.875000 NaN NaN NaN 
Stretch_Median
0.367296 0.374618 0.402064 NaN 0.435891 NaN NaN NaN 
Stretch_Range
0.219961 0.235214 0.283802 NaN 0.282256 NaN NaN NaN 
Attenuation_Median
64.935966 70.769790 66.119646 NaN 63.469173 NaN NaN NaN 
Attenuation_Range
18.177690 13.587738 27.421500 NaN 29.958836 NaN NaN NaN 
Traveling_Speed_Mean
9.751212 12.141472 4.413212 NaN 7.565184 NaN NaN NaN 
Brush_Stroke_Median
0.201543 0.278481 0.058153 NaN 0.211101 NaN NaN NaN 
Brush_Stroke_Range
0.069700 0.075562 0.040298 NaN 0.127852 NaN NaN NaN 
Activity_Index_Median
300.780597 277.427923 292.903046 NaN 259.335449 NaN NaN NaN 
Activity_Index_Range
154.759581 142.755921 322.513094 NaN 166.200113 NaN NaN NaN 
Wave_Initiation_Rate_10
67.910044 67.939661 57.402148 NaN 51.023631 NaN NaN NaN 
Body_Wave_Number_10
0.475041 0.392712 0.224662 NaN 0.510395 NaN NaN NaN 
Asymmetry_10
-0.074846 -0.088012 -0.053641 NaN -0.078556 NaN NaN NaN 
Stretch_10
0.285353 0.311979 0.328776 NaN 0.291627 NaN NaN NaN 
Attenuation_10
55.280708 64.506173 47.834813 NaN 45.402336 NaN NaN NaN 
Brush_Stroke_10
0.157451 0.240230 0.049037 NaN 0.180665 NaN NaN NaN 
Activity_Index_10
188.912125 189.476539 198.376000 NaN 179.402849 NaN NaN NaN 
usability
0.948529 0.976103 0.865809 0.352941 0.882353 0.227941 0.509191 0.040441 
status
valid
valid
valid
rejected
valid
rejected
rejected
rejected
highThr
64.000000 66.000000 85.000000 82.000000 71.000000 67.000000 64.000000 87.000000 
lowThr
44.000000 34.000000 30.000000 0.000000 36.000000 29.000000 43.000000 0.000000 
prevThr
25.000000 10.000000 25.000000 25.000000 25.000000 25.000000 25.000000 25.000000 
highThrDef
64.000000 66.000000 85.000000 82.000000 71.000000 67.000000 64.000000 87.000000 
lowThrDef
44.000000 34.000000 0.000000 0.000000 36.000000 29.000000 43.000000 0.000000 
prevThrDef
25.000000 25.000000 25.000000 25.000000 25.000000 25.000000 25.000000 25.000000 
manualSeparators
200



231



separators
1  161  163  187  188  200  215  216  235  236  295  296  298  299  422  423  474  475  524  526  530  531  542  543  545
1   24   25   26   27   28   30   31   35   36   37  235  236  544  545
1   25   26  191  201  202  221  222  223  261  262  401  402  545
1   22   23   24   25   51   52   55   56   62   63   80   81   82   83   89   92  101  102  151  152  163  165  183  184  198  199  200  201  202  203  207  212  221  222  225  545
1   41   42   69   70  231  238  239  474  476  483  487  488  489  492  497  498  545
1  281  282  322  324  334  335  338  339  343  344  347  348  353  354  355  357  364  367  371  373  374  375  389  390  393  394  399  400  401  405  407  415  416  418  419  421  426  434  435  438  442  446  448  449  450  456  457  458  469  470  471  473  541  542  543  544  545
1  261  295  296  327  328  356  357  368  369  410  411  507  508  512  513  545
1  401  402  405  407  412  413  421  426  438  439  440  441  442  446  448  450  458  459  466  467  469  470  471  472  473  481  484  487  545
