fields 34
worms 7
Wave_Initiation_Rate_Median
66.792466 70.215272 65.764815 67.728083 83.837919 NaN NaN 
Wave_Initiation_Rate_Range
43.246072 26.615893 45.770567 43.329774 32.861479 NaN NaN 
Body_Wave_Number_Median
0.678466 0.814923 0.674358 0.563259 0.806004 NaN NaN 
Body_Wave_Number_Range
0.594633 0.457111 0.686406 0.592278 0.352848 NaN NaN 
Asymmetry_Median
0.015834 -0.006436 -0.015447 0.011641 -0.000437 NaN NaN 
Asymmetry_Range
0.061546 0.023015 0.104102 0.123181 0.058736 NaN NaN 
Reverse_Swimming
3.340909 0.000000 5.133395 5.922078 0.337553 NaN NaN 
Curling
0.000000 0.000000 0.224299 1.043478 0.000000 NaN NaN 
Stretch_Median
0.491496 0.354967 0.457786 0.489261 0.402980 NaN NaN 
Stretch_Range
0.260681 0.171224 0.328979 0.182111 0.183024 NaN NaN 
Attenuation_Median
62.971902 71.212969 58.911960 59.722328 68.364094 NaN NaN 
Attenuation_Range
27.135834 15.164524 23.156625 19.592859 19.335355 NaN NaN 
Traveling_Speed_Mean
4.933422 5.690658 8.852932 6.600212 7.304768 NaN NaN 
Brush_Stroke_Median
0.137571 0.140611 0.101898 0.181228 0.232644 NaN NaN 
Brush_Stroke_Range
0.055515 0.043556 0.046069 0.057191 0.166639 NaN NaN 
Activity_Index_Median
157.720598 166.003078 207.505023 179.617114 211.794857 NaN NaN 
Activity_Index_Range
122.462496 70.352554 177.981268 107.906898 218.297786 NaN NaN 
Wave_Initiation_Rate_10
25.266958 67.508674 32.044685 32.503272 66.942016 NaN NaN 
Body_Wave_Number_10
0.442563 0.643014 0.296434 0.174011 0.594735 NaN NaN 
Asymmetry_10
-0.016771 -0.018823 -0.077238 -0.019139 -0.014302 NaN NaN 
Stretch_10
0.400674 0.296189 0.318279 0.403740 0.318365 NaN NaN 
Attenuation_10
52.617783 65.053658 47.398540 49.497213 57.579480 NaN NaN 
Brush_Stroke_10
0.109108 0.118820 0.083538 0.153105 0.185388 NaN NaN 
Activity_Index_10
65.453772 134.393308 96.951636 112.787213 146.950047 NaN NaN 
usability
0.884191 0.716912 0.983456 0.845588 0.761029 0.104779 0.000000 
status
valid
valid
valid
valid
valid
rejected
rejected
highThr
73.000000 74.000000 68.000000 78.000000 76.000000 76.000000 NaN 
lowThr
46.000000 43.000000 40.000000 36.000000 44.000000 58.000000 0.000000 
prevThr
25.000000 25.000000 25.000000 25.000000 25.000000 25.000000 25.000000 
highThrDef
73.000000 74.000000 68.000000 78.000000 76.000000 76.000000 NaN 
lowThrDef
46.000000 43.000000 40.000000 36.000000 36.000000 58.000000 0.000000 
prevThrDef
25.000000 25.000000 25.000000 25.000000 25.000000 25.000000 25.000000 
manualSeparators
518
314  359

323  330



separators
1  426  429  441  443  482  513  518  521  537  538  545
1  284  290  293  299  300  314  342  343  350  354  359  401  464  467  482  487  489  490  494  495  497  545
1  142  145  216  217  242  246  247  284  286  293  299  300  342  343  350  354  545
1  249  259  260  262  263  264  323  326  327  330  446  447  482  501  513  521  522  532  533  537  538  545
1  101  102  121  141  145  146  282  284  338  345  346  348  349  545
1  381  401  402  464  465  466  467  482  487  489  490  494  495  497  545
1  545
