fields 34
worms 5
Wave_Initiation_Rate_Median
64.522241 124.750809 135.190948 131.098210 NaN 
Wave_Initiation_Rate_Range
118.531950 63.877794 80.113251 58.110647 NaN 
Body_Wave_Number_Median
0.947111 0.416543 0.455006 0.507410 NaN 
Body_Wave_Number_Range
1.119979 0.509718 0.463787 0.401291 NaN 
Asymmetry_Median
0.005454 0.003582 -0.011302 -0.006152 NaN 
Asymmetry_Range
0.093146 0.111940 0.068695 0.077327 NaN 
Reverse_Swimming
0.000000 1.766329 0.000000 0.000000 NaN 
Curling
0.772532 0.000000 0.680529 0.000000 NaN 
Stretch_Median
0.363092 0.357117 0.320213 0.326196 NaN 
Stretch_Range
0.209992 0.210735 0.152694 0.140501 NaN 
Attenuation_Median
63.231628 64.445950 56.886368 64.205755 NaN 
Attenuation_Range
28.751711 27.149394 23.485733 23.942802 NaN 
Traveling_Speed_Mean
6.033129 13.393950 15.586354 11.278070 NaN 
Brush_Stroke_Median
0.069466 0.251738 0.374118 0.107337 NaN 
Brush_Stroke_Range
0.034182 0.044163 0.086343 0.025679 NaN 
Activity_Index_Median
239.870484 307.391676 352.158249 655.689455 NaN 
Activity_Index_Range
415.715901 178.686718 222.801688 385.988618 NaN 
Wave_Initiation_Rate_10
9.248888 71.343872 56.137755 77.831250 NaN 
Body_Wave_Number_10
0.459973 0.147885 0.242372 0.224773 NaN 
Asymmetry_10
-0.033739 -0.064005 -0.040721 -0.045171 NaN 
Stretch_10
0.311300 0.284855 0.277700 0.268339 NaN 
Attenuation_10
47.570297 48.918800 45.543311 50.060620 NaN 
Brush_Stroke_10
0.046692 0.228716 0.322779 0.091354 NaN 
Activity_Index_10
60.832631 171.553478 162.336722 373.264606 NaN 
usability
0.856618 1.000000 0.972426 0.887868 
status
valid
valid
valid
valid
rejected
highThr
64.000000 54.000000 57.000000 53.000000 51.000000 
lowThr
20.000000 31.000000 23.000000 35.000000 34.000000 
prevThr
15.000000 25.000000 15.000000 25.000000 25.000000 
highThrDef
64.000000 54.000000 57.000000 53.000000 51.000000 
lowThrDef
13.000000 31.000000 23.000000 35.000000 34.000000 
prevThrDef
25.000000 25.000000 25.000000 25.000000 25.000000 
manualSeparators





separators
1   79   81   82   96   97  124  126  127  141  142  145  146  147  185  201  202  510  511  545
1  238  239  310  313  314  322  325  432  433  545
1  448  449  454  455  477  481  482  487  489  490  496  498  499  501  521  522  545
1   61   62  168  170  171  175  179  180  183  184  545
1  545
