fields 34
worms 5
Wave_Initiation_Rate_Median
63.656267 101.238262 41.087678 59.370582 102.112069 
Wave_Initiation_Rate_Range
80.734469 87.114647 52.273871 55.368916 117.229097 
Body_Wave_Number_Median
0.784390 1.009304 0.682459 0.647364 0.811099 
Body_Wave_Number_Range
0.354763 0.749769 0.659066 0.575927 0.707902 
Asymmetry_Median
0.003793 -0.001123 -0.029294 -0.000991 0.001671 
Asymmetry_Range
0.137529 0.145127 0.171512 0.194294 0.176161 
Reverse_Swimming
0.000000 7.948482 0.000000 9.659614 3.820896 
Curling
0.113208 1.219963 4.236641 0.444444 2.044088 
Stretch_Median
0.434808 0.437782 0.481957 0.428660 0.441026 
Stretch_Range
0.314419 0.421353 0.409008 0.373401 0.432184 
Attenuation_Median
83.412483 61.527211 70.304757 64.365469 67.876634 
Attenuation_Range
21.549013 94.517145 21.458983 47.699500 32.199938 
Traveling_Speed_Mean
2.097458 6.124240 3.117150 4.121356 7.990658 
Brush_Stroke_Median
0.046206 0.079324 0.052455 0.105780 0.254948 
Brush_Stroke_Range
0.014177 0.024250 0.016697 0.041287 0.277173 
Activity_Index_Median
136.397907 390.071014 132.528163 126.166502 246.816329 
Activity_Index_Range
204.510929 286.219648 179.264841 132.567372 449.173523 
Wave_Initiation_Rate_10
20.224864 16.575958 16.132636 19.576824 16.474909 
Body_Wave_Number_10
0.627146 0.472882 0.406052 0.350376 0.377987 
Asymmetry_10
-0.101104 -0.066826 -0.166048 -0.094559 -0.090859 
Stretch_10
0.288418 0.350735 0.320824 0.293551 0.305489 
Attenuation_10
68.196977 -23.274260 58.534085 35.904150 44.199718 
Brush_Stroke_10
0.042098 0.068149 0.043300 0.085331 0.177208 
Activity_Index_10
38.354306 161.431676 43.811120 43.354796 28.379483 
usability
0.974265 0.994485 0.963235 0.992647 0.917279 
status
valid
valid
valid
valid
valid
highThr
67.000000 68.000000 67.000000 82.000000 64.000000 
lowThr
51.000000 52.000000 43.000000 53.000000 43.000000 
prevThr
25.000000 25.000000 25.000000 25.000000 25.000000 
highThrDef
67.000000 68.000000 67.000000 82.000000 64.000000 
lowThrDef
51.000000 52.000000 43.000000 53.000000 43.000000 
prevThrDef
25.000000 25.000000 25.000000 25.000000 25.000000 
manualSeparators





separators
1  383  384  407  409  483  490  497  501  545
1   83   84   99  100  137  138  545
1    7   12   30   32  264  265  287  288  383  384  407  409  452  453  483  490  545
1  242  243  254  255  272  273  445  446  545
1   41   42   74   75  187  189  268  269  545
