fields 34
worms 6
Wave_Initiation_Rate_Median
67.999959 67.382422 69.328053 85.023169 67.964722 NaN 
Wave_Initiation_Rate_Range
16.401921 20.120544 16.256783 20.427600 23.259390 NaN 
Body_Wave_Number_Median
0.609961 0.680726 0.627492 0.603113 0.643217 NaN 
Body_Wave_Number_Range
0.245533 0.241191 0.156120 0.192871 0.252622 NaN 
Asymmetry_Median
-0.025746 0.015954 0.010950 0.002406 -0.023548 NaN 
Asymmetry_Range
0.061687 0.078021 0.031375 0.052369 0.088985 NaN 
Reverse_Swimming
0.000000 0.000000 0.000000 0.000000 0.000000 NaN 
Curling
0.000000 0.000000 0.000000 0.336449 1.552680 NaN 
Stretch_Median
0.483610 0.432021 0.444301 0.451282 0.506657 NaN 
Stretch_Range
0.185780 0.141724 0.093807 0.140731 0.219570 NaN 
Attenuation_Median
72.703636 63.105059 67.596880 66.112884 66.017742 NaN 
Attenuation_Range
21.391856 14.650995 8.961377 16.403149 14.773607 NaN 
Traveling_Speed_Mean
10.641584 6.629966 9.500507 9.965779 7.236370 NaN 
Brush_Stroke_Median
0.166403 0.165917 0.212621 0.231407 0.173508 NaN 
Brush_Stroke_Range
0.047315 0.034160 0.035428 0.036276 0.024647 NaN 
Activity_Index_Median
187.884091 182.649511 201.481005 231.472510 187.015915 NaN 
Activity_Index_Range
46.409892 48.141500 42.947220 55.030951 63.943015 NaN 
Wave_Initiation_Rate_10
63.098435 59.574405 66.958562 66.463892 45.873332 NaN 
Body_Wave_Number_10
0.521120 0.563798 0.543534 0.515509 0.499351 NaN 
Asymmetry_10
-0.058180 -0.001591 -0.000079 -0.038031 -0.097473 NaN 
Stretch_10
0.402175 0.378114 0.408020 0.401232 0.464462 NaN 
Attenuation_10
58.819582 55.284426 63.292001 57.679373 56.874288 NaN 
Brush_Stroke_10
0.151616 0.154312 0.199370 0.216173 0.160186 NaN 
Activity_Index_10
169.503318 162.252922 181.202719 196.585894 137.339422 NaN 
usability
1.000000 0.869485 0.922794 0.983456 0.994485 0.000000 
status
valid
valid
valid
valid
valid
rejected
highThr
60.000000 71.000000 68.000000 63.000000 65.000000 NaN 
lowThr
43.000000 38.000000 51.000000 45.000000 46.000000 0.000000 
prevThr
25.000000 25.000000 25.000000 25.000000 25.000000 25.000000 
highThrDef
60.000000 71.000000 68.000000 63.000000 65.000000 NaN 
lowThrDef
43.000000 38.000000 51.000000 45.000000 46.000000 0.000000 
prevThrDef
25.000000 25.000000 25.000000 25.000000 25.000000 25.000000 
manualSeparators

225  226  227  228  233  234  235  236


7    8   33   34  152  153

separators
1  241  242  545
1  108  109  225  226  227  228  229  230  231  233  234  235  236  241  243  244  261  285  287  296  301  312  315  366  368  503  534  535  538  539  543  545
1  395  397  503  517  518  520  523  524  525  528  534  535  538  539  543  545
1  132  133  225  229  230  231  232  233  241  243  244  285  286  296  301  312  315  366  368  395  396  545
1    3    7    8   13   22   30   33   34   37   42   44   48   55   56   59   60   62   63  121  122  152  153  154  321  322  545
1  545
