fields 34
worms 5
Wave_Initiation_Rate_Median
10.894634 20.901169 8.949652 8.860809 6.663220 
Wave_Initiation_Rate_Range
11.979019 24.065738 4.245470 9.167999 3.865511 
Body_Wave_Number_Median
1.551017 1.057889 1.688474 1.622641 1.866495 
Body_Wave_Number_Range
0.993145 0.649573 0.503639 0.516674 0.313325 
Asymmetry_Median
0.037276 0.016685 -0.018014 -0.016889 -0.063570 
Asymmetry_Range
0.191910 0.274460 0.136807 0.268849 0.115530 
Reverse_Swimming
10.708372 0.000000 0.000000 0.000000 0.000000 
Curling
1.323529 4.589552 0.000000 1.325967 0.000000 
Stretch_Median
0.575623 0.627878 0.593088 0.663323 0.470200 
Stretch_Range
0.185212 0.158204 0.184495 0.277981 0.226657 
Attenuation_Median
66.344791 53.109505 65.191797 47.517411 61.068356 
Attenuation_Range
21.357378 28.802825 23.007631 46.818648 35.389362 
Traveling_Speed_Mean
2.024311 2.725700 1.830459 1.786602 0.918487 
Brush_Stroke_Median
0.049732 0.060354 0.049875 0.047279 0.031959 
Brush_Stroke_Range
0.014473 0.019296 0.013104 0.016518 0.009874 
Activity_Index_Median
28.186279 59.932946 22.926398 20.257468 10.420735 
Activity_Index_Range
30.129362 83.715969 9.121008 28.387550 6.958092 
Wave_Initiation_Rate_10
7.972488 9.938373 7.318518 7.351097 5.796532 
Body_Wave_Number_10
0.801423 0.833248 1.342395 1.365707 1.627132 
Asymmetry_10
-0.039846 -0.093275 -0.068636 -0.160824 -0.102006 
Stretch_10
0.496661 0.534121 0.488750 0.561965 0.323146 
Attenuation_10
57.159609 33.921178 54.984847 17.176818 34.236340 
Brush_Stroke_10
0.041927 0.051736 0.044463 0.037674 0.028998 
Activity_Index_10
19.357499 29.351271 19.965882 15.879812 9.193478 
usability
1.000000 0.985294 1.000000 0.998162 0.948529 
status
valid
valid
valid
valid
valid
highThr
58.000000 65.000000 64.000000 59.000000 52.000000 
lowThr
43.000000 43.000000 48.000000 43.000000 37.000000 
prevThr
25.000000 25.000000 25.000000 25.000000 25.000000 
highThrDef
58.000000 62.000000 64.000000 59.000000 52.000000 
lowThrDef
43.000000 43.000000 48.000000 43.000000 37.000000 
prevThrDef
25.000000 25.000000 25.000000 25.000000 25.000000 
manualSeparators

30

255
343  344  345  346
separators
1  101  102  103  107  108  112  113  345  346  545
1   30   37   38  128  129  196  197  486  487  545
1  181  182  545
1  202  203  255  258  259  308  309  545
1   10   12   41   42  306  307  343  344  345  346  522  545
