fields 34
worms 4
Wave_Initiation_Rate_Median
126.678062 119.952666 107.710997 107.513767 
Wave_Initiation_Rate_Range
78.501284 67.748089 101.984619 82.818366 
Body_Wave_Number_Median
0.600148 0.478961 0.586478 0.566711 
Body_Wave_Number_Range
0.380203 0.176827 0.569448 0.472249 
Asymmetry_Median
0.006538 0.009137 -0.001208 0.008369 
Asymmetry_Range
0.067171 0.084157 0.075531 0.090652 
Reverse_Swimming
0.000000 0.000000 4.139834 0.000000 
Curling
0.000000 0.000000 0.996310 0.441176 
Stretch_Median
0.360428 0.420249 0.363387 0.395317 
Stretch_Range
0.176569 0.226552 0.330412 0.194773 
Attenuation_Median
65.880889 71.787823 65.836187 64.540136 
Attenuation_Range
16.011888 13.732460 34.851295 17.591123 
Traveling_Speed_Mean
12.988191 9.478231 12.065902 10.190094 
Brush_Stroke_Median
0.297051 0.287415 0.283638 0.174454 
Brush_Stroke_Range
0.046670 0.047505 0.091914 0.025459 
Activity_Index_Median
299.403438 281.334634 253.414473 317.672033 
Activity_Index_Range
182.342617 144.804612 255.595487 248.599211 
Wave_Initiation_Rate_10
56.045912 67.102921 33.154080 41.622331 
Body_Wave_Number_10
0.318973 0.422478 0.221112 0.267647 
Asymmetry_10
-0.009535 -0.008155 -0.055995 -0.010488 
Stretch_10
0.307805 0.324905 0.260341 0.336078 
Attenuation_10
57.730286 65.049039 42.819956 54.800158 
Brush_Stroke_10
0.274487 0.269343 0.225623 0.163879 
Activity_Index_10
145.027996 165.719165 64.902316 119.804125 
usability
0.992647 0.981618 0.996324 1.000000 
status
valid
valid
valid
valid
highThr
60.000000 58.000000 57.000000 61.000000 
lowThr
39.000000 41.000000 37.000000 45.000000 
prevThr
25.000000 25.000000 25.000000 25.000000 
highThrDef
55.000000 58.000000 57.000000 61.000000 
lowThrDef
39.000000 41.000000 38.000000 45.000000 
prevThrDef
25.000000 25.000000 25.000000 25.000000 
manualSeparators

331  324


separators
1   83   84  308  309  329  330  538  540  545
1   40   42  298  299  324  331  545
1  137  138  162  163  260  261  538  540  545
1  140  141  213  214  545
