fields 34
worms 5
Wave_Initiation_Rate_Median
7.172508 33.348871 NaN 36.454595 22.389314 
Wave_Initiation_Rate_Range
1.182500 22.909750 NaN 35.134601 65.259766 
Body_Wave_Number_Median
1.792361 0.975352 NaN 1.043655 1.012727 
Body_Wave_Number_Range
0.160223 1.081310 NaN 0.765680 2.293851 
Asymmetry_Median
-0.116937 0.010474 NaN 0.058313 0.000190 
Asymmetry_Range
0.066269 0.161215 NaN 0.204353 0.073402 
Reverse_Swimming
0.000000 4.967801 NaN 2.539098 0.000000 
Curling
0.000000 4.768946 NaN 4.760148 1.136364 
Stretch_Median
0.384056 0.515394 NaN 0.477014 0.485462 
Stretch_Range
0.152138 0.337135 NaN 0.373563 0.300547 
Attenuation_Median
72.326938 58.588620 NaN 47.840999 61.741118 
Attenuation_Range
11.056888 42.903602 NaN 29.873733 30.781784 
Traveling_Speed_Mean
0.966541 2.698375 NaN 2.380737 3.940326 
Brush_Stroke_Median
0.043204 0.073326 NaN 0.059907 0.124819 
Brush_Stroke_Range
0.014115 0.029846 NaN 0.023506 0.089611 
Activity_Index_Median
15.207674 78.440471 NaN 117.281587 30.049363 
Activity_Index_Range
5.745182 65.251506 NaN 108.602148 158.077184 
Wave_Initiation_Rate_10
6.805591 13.677130 NaN 17.112219 6.534807 
Body_Wave_Number_10
1.724639 0.298670 NaN 0.612380 0.632433 
Asymmetry_10
-0.137112 -0.041661 NaN -0.000309 -0.020401 
Stretch_10
0.326247 0.380897 NaN 0.337083 0.357741 
Attenuation_10
65.797661 28.050258 NaN 36.007850 42.370721 
Brush_Stroke_10
0.037386 0.055637 NaN 0.047325 0.085114 
Activity_Index_10
13.910501 30.377900 NaN 48.672510 8.671250 
usability
1.000000 0.994485 1.000000 0.996324 0.970588 
status
valid
valid
rejected
valid
valid
highThr
70.000000 73.000000 56.000000 69.000000 74.000000 
lowThr
43.000000 47.000000 46.000000 42.000000 42.000000 
prevThr
25.000000 25.000000 25.000000 25.000000 25.000000 
highThrDef
70.000000 73.000000 55.000000 69.000000 74.000000 
lowThrDef
43.000000 47.000000 46.000000 47.000000 42.000000 
prevThrDef
25.000000 25.000000 25.000000 25.000000 25.000000 
manualSeparators

235  236

124  125
127  164  165  167  176  179  189  190  219  220  322  323
separators
1  545
1  235  236  237  377  378  545
1  545
1  101  102  124  125  126  161  162  545
1  121  122  127  164  165  167  176  179  189  190  219  220  318  319  322  323  545
