fields 34
worms 6
Wave_Initiation_Rate_Median
60.694481 16.752618 35.349843 12.557155 NaN NaN 
Wave_Initiation_Rate_Range
56.330191 26.884152 23.976767 18.730264 NaN NaN 
Body_Wave_Number_Median
0.569298 0.905898 0.977307 1.379034 NaN NaN 
Body_Wave_Number_Range
1.132684 1.630827 0.462938 0.881799 NaN NaN 
Asymmetry_Median
0.023326 -0.017855 -0.008882 -0.110616 NaN NaN 
Asymmetry_Range
0.252590 0.282841 0.070807 0.193685 NaN NaN 
Reverse_Swimming
7.650602 11.124088 0.000000 0.000000 NaN NaN 
Curling
8.390805 16.666667 0.551471 0.000000 NaN NaN 
Stretch_Median
0.481553 0.803225 0.508140 0.602235 NaN NaN 
Stretch_Range
0.559271 0.372538 0.138641 0.215952 NaN NaN 
Attenuation_Median
51.276588 44.340256 56.427929 82.442597 NaN NaN 
Attenuation_Range
48.549394 27.149744 19.470034 8.921893 NaN NaN 
Traveling_Speed_Mean
4.494328 0.727782 4.096717 1.945041 NaN NaN 
Brush_Stroke_Median
0.182351 0.062478 0.091132 0.057805 NaN NaN 
Brush_Stroke_Range
0.072581 0.028305 0.033529 0.030259 NaN NaN 
Activity_Index_Median
188.624137 32.675724 114.280477 34.712984 NaN NaN 
Activity_Index_Range
189.031971 121.342886 69.967386 49.089870 NaN NaN 
Wave_Initiation_Rate_10
10.668257 8.018324 27.172609 7.608817 NaN NaN 
Body_Wave_Number_10
0.076302 0.161752 0.803472 0.898120 NaN NaN 
Asymmetry_10
-0.051713 -0.193641 -0.064864 -0.169859 NaN NaN 
Stretch_10
0.378484 0.535012 0.433494 0.471492 NaN NaN 
Attenuation_10
12.937256 27.238734 47.919009 78.187034 NaN NaN 
Brush_Stroke_10
0.134253 0.055855 0.076301 0.037177 NaN NaN 
Activity_Index_10
26.568234 23.225799 74.347282 16.484399 NaN NaN 
usability
0.959559 0.827206 1.000000 1.000000 0.610294 0.981618 
status
valid
valid
valid
valid
rejected
rejected
highThr
68.000000 71.000000 72.000000 76.000000 65.000000 123.000000 
lowThr
42.000000 34.000000 55.000000 62.000000 43.000000 101.000000 
prevThr
25.000000 25.000000 25.000000 25.000000 25.000000 25.000000 
highThrDef
68.000000 71.000000 72.000000 76.000000 65.000000 123.000000 
lowThrDef
42.000000 34.000000 55.000000 62.000000 26.000000 101.000000 
prevThrDef
25.000000 25.000000 25.000000 25.000000 25.000000 25.000000 
manualSeparators
324  325  351  352  349  350  345  346  362  363  401  402  422  423  420  421
248  249  335  336  334  330  331  337  426  427  428  429  437  438




separators
1  324  325  326  327  328  345  346  349  350  351  352  362  363  364  401  402  416  417  420  421  422  423  424  434  435  540  544  545
1   61   81   82  101  102  192  193  233  238  248  249  250  261  330  331  334  335  336  337  338  339  362  363  369  370  421  422  425  426  427  428  429  437  438  440  444  461  462  517  518  545
1  236  237  545
1  545
1    7   11   12   17   18   21   45   48   50   55   72   81   82   86   87   88   97  142  143  144  146  151  167  175  176  177  178  179  206  213  214  215  224  225  277  301  313  321  322  331  332  334  335  341  343  346  354  355  358  359  360  361  362  429  430  431  432  435  436  441  461  462  464  473  474  475  478  480  485  490  501  502  510  514  545
1   69   70   72   80   85   86  545
