fields 34
worms 5
Wave_Initiation_Rate_Median
5.532957 27.700492 21.247654 11.221852 11.679597 
Wave_Initiation_Rate_Range
0.490903 20.552962 19.295664 10.955914 11.847736 
Body_Wave_Number_Median
1.862723 1.141266 0.925536 1.462287 1.476298 
Body_Wave_Number_Range
0.367723 0.662636 0.630247 0.493485 0.979782 
Asymmetry_Median
-0.089944 -0.004963 -0.008187 0.009321 -0.022747 
Asymmetry_Range
0.028126 0.095727 0.194211 0.234308 0.150419 
Reverse_Swimming
0.000000 3.311868 7.838086 0.000000 11.260350 
Curling
0.000000 0.000000 0.000000 0.000000 0.000000 
Stretch_Median
0.257510 0.504448 0.660275 0.548478 0.666156 
Stretch_Range
0.064501 0.152059 0.244590 0.138651 0.111472 
Attenuation_Median
65.205776 56.043706 48.257433 60.819130 32.541871 
Attenuation_Range
14.325854 23.499776 22.601920 41.162548 58.431120 
Traveling_Speed_Mean
0.376401 3.005560 4.207405 2.575998 2.211847 
Brush_Stroke_Median
0.027187 0.079026 0.091077 0.055146 0.047961 
Brush_Stroke_Range
0.002929 0.029765 0.026272 0.017643 0.017143 
Activity_Index_Median
7.445363 67.241037 66.791688 32.323084 33.407053 
Activity_Index_Range
1.579843 51.491493 65.952424 37.996393 33.245106 
Wave_Initiation_Rate_10
5.416603 13.189127 14.383674 8.651628 7.323858 
Body_Wave_Number_10
1.752607 0.762681 0.552465 1.235089 0.814712 
Asymmetry_10
-0.103748 -0.055997 -0.095108 -0.148707 -0.090981 
Stretch_10
0.230655 0.454315 0.502508 0.479778 0.611166 
Attenuation_10
60.951974 43.521647 38.192281 41.154488 -11.403625 
Brush_Stroke_10
0.025846 0.067723 0.079067 0.045345 0.041225 
Activity_Index_10
7.121986 33.792066 37.798862 20.031881 19.024389 
usability
1.000000 1.000000 1.000000 1.000000 0.994485 
status
valid
valid
valid
valid
valid
highThr
57.000000 67.000000 65.000000 68.000000 63.000000 
lowThr
39.000000 50.000000 50.000000 50.000000 45.000000 
prevThr
25.000000 25.000000 25.000000 25.000000 25.000000 
highThrDef
55.000000 67.000000 65.000000 68.000000 63.000000 
lowThrDef
39.000000 50.000000 50.000000 50.000000 45.000000 
prevThrDef
25.000000 25.000000 25.000000 25.000000 25.000000 
manualSeparators





separators
1  545
1   99  101  545
1  545
1  545
1  333  334  542  544  545
