fields 34
worms 5
Wave_Initiation_Rate_Median
9.447659 8.374312 9.167935 7.455026 10.326869 
Wave_Initiation_Rate_Range
9.140735 6.572653 7.465479 3.314073 9.502422 
Body_Wave_Number_Median
1.570077 1.682317 1.564219 1.783230 1.498437 
Body_Wave_Number_Range
1.216507 0.504915 0.878804 0.418783 0.574786 
Asymmetry_Median
-0.014348 -0.048824 0.023369 0.020547 0.025557 
Asymmetry_Range
0.168069 0.114762 0.178288 0.151233 0.189514 
Reverse_Swimming
12.198712 1.600736 4.195032 0.000000 0.000000 
Curling
0.000000 0.000000 0.000000 0.000000 0.000000 
Stretch_Median
0.558179 0.436526 0.456371 0.345097 0.442169 
Stretch_Range
0.145346 0.217962 0.169061 0.190746 0.168344 
Attenuation_Median
65.711705 43.476108 73.221029 80.786406 72.266519 
Attenuation_Range
27.106478 29.687802 30.994038 15.096215 24.637355 
Traveling_Speed_Mean
1.264210 1.031493 1.654629 1.088501 1.221303 
Brush_Stroke_Median
0.048353 0.039681 0.049363 0.034466 0.041067 
Brush_Stroke_Range
0.020413 0.021251 0.013616 0.012004 0.014157 
Activity_Index_Median
21.966994 17.265496 22.213555 12.922449 21.789150 
Activity_Index_Range
26.893812 19.338890 22.140555 8.248999 24.988299 
Wave_Initiation_Rate_10
7.989581 6.876851 7.638619 6.837577 8.520624 
Body_Wave_Number_10
0.563030 1.365241 0.871885 1.477529 1.209330 
Asymmetry_10
-0.130197 -0.119049 -0.102385 -0.045600 -0.069248 
Stretch_10
0.476910 0.340996 0.373894 0.258488 0.361482 
Attenuation_10
50.139132 28.019734 52.794307 70.280947 57.499123 
Brush_Stroke_10
0.037036 0.035584 0.042938 0.029012 0.035863 
Activity_Index_10
15.292786 11.831107 17.540466 10.813818 17.062997 
usability
0.998162 1.000000 1.000000 1.000000 1.000000 
status
valid
valid
valid
valid
valid
highThr
55.000000 51.000000 66.000000 67.000000 58.000000 
lowThr
38.000000 32.000000 48.000000 48.000000 39.000000 
prevThr
25.000000 25.000000 25.000000 25.000000 25.000000 
highThrDef
55.000000 51.000000 66.000000 67.000000 58.000000 
lowThrDef
38.000000 32.000000 48.000000 48.000000 39.000000 
prevThrDef
25.000000 25.000000 25.000000 25.000000 25.000000 
manualSeparators





separators
1  442  443  545
1  545
1  545
1  545
1  545
