fields 34
worms 5
Wave_Initiation_Rate_Median
66.908323 54.328810 NaN 40.025008 69.321118 
Wave_Initiation_Rate_Range
38.630758 45.243698 NaN 33.206018 11.639938 
Body_Wave_Number_Median
0.662147 0.992125 NaN 0.630140 0.629780 
Body_Wave_Number_Range
0.545254 0.842776 NaN 0.771868 0.611249 
Asymmetry_Median
-0.051386 -0.029658 NaN -0.010186 0.005217 
Asymmetry_Range
0.120279 0.147890 NaN 0.071605 0.043314 
Reverse_Swimming
1.408451 11.521961 NaN 7.980296 2.480620 
Curling
0.459770 5.084746 NaN 0.000000 1.039604 
Stretch_Median
0.567336 0.520652 NaN 0.519543 0.480485 
Stretch_Range
0.237320 0.264472 NaN 0.315543 0.147973 
Attenuation_Median
64.480893 51.668693 NaN 62.864269 58.717190 
Attenuation_Range
47.120199 34.439413 NaN 22.204609 22.356533 
Traveling_Speed_Mean
5.173206 4.513308 NaN 6.631762 5.289578 
Brush_Stroke_Median
0.145852 0.121683 NaN 0.202308 0.186307 
Brush_Stroke_Range
0.057685 0.066564 NaN 0.102728 0.085045 
Activity_Index_Median
148.970390 124.551427 NaN 157.013552 205.160834 
Activity_Index_Range
120.972642 118.086992 NaN 195.954762 147.134043 
Wave_Initiation_Rate_10
30.810960 21.094873 NaN 30.941038 67.280567 
Body_Wave_Number_10
0.460779 0.579408 NaN 0.172329 0.267054 
Asymmetry_10
-0.116590 -0.104611 NaN -0.050267 -0.018886 
Stretch_10
0.462905 0.451535 NaN 0.427130 0.429938 
Attenuation_10
31.779471 32.939967 NaN 50.839779 43.628232 
Brush_Stroke_10
0.122255 0.102501 NaN 0.135922 0.163884 
Activity_Index_10
71.806287 56.015753 NaN 90.211196 176.183509 
usability
0.959559 0.976103 0.086397 0.952206 0.742647 
status
valid
valid
rejected
valid
valid
highThr
63.000000 68.000000 74.000000 79.000000 67.000000 
lowThr
39.000000 52.000000 43.000000 53.000000 40.000000 
prevThr
25.000000 25.000000 25.000000 25.000000 25.000000 
highThrDef
63.000000 68.000000 74.000000 79.000000 67.000000 
lowThrDef
39.000000 52.000000 43.000000 53.000000 31.000000 
prevThrDef
25.000000 25.000000 25.000000 25.000000 25.000000 
manualSeparators
346
348

327  328
267  268
separators
1    2    3   11   12   38   39   50   53   61   62   65   70  244  246  346  349  350  380  381  438  441  545
1   10   11   59   60   81   82  100  101  143  144  341  342  348  361  362  541  542  545
1   22   23   38   39   50   51   53   61   62   64   65   81   82  101  281  301  302  545
1   16   20   21   37  109  113  114  115  116  117  272  273  287  288  321  327  328  338  341  545
1   41   42   43   44   92   95  109  111  232  242  266  267  268  281  309  361  362  427  428  545
