fields 34
worms 4
Wave_Initiation_Rate_Median
105.150798 111.765334 101.368375 100.709697 
Wave_Initiation_Rate_Range
92.534406 33.768519 67.781899 61.898663 
Body_Wave_Number_Median
0.624105 0.593239 0.548044 0.577162 
Body_Wave_Number_Range
0.284389 0.155528 0.248508 0.312525 
Asymmetry_Median
-0.011133 0.003766 -0.004391 -0.003500 
Asymmetry_Range
0.117648 0.084067 0.082930 0.060803 
Reverse_Swimming
0.000000 0.000000 0.000000 3.673469 
Curling
0.692841 0.000000 1.104972 0.979021 
Stretch_Median
0.363571 0.362670 0.365343 0.417784 
Stretch_Range
0.274493 0.110390 0.170907 0.197233 
Attenuation_Median
73.989647 68.206727 69.162570 69.051681 
Attenuation_Range
24.352031 17.819010 19.800749 23.460775 
Traveling_Speed_Mean
3.966529 7.308947 8.636157 7.238242 
Brush_Stroke_Median
0.054255 0.269144 0.239515 0.417631 
Brush_Stroke_Range
0.036021 0.048687 0.041162 0.241408 
Activity_Index_Median
287.136183 268.141003 236.077579 425.466155 
Activity_Index_Range
358.160993 107.421746 164.822391 304.571805 
Wave_Initiation_Rate_10
40.921612 86.057822 34.197757 39.870872 
Body_Wave_Number_10
0.435564 0.513857 0.381802 0.397238 
Asymmetry_10
-0.106946 -0.056247 -0.072373 -0.029555 
Stretch_10
0.272295 0.322956 0.326586 0.344309 
Attenuation_10
58.311189 58.707885 58.972085 55.609563 
Brush_Stroke_10
0.044087 0.244211 0.219944 0.214512 
Activity_Index_10
97.180018 192.351901 93.937547 158.561124 
usability
0.795956 0.908088 0.998162 0.788603 
status
valid
valid
valid
valid
highThr
60.000000 56.000000 54.000000 58.000000 
lowThr
36.000000 39.000000 38.000000 30.000000 
prevThr
25.000000 25.000000 25.000000 25.000000 
highThrDef
60.000000 56.000000 54.000000 58.000000 
lowThrDef
36.000000 39.000000 38.000000 30.000000 
prevThrDef
25.000000 25.000000 25.000000 25.000000 
manualSeparators




separators
1  177  178  182  183  185  186  229  232  238  243  248  262  281  282  283  289  341  342  372  373  415  418  447  449  545
1  229  232  238  243  248  252  254  262  281  282  283  289  290  545
1  253  254  545
1  101  102  389  390  407  408  530  531  532  533  535  542  545
