fields 34
worms 5
Wave_Initiation_Rate_Median
37.653953 22.393904 15.612497 NaN NaN 
Wave_Initiation_Rate_Range
62.536971 20.500367 24.988588 NaN NaN 
Body_Wave_Number_Median
0.641503 0.910915 1.279695 NaN NaN 
Body_Wave_Number_Range
0.956525 0.945042 1.142741 NaN NaN 
Asymmetry_Median
0.003930 0.024041 0.032024 NaN NaN 
Asymmetry_Range
0.154686 0.192212 0.312299 NaN NaN 
Reverse_Swimming
5.795768 19.760810 6.458142 NaN NaN 
Curling
0.000000 0.000000 5.681818 NaN NaN 
Stretch_Median
0.562186 0.526673 0.539545 NaN NaN 
Stretch_Range
0.414213 0.198304 0.234778 NaN NaN 
Attenuation_Median
68.432050 63.471240 57.360889 NaN NaN 
Attenuation_Range
21.044887 41.315506 53.632658 NaN NaN 
Traveling_Speed_Mean
4.553036 2.641753 1.751638 NaN NaN 
Brush_Stroke_Median
0.067001 0.087620 0.069126 NaN NaN 
Brush_Stroke_Range
0.023661 0.050704 0.035316 NaN NaN 
Activity_Index_Median
160.341701 54.790529 52.473435 NaN NaN 
Activity_Index_Range
208.383130 52.722642 70.665095 NaN NaN 
Wave_Initiation_Rate_10
11.386750 13.253144 8.190728 NaN NaN 
Body_Wave_Number_10
0.410613 0.427128 0.504178 NaN NaN 
Asymmetry_10
-0.074458 -0.054194 -0.099466 NaN NaN 
Stretch_10
0.322584 0.422097 0.448006 NaN NaN 
Attenuation_10
59.281664 41.417778 32.253199 NaN NaN 
Brush_Stroke_10
0.057862 0.063883 0.052146 NaN NaN 
Activity_Index_10
38.637941 28.572040 16.683343 NaN NaN 
usability
1.000000 1.000000 0.970588 0.575368 0.327206 
status
valid
valid
valid
rejected
rejected
highThr
76.000000 82.000000 73.000000 83.000000 88.000000 
lowThr
48.000000 39.000000 50.000000 46.000000 45.000000 
prevThr
25.000000 25.000000 25.000000 25.000000 25.000000 
highThrDef
76.000000 82.000000 73.000000 83.000000 88.000000 
lowThrDef
55.000000 39.000000 50.000000 46.000000 2.000000 
prevThrDef
25.000000 25.000000 25.000000 25.000000 25.000000 
manualSeparators


225  429  430  436  437


separators
1  545
1  288  289  448  462  464  468  505  508  545
1  225  234  235  237  238  288  289  410  411  422  423  429  430  436  437  441  442  455  456  505  508  545
1    9   10   11   12  122  141  166  170  181  286  288  334  335  339  340  341  342  383  399  400  401  402  403  412  420  421  422  425  426  431  441  442  461  545
1  161  164  165  175  176  190  191  209  210  213  214  215  216  221  223  234  235  237  238  241  242  244  245  256  257  271  341  342  365  376  377  379  388  389  394  400  445  446  447  451  536  537  545
