fields 34
worms 5
Wave_Initiation_Rate_Median
44.525402 61.347831 55.635712 49.660044 NaN 
Wave_Initiation_Rate_Range
18.417506 33.182282 51.915271 24.198813 NaN 
Body_Wave_Number_Median
0.773601 0.713563 0.646514 0.833009 NaN 
Body_Wave_Number_Range
0.512221 0.522861 1.231842 0.643923 NaN 
Asymmetry_Median
-0.010111 -0.002629 -0.006093 0.011112 NaN 
Asymmetry_Range
0.096800 0.138137 0.137832 0.079513 NaN 
Reverse_Swimming
0.000000 3.587856 7.175713 0.000000 NaN 
Curling
0.000000 0.000000 2.115028 0.912548 NaN 
Stretch_Median
0.523082 0.467991 0.445100 0.584343 NaN 
Stretch_Range
0.197031 0.225712 0.369985 0.209401 NaN 
Attenuation_Median
67.252403 59.984030 71.917783 70.133097 NaN 
Attenuation_Range
14.562316 16.752510 28.321635 38.522119 NaN 
Traveling_Speed_Mean
8.065262 8.564377 7.107275 8.452568 NaN 
Brush_Stroke_Median
0.152235 0.162920 0.133242 0.142869 NaN 
Brush_Stroke_Range
0.058533 0.046672 0.111372 0.085272 NaN 
Activity_Index_Median
129.848112 175.159500 121.762271 132.806079 NaN 
Activity_Index_Range
83.459714 109.469519 202.702566 115.976071 NaN 
Wave_Initiation_Rate_10
33.507923 33.272611 15.216270 32.610146 NaN 
Body_Wave_Number_10
0.536188 0.323881 0.198704 0.450077 NaN 
Asymmetry_10
-0.070855 -0.104385 -0.096530 -0.023706 NaN 
Stretch_10
0.441625 0.365736 0.318638 0.496086 NaN 
Attenuation_10
57.414781 51.645542 52.068090 42.616432 NaN 
Brush_Stroke_10
0.127441 0.132010 0.099113 0.106329 NaN 
Activity_Index_10
101.297346 91.189879 27.527322 95.528393 NaN 
usability
1.000000 1.000000 0.990809 0.966912 0.446691 
status
valid
valid
valid
valid
rejected
highThr
71.000000 76.000000 73.000000 76.000000 88.000000 
lowThr
57.000000 48.000000 46.000000 48.000000 50.000000 
prevThr
25.000000 25.000000 25.000000 25.000000 25.000000 
highThrDef
71.000000 76.000000 73.000000 76.000000 88.000000 
lowThrDef
57.000000 48.000000 46.000000 48.000000 19.000000 
prevThrDef
25.000000 25.000000 25.000000 25.000000 25.000000 
manualSeparators


362  363  366  367
412  413  414  417  418  419  420  421  444  445  443  442  516  517  515  518  519

separators
1  201  202  426  427  545
1  442  443  545
1  362  363  366  367  397  398  448  449  504  505  545
1  175  176  190  191  192  193  412  413  414  415  416  417  418  419  420  421  442  443  444  445  446  447  515  516  517  518  519  545
1  121  122  139  140  144  147  151  152  155  175  178  192  194  209  211  220  227  237  241  242  243  247  252  256  262  266  268  276  281  285  287  288  290  293  299  311  316  324  330  340  347  358  367  392  410  441  442  449  457  469  478  487  498  530  531  545
