fields 34
worms 4
Wave_Initiation_Rate_Median
33.626081 7.054517 74.774955 7.019537 
Wave_Initiation_Rate_Range
39.048536 1.574919 51.464911 2.605825 
Body_Wave_Number_Median
0.734769 1.835175 0.645255 1.805893 
Body_Wave_Number_Range
1.241503 0.207206 0.544358 0.293103 
Asymmetry_Median
0.012107 0.172785 -0.003167 0.012631 
Asymmetry_Range
0.213833 0.028801 0.140632 0.157126 
Reverse_Swimming
4.473373 0.000000 10.708372 0.000000 
Curling
11.533477 0.000000 0.444444 1.127349 
Stretch_Median
0.602749 0.385805 0.417732 0.419886 
Stretch_Range
0.373354 0.122048 0.224242 0.195611 
Attenuation_Median
42.477025 67.830026 49.454883 60.851410 
Attenuation_Range
49.186024 18.887161 20.243841 40.426512 
Traveling_Speed_Mean
2.477460 0.433995 7.729934 0.614214 
Brush_Stroke_Median
0.137539 0.029918 0.158122 0.031860 
Brush_Stroke_Range
0.120634 0.003127 0.041906 0.008817 
Activity_Index_Median
93.449366 10.459877 224.399427 11.568376 
Activity_Index_Range
194.766768 2.559901 159.305730 4.526512 
Wave_Initiation_Rate_10
17.197527 6.217992 33.179469 5.708471 
Body_Wave_Number_10
0.052577 1.703897 0.302010 1.673863 
Asymmetry_10
-0.128792 0.155375 -0.100344 -0.028133 
Stretch_10
0.483081 0.330657 0.370006 0.342490 
Attenuation_10
14.053769 61.414684 40.820522 44.572480 
Brush_Stroke_10
0.090284 0.028751 0.138664 0.027689 
Activity_Index_10
26.795955 9.295694 102.668764 8.657114 
usability
0.851103 1.000000 0.992647 0.880515 
status
valid
valid
valid
valid
highThr
57.000000 38.000000 61.000000 52.000000 
lowThr
37.000000 25.000000 43.000000 18.000000 
prevThr
25.000000 25.000000 25.000000 25.000000 
highThrDef
57.000000 38.000000 61.000000 52.000000 
lowThrDef
37.000000 25.000000 43.000000 18.000000 
prevThrDef
25.000000 25.000000 25.000000 25.000000 
manualSeparators


161  162  160  159
458  459  460  461  470  471  472
separators
1   69   70  221  241  242  301  302  461  462  463  467  468  545
1  545
1  159  160  161  162  163  545
1  446  447  449  450  457  458  459  460  461  463  464  465  466  470  471  472  474  475  476  477  480  481  487  488  501  502  505  506  513  514  516  517  523  524  527  528  532  533  536  537  539  540  543  544  545
