fields 34
worms 7
Wave_Initiation_Rate_Median
82.745250 76.271513 68.406688 66.179977 NaN NaN NaN 
Wave_Initiation_Rate_Range
35.390029 34.033747 53.263119 66.906771 NaN NaN NaN 
Body_Wave_Number_Median
0.486409 0.514719 0.511828 0.420185 NaN NaN NaN 
Body_Wave_Number_Range
0.309310 0.255874 0.201213 0.405746 NaN NaN NaN 
Asymmetry_Median
-0.015723 -0.009553 0.009972 0.019654 NaN NaN NaN 
Asymmetry_Range
0.068841 0.053508 0.138571 0.147335 NaN NaN NaN 
Reverse_Swimming
6.242775 0.000000 0.000000 6.016559 NaN NaN NaN 
Curling
0.000000 0.000000 0.266667 1.657459 NaN NaN NaN 
Stretch_Median
0.397907 0.431115 0.459296 0.451282 NaN NaN NaN 
Stretch_Range
0.178623 0.146734 0.159725 0.213970 NaN NaN NaN 
Attenuation_Median
66.991426 72.821047 62.783676 61.549207 NaN NaN NaN 
Attenuation_Range
37.908534 16.442599 12.337058 25.976738 NaN NaN NaN 
Traveling_Speed_Mean
6.108243 5.466729 6.167233 6.565932 NaN NaN NaN 
Brush_Stroke_Median
0.274175 0.195572 0.290054 0.159821 NaN NaN NaN 
Brush_Stroke_Range
0.053378 0.036176 0.081952 0.043999 NaN NaN NaN 
Activity_Index_Median
247.075455 202.384043 210.745439 188.901858 NaN NaN NaN 
Activity_Index_Range
108.857444 88.361652 151.174730 202.434237 NaN NaN NaN 
Wave_Initiation_Rate_10
66.585778 67.054532 47.254373 35.035870 NaN NaN NaN 
Body_Wave_Number_10
0.260530 0.401789 0.434026 0.158643 NaN NaN NaN 
Asymmetry_10
-0.034325 -0.036300 -0.024169 -0.026845 NaN NaN NaN 
Stretch_10
0.325087 0.349322 0.367865 0.334891 NaN NaN NaN 
Attenuation_10
35.449591 65.439525 56.607634 46.449356 NaN NaN NaN 
Brush_Stroke_10
0.244542 0.178518 0.238486 0.134841 NaN NaN NaN 
Activity_Index_10
171.643086 161.623064 124.693477 100.918955 NaN NaN NaN 
usability
0.878676 0.968750 0.827206 0.998162 0.709559 0.255515 0.000000 
status
valid
valid
valid
valid
rejected
rejected
rejected
highThr
57.000000 52.000000 62.000000 53.000000 53.000000 60.000000 58.000000 
lowThr
30.000000 35.000000 22.000000 30.000000 6.000000 4.000000 26.000000 
prevThr
25.000000 25.000000 25.000000 25.000000 25.000000 25.000000 25.000000 
highThrDef
57.000000 52.000000 62.000000 53.000000 53.000000 60.000000 58.000000 
lowThrDef
30.000000 35.000000 22.000000 33.000000 6.000000 4.000000 26.000000 
prevThrDef
25.000000 25.000000 25.000000 25.000000 25.000000 25.000000 25.000000 
manualSeparators







separators
1    4   14   17   18   19   21   24   26   37   38  377  378  383  389  390  394  395  399  406  409  410  412  413  421  422  424  425  427  431  432  434  440  545
1  252  253  300  301  303  304  308  316  318  331  333  336  338  348  349  382  383  396  398  404  405  407  408  409  410  416  417  449  452  453  455  456  461  462  475  484  486  545
1  300  301  303  304  308  316  318  331  333  336  338  342  377  378  383  389  390  394  395  399  406  409  410  412  413  421  422  423  424  425  427  431  432  434  440  539  540  545
1    2    3   61   62  238  239  545
1    3   21   22   29   30   67   68   76   77   78   82   83   87   88   95   96  106  107  116  117  124  125  152  154  156  157  172  173  221  231  232  233  234  237  243  244  256  257  263  264  277  278  282  283  293  294  298  299  300  301  303  304  309  310  322  323  325  326  331  332  337  338  343  344  352  353  354  356  357  358  360  361  366  367  368  371  372  374  375  381  382  432  434  445  521  522  523  527  528  536  537  545
1  221  222  231  232  233  234  237  330  331  349  350  352  354  356  358  361  366  381  382  388  389  401  402  403  545
1  341  342  348  349  382  383  396  398  449  453  455  456  475  484  486  545
