fields 34
worms 6
Wave_Initiation_Rate_Median
9.169212 9.981560 7.339205 9.489316 11.158440 NaN 
Wave_Initiation_Rate_Range
3.722919 8.839483 3.898229 6.284576 14.187007 NaN 
Body_Wave_Number_Median
1.692445 1.587222 1.844156 1.612245 1.387329 NaN 
Body_Wave_Number_Range
0.452881 0.705990 0.427685 0.438670 1.441007 NaN 
Asymmetry_Median
-0.021533 -0.008590 0.155022 0.017082 0.012729 NaN 
Asymmetry_Range
0.044059 0.265362 0.041502 0.133247 0.127791 NaN 
Reverse_Swimming
0.000000 1.545538 0.000000 0.000000 7.948482 NaN 
Curling
0.000000 0.000000 0.000000 0.000000 0.000000 NaN 
Stretch_Median
0.362750 0.511670 0.382931 0.367393 0.416824 NaN 
Stretch_Range
0.119525 0.126206 0.196379 0.142305 0.119907 NaN 
Attenuation_Median
77.461216 68.932459 78.773594 70.303136 61.467684 NaN 
Attenuation_Range
9.349095 24.402057 9.406660 27.697881 16.285169 NaN 
Traveling_Speed_Mean
0.654244 0.791959 0.324906 1.277243 2.918600 NaN 
Brush_Stroke_Median
0.030610 0.043316 0.027721 0.040903 0.067130 NaN 
Brush_Stroke_Range
0.006812 0.019204 0.002592 0.016790 0.037952 NaN 
Activity_Index_Median
14.698270 21.087829 10.499250 19.042499 36.141350 NaN 
Activity_Index_Range
5.711033 17.313756 5.029017 20.696568 32.209805 NaN 
Wave_Initiation_Rate_10
7.567954 7.483394 6.355026 7.477751 8.450347 NaN 
Body_Wave_Number_10
1.380179 1.097879 1.481753 1.399527 0.273521 NaN 
Asymmetry_10
-0.045842 -0.134583 0.131635 -0.042408 -0.056141 NaN 
Stretch_10
0.310757 0.455947 0.273671 0.327179 0.376892 NaN 
Attenuation_10
71.386865 54.801833 75.705558 53.520199 56.292045 NaN 
Brush_Stroke_10
0.029000 0.038015 0.026282 0.033730 0.049863 NaN 
Activity_Index_10
12.172122 15.958753 8.710253 14.835957 23.330871 NaN 
usability
0.996324 0.998162 0.994485 1.000000 0.996324 0.000000 
status
valid
valid
valid
valid
valid
rejected
highThr
54.000000 60.000000 56.000000 70.000000 60.000000 NaN 
lowThr
38.000000 42.000000 38.000000 47.000000 12.000000 0.000000 
prevThr
25.000000 25.000000 25.000000 25.000000 25.000000 25.000000 
highThrDef
54.000000 60.000000 56.000000 70.000000 60.000000 NaN 
lowThrDef
38.000000 42.000000 38.000000 47.000000 12.000000 0.000000 
prevThrDef
25.000000 25.000000 25.000000 25.000000 25.000000 25.000000 
manualSeparators






separators
1   86   87  182  183  545
1  321  322  545
1  338  340  365  366  545
1  545
1  198  199  377  378  545
1  545
