fields 34
worms 5
Wave_Initiation_Rate_Median
68.063906 78.516410 66.729477 78.869074 79.427549 
Wave_Initiation_Rate_Range
22.163602 52.553984 57.222282 50.298371 41.354991 
Body_Wave_Number_Median
0.600222 0.665043 0.805763 0.513348 0.719930 
Body_Wave_Number_Range
0.362388 0.741596 0.998595 0.507264 0.529121 
Asymmetry_Median
-0.026230 -0.009275 -0.006465 0.003260 -0.014530 
Asymmetry_Range
0.073362 0.102389 0.043269 0.045461 0.083049 
Reverse_Swimming
0.000000 2.605549 2.053790 0.000000 0.000000 
Curling
0.000000 0.660793 4.000000 0.000000 0.407240 
Stretch_Median
0.426469 0.491256 0.415389 0.362568 0.428304 
Stretch_Range
0.136746 0.179051 0.410706 0.328424 0.162643 
Attenuation_Median
67.784068 58.148300 63.570256 65.862512 61.088798 
Attenuation_Range
20.283202 19.525207 51.303184 15.323998 14.665218 
Traveling_Speed_Mean
5.886630 11.261326 3.719161 12.475471 10.957259 
Brush_Stroke_Median
0.087595 0.274188 0.045837 0.191456 0.358749 
Brush_Stroke_Range
0.040430 0.067565 0.044718 0.052851 0.185384 
Activity_Index_Median
207.604408 226.696496 139.586977 225.443571 330.039037 
Activity_Index_Range
104.277203 137.633743 248.659736 168.556561 213.909539 
Wave_Initiation_Rate_10
50.234916 48.344586 19.878908 49.999908 43.947419 
Body_Wave_Number_10
0.422295 0.178277 0.303888 0.256262 0.333409 
Asymmetry_10
-0.062526 -0.046607 -0.027119 -0.019636 -0.074213 
Stretch_10
0.369774 0.437411 0.308524 0.286692 0.362344 
Attenuation_10
56.918155 45.702617 25.152794 57.528673 54.579674 
Brush_Stroke_10
0.069494 0.244109 0.036452 0.163767 0.199365 
Activity_Index_10
177.462754 156.768971 42.584231 126.979720 180.526289 
usability
0.994485 0.834559 0.827206 1.000000 0.812500 
status
valid
valid
valid
valid
valid
highThr
77.000000 63.000000 81.000000 77.000000 66.000000 
lowThr
49.000000 42.000000 38.000000 38.000000 45.000000 
prevThr
25.000000 25.000000 25.000000 25.000000 25.000000 
highThrDef
77.000000 63.000000 81.000000 77.000000 66.000000 
lowThrDef
49.000000 42.000000 38.000000 38.000000 45.000000 
prevThrDef
25.000000 25.000000 25.000000 25.000000 25.000000 
manualSeparators

97  98
250  261  268  269  417


separators
1    2   13   15  545
1   97   98   99  111  114  327  329  333  343  344  345  348  349  350  354  356  357  358  359  361  362  365  366  367  368  369  370  421  422  545
1  241  248  250  261  268  269  270  299  300  326  327  329  333  343  344  362  364  366  367  368  370  371  372  403  415  417  545
1   41   42   66   67  340  350  351  352  537  538  545
1  101  102  433  434  441  442  443  444  545
