fields 34
worms 5
Wave_Initiation_Rate_Median
67.885535 10.671991 67.809734 19.420130 39.686394 
Wave_Initiation_Rate_Range
22.199077 11.643173 72.965631 60.146102 56.308895 
Body_Wave_Number_Median
0.560717 1.332826 0.634974 1.380265 0.673489 
Body_Wave_Number_Range
0.226164 0.848607 0.712621 1.196879 0.869783 
Asymmetry_Median
0.012803 0.004048 -0.000873 0.014129 -0.008181 
Asymmetry_Range
0.053723 0.118650 0.078428 0.053227 0.070125 
Reverse_Swimming
6.967213 1.119171 5.749235 0.000000 0.000000 
Curling
0.921053 2.769231 1.480076 0.441176 3.451327 
Stretch_Median
0.458604 0.643668 0.433204 0.452473 0.475519 
Stretch_Range
0.187441 0.244757 0.249495 0.102354 0.187295 
Attenuation_Median
76.721941 62.897243 63.083310 69.146563 68.843779 
Attenuation_Range
59.227045 44.063900 40.805352 21.712658 18.148403 
Traveling_Speed_Mean
3.384642 3.165866 7.030589 4.133620 2.049409 
Brush_Stroke_Median
0.054676 0.070331 0.185797 0.127135 0.061850 
Brush_Stroke_Range
0.036799 0.021841 0.098805 0.031023 0.053009 
Activity_Index_Median
182.258226 38.811453 273.782342 50.714543 113.403940 
Activity_Index_Range
192.055823 41.758478 224.536458 176.937834 151.696144 
Wave_Initiation_Rate_10
59.316023 8.950455 28.207742 7.945140 11.620454 
Body_Wave_Number_10
0.441192 0.715452 0.153261 0.490135 0.415470 
Asymmetry_10
-0.017209 -0.037697 -0.029246 -0.001930 -0.044077 
Stretch_10
0.383042 0.552800 0.351901 0.425965 0.333288 
Attenuation_10
26.369761 28.758388 35.192683 56.599064 61.238331 
Brush_Stroke_10
0.050062 0.062904 0.168217 0.115156 0.045458 
Activity_Index_10
108.150609 27.741996 77.835134 20.842158 34.613685 
usability
0.838235 0.955882 0.968750 1.000000 0.830882 
status
valid
valid
valid
valid
valid
highThr
54.000000 64.000000 58.000000 56.000000 59.000000 
lowThr
32.000000 34.000000 28.000000 40.000000 35.000000 
prevThr
25.000000 25.000000 25.000000 25.000000 25.000000 
highThrDef
54.000000 64.000000 58.000000 56.000000 59.000000 
lowThrDef
32.000000 34.000000 28.000000 40.000000 30.000000 
prevThrDef
25.000000 25.000000 25.000000 25.000000 25.000000 
manualSeparators
344  345  368  369  376  377  378  380  381  524  525  541  542  540
487  488
208  209  245  246  265  266  267  268

191  192  216  217  253  254  255  256  267  268  272  273  341  342  368  369  380  381
separators
1  155  156  226  228  229  234  235  236  237  238  239  242  281  282  293  299  300  301  311  313  321  322  323  325  335  336  341  344  345  360  361  365  368  369  372  373  375  376  377  378  380  381  387  389  412  414  415  416  430  431  432  435  451  452  524  525  528  530  540  541  542  545
1  122  124  203  204  281  283  284  301  486  487  488  496  497  498  501  502  545
1  208  209  210  245  246  257  259  260  264  265  266  267  268  545
1    2   25   29  424  425  467  468  545
1  191  192  193  216  217  218  226  228  229  242  253  254  255  256  257  258  267  268  272  273  293  299  300  301  311  313  325  338  339  341  342  360  361  365  368  369  370  372  373  375  376  380  381  387  389  396  398  412  413  414  415  416  430  431  432  435  489  492  505  508  524  526  539  541  545
