fields 34
worms 5
Wave_Initiation_Rate_Median
13.301437 13.167245 6.641349 8.785561 17.852345 
Wave_Initiation_Rate_Range
10.975594 10.620328 3.533701 8.481123 22.052474 
Body_Wave_Number_Median
1.599698 1.680504 1.882663 1.695384 1.443455 
Body_Wave_Number_Range
0.416137 0.855524 0.381193 1.106172 0.768723 
Asymmetry_Median
-0.031212 -0.008085 0.173306 -0.022972 -0.032060 
Asymmetry_Range
0.128856 0.176230 0.105045 0.204871 0.115970 
Reverse_Swimming
0.000000 2.925483 0.000000 4.581417 2.042318 
Curling
0.000000 1.917293 0.000000 0.000000 0.000000 
Stretch_Median
0.681092 0.691404 0.389698 0.549104 0.677242 
Stretch_Range
0.137165 0.184167 0.204186 0.333394 0.219845 
Attenuation_Median
63.049392 65.071340 70.951190 57.800373 52.067078 
Attenuation_Range
20.980517 26.515941 32.286039 39.015419 16.535944 
Traveling_Speed_Mean
1.747888 2.153980 0.517604 1.856714 1.645707 
Brush_Stroke_Median
0.044914 0.053224 0.029004 0.051806 0.049955 
Brush_Stroke_Range
0.018078 0.011382 0.007644 0.020995 0.015656 
Activity_Index_Median
30.929705 36.781464 9.367050 21.125547 44.053776 
Activity_Index_Range
25.743717 25.454884 8.053502 26.114245 42.340545 
Wave_Initiation_Rate_10
7.860211 8.848509 5.876747 7.002868 9.859092 
Body_Wave_Number_10
1.385609 1.030250 1.551070 0.869317 1.036108 
Asymmetry_10
-0.070152 -0.144515 0.081257 -0.120866 -0.092133 
Stretch_10
0.632075 0.575891 0.320656 0.417630 0.585332 
Attenuation_10
54.942712 47.809694 46.172122 36.577765 46.489960 
Brush_Stroke_10
0.039778 0.048892 0.027501 0.042080 0.043105 
Activity_Index_10
17.769478 24.648426 8.252829 15.568534 28.316499 
usability
1.000000 0.977941 1.000000 1.000000 0.998162 
status
valid
valid
valid
valid
valid
highThr
67.000000 69.000000 57.000000 74.000000 67.000000 
lowThr
53.000000 54.000000 39.000000 53.000000 47.000000 
prevThr
25.000000 25.000000 25.000000 25.000000 25.000000 
highThrDef
67.000000 69.000000 57.000000 74.000000 67.000000 
lowThrDef
53.000000 54.000000 39.000000 53.000000 47.000000 
prevThrDef
25.000000 25.000000 25.000000 25.000000 25.000000 
manualSeparators





separators
1  141  142  545
1    2    3   11   12   14   15   20   26   27   32   33   34  545
1  284  285  545
1  111  120  545
1  442  443  540  542  543  545
