fields 34
worms 5
Wave_Initiation_Rate_Median
11.308555 137.033678 141.148840 135.938185 135.704729 
Wave_Initiation_Rate_Range
128.906587 10.413570 52.459769 62.593127 115.262215 
Body_Wave_Number_Median
1.294093 0.676641 0.653003 0.540677 0.543484 
Body_Wave_Number_Range
1.561141 0.267824 0.298820 0.391226 0.661625 
Asymmetry_Median
0.014293 -0.020459 0.014535 -0.006695 -0.001003 
Asymmetry_Range
0.137758 0.025458 0.053911 0.061846 0.068311 
Reverse_Swimming
3.925234 0.000000 0.000000 0.000000 4.144960 
Curling
0.231214 0.000000 0.000000 0.339623 0.875000 
Stretch_Median
0.466420 0.342734 0.287031 0.369452 0.375052 
Stretch_Range
0.256458 0.123177 0.118227 0.234310 0.279818 
Attenuation_Median
70.347431 73.949417 77.435811 80.444134 72.805199 
Attenuation_Range
55.550917 16.884934 15.480462 14.107979 37.718497 
Traveling_Speed_Mean
5.719945 5.602540 13.764139 9.227696 17.688185 
Brush_Stroke_Median
0.069716 0.350240 0.283908 0.318828 0.334690 
Brush_Stroke_Range
0.074367 0.050881 0.056237 0.064851 0.141580 
Activity_Index_Median
23.809781 338.912686 320.721081 303.720657 369.254727 
Activity_Index_Range
753.610624 46.285707 145.286945 92.457682 243.538230 
Wave_Initiation_Rate_10
6.330151 135.499388 106.093449 88.565542 38.390829 
Body_Wave_Number_10
0.303009 0.532414 0.475686 0.379428 0.218994 
Asymmetry_10
-0.047813 -0.035609 -0.016056 -0.040107 -0.036322 
Stretch_10
0.388533 0.295939 0.243697 0.287060 0.302427 
Attenuation_10
29.597075 64.749629 69.249303 72.739051 41.081452 
Brush_Stroke_10
0.040856 0.325104 0.260568 0.287552 0.300280 
Activity_Index_10
12.836299 320.607944 237.402589 265.034458 245.674785 
usability
0.954044 0.976103 0.954044 0.974265 0.882353 
status
valid
valid
valid
valid
valid
highThr
71.000000 64.000000 65.000000 73.000000 68.000000 
lowThr
37.000000 48.000000 45.000000 47.000000 34.000000 
prevThr
25.000000 25.000000 25.000000 25.000000 10.000000 
highThrDef
71.000000 64.000000 65.000000 73.000000 68.000000 
lowThrDef
37.000000 48.000000 45.000000 47.000000 34.000000 
prevThrDef
25.000000 25.000000 25.000000 25.000000 25.000000 
manualSeparators





separators
1  244  246  247  248  266  267  401  421  422  545
1    2    3   42   43   75   76   90   91   97   98  102  103  127  128  236  237  265  266  302  303  402  403  405  406  417  418  545
1  102  103  129  130  131  200  201  362  364  399  400  409  410  412  414  430  432  433  434  439  441  442  443  449  450  451  453  454  455  460  461  462  463  495  497  545
1    2    3   48   49   68   69   73   74   78   79   94   95  308  309  410  411  442  443  444  445  455  456  530  531  544  545
1   41   60   62   88   89  221  230  231  241  242  545
