fields 34
worms 5
Wave_Initiation_Rate_Median
7.061970 6.663404 6.362423 7.640090 11.506899 
Wave_Initiation_Rate_Range
4.516510 2.364119 1.906618 2.892302 15.284827 
Body_Wave_Number_Median
1.860815 1.739092 1.861074 1.821374 1.382207 
Body_Wave_Number_Range
0.594180 0.638261 0.435944 0.304294 0.826469 
Asymmetry_Median
0.015236 -0.065846 0.180301 0.034162 -0.013988 
Asymmetry_Range
0.151540 0.085555 0.137475 0.096967 0.149277 
Reverse_Swimming
2.318307 0.000000 0.000000 0.000000 0.441582 
Curling
0.000000 0.000000 6.012270 0.000000 0.000000 
Stretch_Median
0.376896 0.413576 0.348978 0.351624 0.361419 
Stretch_Range
0.125342 0.147052 0.142134 0.137767 0.103346 
Attenuation_Median
68.514375 64.363466 62.704161 74.366749 49.643503 
Attenuation_Range
24.380867 31.456913 32.062186 10.342366 27.959579 
Traveling_Speed_Mean
1.114215 0.450573 0.242820 0.466114 1.341577 
Brush_Stroke_Median
0.037352 0.030373 0.032021 0.030583 0.045541 
Brush_Stroke_Range
0.012825 0.005543 0.014811 0.006071 0.022501 
Activity_Index_Median
12.747798 9.702378 10.689567 12.163900 31.729605 
Activity_Index_Range
11.401588 4.283625 5.426847 5.515812 35.433466 
Wave_Initiation_Rate_10
5.739143 5.635182 5.805975 5.991920 7.774371 
Body_Wave_Number_10
1.486696 1.266212 1.625672 1.641229 0.887086 
Asymmetry_10
-0.040338 -0.094376 0.101248 0.021515 -0.067222 
Stretch_10
0.303619 0.347628 0.292162 0.304794 0.314630 
Attenuation_10
53.794634 43.489553 48.908497 68.586608 35.858832 
Brush_Stroke_10
0.032518 0.028078 0.027832 0.027764 0.035373 
Activity_Index_10
9.798052 8.152892 8.320817 8.221446 15.086101 
usability
1.000000 0.994485 0.898897 0.996324 0.998162 
status
valid
valid
valid
valid
valid
highThr
64.000000 47.000000 56.000000 43.000000 64.000000 
lowThr
47.000000 32.000000 41.000000 30.000000 47.000000 
prevThr
25.000000 25.000000 25.000000 25.000000 25.000000 
highThrDef
64.000000 47.000000 56.000000 43.000000 64.000000 
lowThrDef
47.000000 32.000000 41.000000 30.000000 47.000000 
prevThrDef
25.000000 25.000000 25.000000 25.000000 25.000000 
manualSeparators





separators
1  545
1   72   74  155  156  545
1  151  152  321  354  402  421  484  485  487  488  545
1  201  202  362  363  545
1  301  302  545
