fields 34
worms 5
Wave_Initiation_Rate_Median
52.452647 32.534384 62.834642 60.173979 61.032558 
Wave_Initiation_Rate_Range
29.104302 43.585063 28.421836 34.598266 33.670117 
Body_Wave_Number_Median
0.709058 0.692604 0.692782 0.703228 0.545293 
Body_Wave_Number_Range
0.282350 1.222366 0.331736 0.474578 0.559447 
Asymmetry_Median
-0.057208 -0.009481 -0.013014 -0.010924 -0.021566 
Asymmetry_Range
0.073159 0.136236 0.086480 0.113595 0.109180 
Reverse_Swimming
0.000000 4.415823 0.000000 0.000000 0.122449 
Curling
0.882353 0.000000 0.000000 1.269231 0.000000 
Stretch_Median
0.479164 0.506715 0.395488 0.439605 0.473556 
Stretch_Range
0.135161 0.240979 0.093351 0.238459 0.167579 
Attenuation_Median
57.042522 57.732548 55.071558 64.051041 63.161257 
Attenuation_Range
16.911198 44.407852 14.777091 17.062765 30.049721 
Traveling_Speed_Mean
8.605779 7.326815 6.839611 6.291449 8.152458 
Brush_Stroke_Median
0.104902 0.101826 0.136597 0.179515 0.200951 
Brush_Stroke_Range
0.032467 0.054811 0.026923 0.032548 0.094237 
Activity_Index_Median
188.079263 128.544053 205.728636 182.942338 197.114480 
Activity_Index_Range
103.137153 182.545509 99.122649 111.842198 173.686843 
Wave_Initiation_Rate_10
37.397171 10.204549 38.524283 32.901890 33.827349 
Body_Wave_Number_10
0.591615 0.144061 0.476223 0.392735 0.222986 
Asymmetry_10
-0.103376 -0.071651 -0.078143 -0.046067 -0.067956 
Stretch_10
0.412634 0.364358 0.354107 0.378305 0.389480 
Attenuation_10
48.662568 21.956301 46.984379 56.435192 43.224596 
Brush_Stroke_10
0.091537 0.069150 0.126286 0.165883 0.137924 
Activity_Index_10
131.617390 21.167274 128.239585 90.248895 66.387604 
usability
1.000000 1.000000 1.000000 0.955882 0.935662 
status
valid
valid
valid
valid
valid
highThr
64.000000 69.000000 74.000000 71.000000 73.000000 
lowThr
47.000000 52.000000 56.000000 51.000000 43.000000 
prevThr
25.000000 25.000000 25.000000 25.000000 25.000000 
highThrDef
64.000000 69.000000 74.000000 71.000000 73.000000 
lowThrDef
47.000000 52.000000 56.000000 44.000000 39.000000 
prevThrDef
25.000000 25.000000 25.000000 25.000000 25.000000 
manualSeparators




197  198  404  405  407  408  466  467  468  484  485  533  534  532
separators
1   91   92  221  222  228  229  545
1  172  173  545
1  381  382  545
1   86   87  114  115  117  120  134  135  187  188  406  407  425  428  448  450  470  479  484  486  492  495  535  541  545
1  174  177  196  197  198  226  227  257  259  264  265  404  405  407  408  464  466  467  468  479  480  481  482  484  485  532  533  534  539  540  541  542  543  545
