fields 34
worms 6
Wave_Initiation_Rate_Median
118.760734 76.118267 83.917973 107.391976 129.474565 NaN 
Wave_Initiation_Rate_Range
56.579564 88.877613 65.220587 99.567114 93.394241 NaN 
Body_Wave_Number_Median
0.604539 0.478205 0.597085 0.483013 0.481908 NaN 
Body_Wave_Number_Range
0.539506 0.639708 0.355367 0.589495 0.463457 NaN 
Asymmetry_Median
-0.002594 -0.005942 0.012157 0.001030 -0.005271 NaN 
Asymmetry_Range
0.032065 0.139753 0.142024 0.067210 0.058192 NaN 
Reverse_Swimming
7.341306 18.968167 0.000000 6.836582 1.655934 NaN 
Curling
1.345794 3.500000 3.881701 0.589681 0.112994 NaN 
Stretch_Median
0.362027 0.499237 0.428404 0.357465 0.370322 NaN 
Stretch_Range
0.193069 0.487708 0.232719 0.294183 0.199577 NaN 
Attenuation_Median
63.986787 53.001669 51.200721 63.923240 59.686034 NaN 
Attenuation_Range
29.094982 53.370233 23.415155 28.215659 29.477360 NaN 
Traveling_Speed_Mean
8.930331 4.114641 7.411415 7.904050 9.442984 NaN 
Brush_Stroke_Median
0.284882 0.139721 0.278162 0.530591 0.321585 NaN 
Brush_Stroke_Range
0.053807 0.062824 0.159108 0.421040 0.126895 NaN 
Activity_Index_Median
296.201668 364.495960 256.413210 467.913584 333.405435 NaN 
Activity_Index_Range
163.027720 343.379256 190.795227 566.953998 330.293300 NaN 
Wave_Initiation_Rate_10
64.444987 34.096122 36.290016 34.522597 41.526848 NaN 
Body_Wave_Number_10
0.172012 0.111300 0.359438 0.151474 0.151936 NaN 
Asymmetry_10
-0.014695 -0.082498 -0.009074 -0.037332 -0.046335 NaN 
Stretch_10
0.305828 0.365690 0.358595 0.251457 0.306749 NaN 
Attenuation_10
43.249464 12.385730 36.660470 44.421451 40.822452 NaN 
Brush_Stroke_10
0.253640 0.113052 0.237632 0.240968 0.270677 NaN 
Activity_Index_10
156.147728 98.132840 165.393645 73.544241 96.076915 NaN 
usability
0.983456 0.882353 0.994485 0.748162 0.976103 0.000000 
status
valid
valid
valid
valid
valid
rejected
highThr
58.000000 62.000000 58.000000 64.000000 55.000000 NaN 
lowThr
40.000000 39.000000 42.000000 23.000000 29.000000 0.000000 
prevThr
25.000000 25.000000 25.000000 25.000000 25.000000 25.000000 
highThrDef
58.000000 62.000000 58.000000 64.000000 55.000000 NaN 
lowThrDef
40.000000 39.000000 42.000000 23.000000 29.000000 0.000000 
prevThrDef
25.000000 25.000000 25.000000 25.000000 25.000000 25.000000 
manualSeparators






separators
1  341  342  352  358  360  361  449  450  545
1   22   23   73   74   77   78   79   88   89  164  165  207  208  265  266  370  373  379  397  399  400  401  407  421  422  423  424  425  426  427  428  430  431  441  445  545
1   54   55  126  127  311  312  545
1    9   10   73   74   77   84   85   86   93   94  141  142  184  186  359  363  364  365  370  373  379  400  401  407  421  425  426  461  462  545
1  127  128  131  132  282  283  316  318  355  357  372  374  375  402  403  404  522  523  545
1  545
