fields 34
worms 5
Wave_Initiation_Rate_Median
83.357994 67.335152 102.192687 101.143132 83.830704 
Wave_Initiation_Rate_Range
19.310213 46.349830 33.936890 76.870322 8.537786 
Body_Wave_Number_Median
0.476695 0.444858 0.521762 0.658649 0.558701 
Body_Wave_Number_Range
0.252333 0.320220 0.363613 0.554324 0.296062 
Asymmetry_Median
0.000422 0.007050 0.005395 -0.001637 -0.006133 
Asymmetry_Range
0.049152 0.085056 0.033666 0.060543 0.021473 
Reverse_Swimming
1.545538 6.347746 0.000000 0.000000 0.000000 
Curling
1.026616 0.000000 0.000000 0.000000 0.000000 
Stretch_Median
0.392820 0.352409 0.310005 0.359146 0.312239 
Stretch_Range
0.114443 0.153888 0.138839 0.175202 0.080378 
Attenuation_Median
60.576558 56.533795 72.531043 64.795255 57.723595 
Attenuation_Range
16.778581 26.387324 17.983048 24.610935 17.451805 
Traveling_Speed_Mean
7.428891 5.295710 6.460951 8.585287 3.479497 
Brush_Stroke_Median
0.184585 0.121956 0.244376 0.177567 0.214274 
Brush_Stroke_Range
0.062798 0.031046 0.062795 0.077748 0.044631 
Activity_Index_Median
212.370093 168.548788 261.984007 228.515972 213.215053 
Activity_Index_Range
53.707212 111.353593 83.638727 208.794727 41.978183 
Wave_Initiation_Rate_10
66.252272 31.130492 85.812935 42.143944 76.194297 
Body_Wave_Number_10
0.326363 0.300488 0.345136 0.347305 0.385589 
Asymmetry_10
-0.024091 -0.043030 -0.012028 -0.022456 -0.015055 
Stretch_10
0.349637 0.299605 0.259622 0.282058 0.281568 
Attenuation_10
51.874702 43.102427 61.787049 52.886654 47.231969 
Brush_Stroke_10
0.163827 0.109258 0.218519 0.140479 0.188171 
Activity_Index_10
189.629061 89.385168 216.494378 93.707126 188.622947 
usability
0.966912 0.983456 0.961397 0.981618 0.952206 
status
valid
valid
valid
valid
valid
highThr
64.000000 55.000000 68.000000 60.000000 58.000000 
lowThr
48.000000 21.000000 25.000000 37.000000 29.000000 
prevThr
25.000000 25.000000 25.000000 25.000000 25.000000 
highThrDef
64.000000 55.000000 68.000000 60.000000 58.000000 
lowThrDef
48.000000 21.000000 25.000000 37.000000 29.000000 
prevThrDef
25.000000 25.000000 25.000000 25.000000 25.000000 
manualSeparators





separators
1   30   32  148  150  151  154  157  158  162  164  185  187  426  427  429  432  453  454  545
1  282  283  284  285  289  290  291  295  297  384  385  458  459  545
1   27   30   62   64   66   67   71   72   73   74   75   76   94   95  175  176  217  218  258  259  260  262  284  285  297  298  329  330  373  374  467  468  545
1   49   50  261  262  263  273  274  275  276  385  387  505  506  543  544  545
1  150  154  157  158  161  162  164  169  170  172  173  174  175  181  182  545
