fields 34
worms 4
Wave_Initiation_Rate_Median
101.599035 117.731778 101.695768 119.221877 
Wave_Initiation_Rate_Range
57.863876 56.159109 74.849235 31.132306 
Body_Wave_Number_Median
0.383550 0.612895 0.447686 0.628419 
Body_Wave_Number_Range
0.318091 0.287381 0.342726 0.264313 
Asymmetry_Median
-0.023854 0.007797 0.003525 0.007048 
Asymmetry_Range
0.082067 0.098521 0.122789 0.026220 
Reverse_Swimming
0.000000 0.000000 0.000000 0.000000 
Curling
0.443623 0.000000 0.457143 0.000000 
Stretch_Median
0.391896 0.411325 0.379589 0.345307 
Stretch_Range
0.177240 0.217660 0.310141 0.132062 
Attenuation_Median
66.199317 73.078898 68.158118 76.392814 
Attenuation_Range
12.552496 12.640328 17.405519 12.825695 
Traveling_Speed_Mean
12.457060 12.092908 13.445467 17.909585 
Brush_Stroke_Median
0.289831 0.264982 0.204110 0.268963 
Brush_Stroke_Range
0.064235 0.058339 0.076222 0.034841 
Activity_Index_Median
275.035324 269.927780 524.133544 285.942130 
Activity_Index_Range
161.453401 148.707961 417.919928 78.424545 
Wave_Initiation_Rate_10
61.403524 67.168524 53.544836 102.398480 
Body_Wave_Number_10
0.214899 0.465858 0.197383 0.504789 
Asymmetry_10
-0.087868 -0.032513 -0.065856 -0.005379 
Stretch_10
0.326288 0.334035 0.272562 0.295195 
Attenuation_10
58.095688 66.984105 59.820624 69.919474 
Brush_Stroke_10
0.259955 0.235208 0.162714 0.250642 
Activity_Index_10
152.559418 158.837803 240.830197 246.296756 
usability
0.994485 0.998162 0.965074 0.990809 
status
valid
valid
valid
valid
highThr
61.000000 62.000000 60.000000 60.000000 
lowThr
41.000000 42.000000 31.000000 40.000000 
prevThr
25.000000 25.000000 16.000000 25.000000 
highThrDef
61.000000 62.000000 60.000000 60.000000 
lowThrDef
41.000000 42.000000 31.000000 40.000000 
prevThrDef
25.000000 25.000000 25.000000 25.000000 
manualSeparators




separators
1   25   26   40   41   83   84  423  424  425  431  433  440  441  545
1  403  404  545
1   43   44   45   50   55   56  514  518  521  522  531  533  545
1    4    8    9  545
