fields 34
worms 5
Wave_Initiation_Rate_Median
66.026942 88.264571 31.999431 67.717970 35.869743 
Wave_Initiation_Rate_Range
38.423475 20.787585 37.627882 33.992045 44.078566 
Body_Wave_Number_Median
0.552773 0.684774 0.858701 0.662233 0.874245 
Body_Wave_Number_Range
0.663176 0.241362 0.574445 0.681216 0.911135 
Asymmetry_Median
-0.026983 -0.006353 -0.029015 -0.018950 0.001201 
Asymmetry_Range
0.126030 0.036936 0.181181 0.077993 0.172117 
Reverse_Swimming
7.893284 0.000000 2.152714 6.093264 6.954922 
Curling
4.452690 0.000000 0.000000 1.832061 2.381853 
Stretch_Median
0.525065 0.376278 0.494263 0.404537 0.645862 
Stretch_Range
0.346896 0.185491 0.152951 0.283409 0.219474 
Attenuation_Median
52.789727 72.494287 78.681497 62.218982 52.053118 
Attenuation_Range
51.227202 19.165698 14.438219 26.840763 35.484699 
Traveling_Speed_Mean
7.186665 8.160028 4.198594 4.527328 5.241069 
Brush_Stroke_Median
0.175397 0.175736 0.083502 0.087027 0.150604 
Brush_Stroke_Range
0.067272 0.056317 0.027224 0.049831 0.059568 
Activity_Index_Median
176.576006 212.643580 110.541471 173.883950 103.634385 
Activity_Index_Range
141.986616 84.878453 121.924149 69.752891 126.736701 
Wave_Initiation_Rate_10
32.390732 79.354004 13.361437 34.510372 10.301745 
Body_Wave_Number_10
0.145377 0.553565 0.529802 0.388417 0.545162 
Asymmetry_10
-0.091774 -0.020486 -0.110782 -0.049994 -0.093330 
Stretch_10
0.402118 0.260578 0.405465 0.345428 0.543344 
Attenuation_10
16.170842 62.634057 69.632824 46.503472 27.394343 
Brush_Stroke_10
0.131547 0.139048 0.075226 0.077060 0.115324 
Activity_Index_10
65.917299 171.959766 38.418017 134.381695 24.998192 
usability
0.990809 1.000000 1.000000 0.963235 0.972426 
status
valid
valid
valid
valid
valid
highThr
72.000000 68.000000 77.000000 71.000000 71.000000 
lowThr
47.000000 50.000000 54.000000 49.000000 45.000000 
prevThr
25.000000 25.000000 25.000000 25.000000 25.000000 
highThrDef
72.000000 68.000000 77.000000 71.000000 71.000000 
lowThrDef
47.000000 50.000000 54.000000 48.000000 45.000000 
prevThrDef
25.000000 25.000000 25.000000 25.000000 25.000000 
manualSeparators
251  252  253



53   54  124  127  128
separators
1  134  135  165  166  251  252  253  297  300  305  307  308  311  352  353  416  418  534  535  545
1  107  108  276  278  545
1   79  101  545
1   88   89  121  130  131  141  545
1   17   21   53   54   56   58   59   97   98  124  126  127  128  217  218  545
