fields 34
worms 4
Wave_Initiation_Rate_Median
106.287796 110.098062 35.498795 NaN 
Wave_Initiation_Rate_Range
74.384797 105.204524 54.976907 NaN 
Body_Wave_Number_Median
0.489515 0.451839 0.728267 NaN 
Body_Wave_Number_Range
0.316313 0.590453 1.022532 NaN 
Asymmetry_Median
0.006949 -0.000775 0.015102 NaN 
Asymmetry_Range
0.123427 0.133246 0.164776 NaN 
Reverse_Swimming
0.000000 7.348243 6.568537 NaN 
Curling
0.000000 0.237154 0.681818 NaN 
Stretch_Median
0.385963 0.410450 0.672731 NaN 
Stretch_Range
0.220851 0.264777 0.305285 NaN 
Attenuation_Median
72.834865 63.043507 56.668573 NaN 
Attenuation_Range
16.553194 33.776716 66.439723 NaN 
Traveling_Speed_Mean
9.287489 15.003001 3.557730 NaN 
Brush_Stroke_Median
0.160152 0.268625 0.063243 NaN 
Brush_Stroke_Range
0.068606 0.355451 0.034757 NaN 
Activity_Index_Median
294.398647 457.771492 132.407328 NaN 
Activity_Index_Range
201.361822 956.972426 153.634109 NaN 
Wave_Initiation_Rate_10
64.385652 63.459705 12.180561 NaN 
Body_Wave_Number_10
0.285519 0.127086 0.109747 NaN 
Asymmetry_10
-0.019130 -0.082706 -0.076527 NaN 
Stretch_10
0.306817 0.296916 0.458955 NaN 
Attenuation_10
65.447859 42.413076 8.125354 NaN 
Brush_Stroke_10
0.141848 0.224599 0.045816 NaN 
Activity_Index_10
154.934271 152.539946 40.112389 NaN 
usability
0.946691 0.930147 0.970588 0.000000 
status
valid
valid
valid
rejected
highThr
70.000000 69.000000 71.000000 58.000000 
lowThr
46.000000 16.000000 33.000000 38.000000 
prevThr
25.000000 10.000000 25.000000 10.000000 
highThrDef
70.000000 69.000000 71.000000 58.000000 
lowThrDef
42.000000 16.000000 33.000000 38.000000 
prevThrDef
25.000000 25.000000 25.000000 25.000000 
manualSeparators




separators
1    2    3   32   33  112  113  123  124  139  140  156  157  233  235  267  268  361  367  368  381  545
1   45   47   48   49   61   81   82  230  231  366  367  545
1  134  138  139  142  143  148  154  199  200  375  377  378  545
1  545
