fields 34
worms 4
Wave_Initiation_Rate_Median
81.127036 132.705918 68.102999 35.043332 
Wave_Initiation_Rate_Range
75.632329 22.689899 109.392598 84.352536 
Body_Wave_Number_Median
0.516578 0.514750 0.558982 0.551266 
Body_Wave_Number_Range
0.571423 0.221201 1.422746 0.776730 
Asymmetry_Median
0.005409 -0.003154 0.002725 -0.019425 
Asymmetry_Range
0.085512 0.031720 0.076000 0.094356 
Reverse_Swimming
0.000000 0.000000 7.089151 17.311272 
Curling
0.000000 0.000000 0.600000 1.014799 
Stretch_Median
0.412945 0.354369 0.438191 0.517790 
Stretch_Range
0.132250 0.094551 0.242208 0.409151 
Attenuation_Median
64.343784 64.083930 55.298428 62.771637 
Attenuation_Range
20.816842 24.862723 64.122109 131.659119 
Traveling_Speed_Mean
5.968149 10.209737 6.369374 1.739360 
Brush_Stroke_Median
0.264412 0.282345 0.371551 0.068471 
Brush_Stroke_Range
0.140752 0.048121 0.457376 0.022091 
Activity_Index_Median
214.853274 296.815042 292.210670 111.099134 
Activity_Index_Range
222.079755 88.661767 653.234689 214.610453 
Wave_Initiation_Rate_10
26.098508 112.151531 8.331104 12.689924 
Body_Wave_Number_10
0.227140 0.415249 0.210419 0.223216 
Asymmetry_10
-0.041022 -0.022300 -0.037257 -0.053772 
Stretch_10
0.352794 0.313567 0.345565 0.342948 
Attenuation_10
54.177874 48.764492 18.354406 -58.599673 
Brush_Stroke_10
0.214202 0.262790 0.205559 0.054671 
Activity_Index_10
70.202459 241.872022 16.080884 35.570537 
usability
0.983456 0.974265 0.919118 0.869485 
status
valid
valid
valid
valid
highThr
46.000000 39.000000 49.000000 38.000000 
lowThr
20.000000 21.000000 20.000000 21.000000 
prevThr
25.000000 25.000000 25.000000 25.000000 
highThrDef
46.000000 39.000000 49.000000 38.000000 
lowThrDef
20.000000 21.000000 20.000000 21.000000 
prevThrDef
25.000000 25.000000 25.000000 25.000000 
manualSeparators


445

separators
1  346  347  368  369  422  423  435  436  441  442  457  458  499  500  521  522  536  537  545
1    8    9   89   90  152  153  183  184  196  197  228  229  232  233  262  263  278  279  422  424  425  432  433  541  542  545
1  183  184  353  354  363  364  381  382  383  384  403  404  445  449  461  462  481  482  545
1   61   93   94  121  122  124  125  164  165  167  168  212  213  346  347  442  443  474  475  481  482  483  484  545
