fields 34
worms 5
Wave_Initiation_Rate_Median
17.723073 9.323948 31.894211 66.983879 21.697453 
Wave_Initiation_Rate_Range
31.776517 23.271948 56.581091 87.302255 37.248178 
Body_Wave_Number_Median
0.990131 1.678069 0.694460 0.744436 0.458353 
Body_Wave_Number_Range
1.231721 0.903129 0.897095 1.000601 0.977000 
Asymmetry_Median
0.062288 0.015902 0.014028 -0.030177 0.063805 
Asymmetry_Range
0.285333 0.041687 0.193682 0.121446 0.233757 
Reverse_Swimming
0.000000 0.000000 0.000000 0.000000 0.000000 
Curling
0.000000 0.000000 0.000000 0.000000 0.000000 
Stretch_Median
0.563785 0.435766 0.379354 0.385218 0.566179 
Stretch_Range
0.238089 0.176405 0.247178 0.296037 0.300924 
Attenuation_Median
71.133162 80.154371 67.587651 76.439388 61.452878 
Attenuation_Range
24.615073 17.209178 21.677974 30.894892 29.506557 
Traveling_Speed_Mean
2.788806 1.260743 4.239337 5.903148 3.118709 
Brush_Stroke_Median
0.056178 0.043997 0.088972 0.070818 0.099254 
Brush_Stroke_Range
0.034551 0.025663 0.023706 0.013494 0.030249 
Activity_Index_Median
44.429455 22.782663 85.105463 193.456816 96.986314 
Activity_Index_Range
127.079845 64.352530 164.864448 326.763197 201.529794 
Wave_Initiation_Rate_10
8.641169 6.830620 11.162582 12.014987 11.367803 
Body_Wave_Number_10
0.339171 1.015152 0.376123 0.321613 0.215981 
Asymmetry_10
-0.135400 -0.004018 -0.081919 -0.110077 -0.118418 
Stretch_10
0.399880 0.354238 0.239532 0.291542 0.360122 
Attenuation_10
56.407543 69.258257 57.120880 54.148824 49.421218 
Brush_Stroke_10
0.037043 0.028458 0.074748 0.064419 0.085361 
Activity_Index_10
20.845182 10.023993 26.422667 41.468438 44.549645 
usability
1.000000 0.987132 1.000000 0.852941 0.696691 
status
valid
valid
valid
valid
valid
highThr
61.000000 71.000000 72.000000 67.000000 66.000000 
lowThr
42.000000 55.000000 55.000000 48.000000 44.000000 
prevThr
25.000000 25.000000 25.000000 25.000000 25.000000 
highThrDef
61.000000 71.000000 72.000000 67.000000 66.000000 
lowThrDef
42.000000 55.000000 55.000000 48.000000 44.000000 
prevThrDef
25.000000 25.000000 25.000000 25.000000 25.000000 
manualSeparators





separators
1  241  242  243  245  545
1  269  270  287  288  293  294  295  299  545
1  186  187  545
1   61   62   81  545
1   41  161  506  509  510  512  545
