fields 34
worms 6
Wave_Initiation_Rate_Median
6.584618 7.932876 7.392703 8.816168 NaN NaN 
Wave_Initiation_Rate_Range
1.240530 3.337712 3.077467 3.257770 NaN NaN 
Body_Wave_Number_Median
1.921732 1.794979 1.749246 1.778014 NaN NaN 
Body_Wave_Number_Range
0.065051 0.269021 0.454846 0.270051 NaN NaN 
Asymmetry_Median
-0.003332 0.043042 -0.057172 0.045669 NaN NaN 
Asymmetry_Range
0.028439 0.025318 0.127833 0.021518 NaN NaN 
Reverse_Swimming
0.000000 0.000000 0.000000 0.000000 NaN NaN 
Curling
0.000000 0.000000 0.000000 0.000000 NaN NaN 
Stretch_Median
0.410678 0.453556 0.385694 0.400875 NaN NaN 
Stretch_Range
0.088953 0.139089 0.137717 0.233640 NaN NaN 
Attenuation_Median
69.809017 73.053520 67.697759 68.150075 NaN NaN 
Attenuation_Range
7.012382 36.028152 34.341280 23.246105 NaN NaN 
Traveling_Speed_Mean
0.558712 0.409088 0.587906 0.698147 NaN NaN 
Brush_Stroke_Median
0.028920 0.029528 0.031501 0.030592 NaN NaN 
Brush_Stroke_Range
0.003076 0.003824 0.006722 0.002908 NaN NaN 
Activity_Index_Median
9.519585 11.867685 11.556867 13.121072 NaN NaN 
Activity_Index_Range
1.965029 5.718838 7.418538 5.022124 NaN NaN 
Wave_Initiation_Rate_10
5.930110 6.782487 6.496223 7.309703 NaN NaN 
Body_Wave_Number_10
1.891059 1.608414 1.427949 1.634330 NaN NaN 
Asymmetry_10
-0.007482 0.030515 -0.103071 0.035435 NaN NaN 
Stretch_10
0.353260 0.391987 0.317376 0.322938 NaN NaN 
Attenuation_10
66.576330 42.063396 40.218511 58.067426 NaN NaN 
Brush_Stroke_10
0.027276 0.028065 0.028967 0.028677 NaN NaN 
Activity_Index_10
8.579979 10.005210 9.664431 10.797786 NaN NaN 
usability
1.000000 1.000000 0.994485 0.996324 0.992647 0.007353 
status
valid
valid
valid
valid
rejected
rejected
highThr
36.000000 27.000000 37.000000 42.000000 31.000000 17.000000 
lowThr
21.000000 12.000000 20.000000 20.000000 20.000000 9.000000 
prevThr
25.000000 25.000000 25.000000 25.000000 25.000000 25.000000 
highThrDef
36.000000 27.000000 37.000000 42.000000 31.000000 17.000000 
lowThrDef
21.000000 12.000000 20.000000 20.000000 20.000000 9.000000 
prevThrDef
25.000000 25.000000 25.000000 25.000000 25.000000 25.000000 
manualSeparators

447  455




separators
1  545
1   21   22   27   28   32   33   60   61   86   87   92   93  125  126  131  132  134  135  141  142  154  155  157  158  166  167  169  170  173  174  177  178  180  181  186  187  194  195  199  200  217  218  221  222  224  225  228  229  241  242  246  247  266  267  268  269  270  271  288  289  309  310  324  325  332  333  340  341  345  346  395  396  397  398  403  404  424  425  440  441  447  455  472  473  500  501  545
1  457  458  501  502  521  522  545
1  486  488  545
1    2    3    4   42   43  101  102  545
1    5  301  302  421  422  545
