fields 34
worms 5
Wave_Initiation_Rate_Median
9.336909 10.816357 9.757010 33.801074 8.113334 
Wave_Initiation_Rate_Range
5.394032 7.593544 12.685307 11.713223 9.452894 
Body_Wave_Number_Median
1.614560 1.568655 1.505741 1.028165 1.717196 
Body_Wave_Number_Range
0.341807 0.534491 1.356491 0.593358 0.907331 
Asymmetry_Median
-0.014736 0.001224 0.002756 0.045648 0.028023 
Asymmetry_Range
0.216748 0.184465 0.155618 0.137627 0.076149 
Reverse_Swimming
0.000000 0.000000 5.740570 0.000000 0.000000 
Curling
0.772059 0.000000 1.878453 2.965779 0.000000 
Stretch_Median
0.618701 0.676343 0.613323 0.570766 0.458726 
Stretch_Range
0.158193 0.156925 0.283322 0.190423 0.330375 
Attenuation_Median
59.004596 71.046375 52.581818 48.778243 65.914928 
Attenuation_Range
57.785063 21.130606 39.466755 25.638468 52.353430 
Traveling_Speed_Mean
3.037486 1.623059 1.588934 3.433510 0.864031 
Brush_Stroke_Median
0.051714 0.050447 0.051140 0.100023 0.036373 
Brush_Stroke_Range
0.012210 0.021743 0.021354 0.042935 0.026396 
Activity_Index_Median
24.895798 27.844645 26.080307 103.589715 14.925755 
Activity_Index_Range
19.392030 28.464744 45.958453 50.153248 10.375995 
Wave_Initiation_Rate_10
8.052372 9.211023 7.472899 23.136961 7.169394 
Body_Wave_Number_10
1.411488 1.218317 0.446259 0.690440 0.945609 
Asymmetry_10
-0.176664 -0.054135 -0.043663 -0.007473 -0.018851 
Stretch_10
0.545024 0.598757 0.465755 0.482000 0.368563 
Attenuation_10
21.298993 60.708353 23.161067 38.739517 40.007669 
Brush_Stroke_10
0.046380 0.038589 0.039426 0.074764 0.025478 
Activity_Index_10
19.207164 20.479767 19.347426 79.521069 9.271112 
usability
1.000000 1.000000 0.998162 0.966912 0.667279 
status
valid
valid
valid
valid
valid
highThr
67.000000 69.000000 66.000000 74.000000 71.000000 
lowThr
50.000000 55.000000 52.000000 49.000000 50.000000 
prevThr
25.000000 25.000000 25.000000 25.000000 25.000000 
highThrDef
66.000000 67.000000 66.000000 74.000000 71.000000 
lowThrDef
50.000000 55.000000 52.000000 49.000000 50.000000 
prevThrDef
25.000000 25.000000 25.000000 25.000000 25.000000 
manualSeparators





separators
1  301  302  545
1  545
1  146  147  298  299  527  530  531  545
1  503  505  506  521  527  528  545
1   58  201  239  361  494  495  510  511  512  513  545
