fields 34
worms 6
Wave_Initiation_Rate_Median
135.126005 134.299893 146.393566 151.214039 140.156048 NaN 
Wave_Initiation_Rate_Range
120.184732 26.784879 18.715016 52.325365 35.329693 NaN 
Body_Wave_Number_Median
0.713299 0.613129 0.573689 0.548412 0.542405 NaN 
Body_Wave_Number_Range
0.637175 0.560535 0.303310 0.180539 0.312490 NaN 
Asymmetry_Median
-0.007768 -0.004131 0.001876 -0.007760 -0.000287 NaN 
Asymmetry_Range
0.187840 0.051697 0.048177 0.091321 0.067215 NaN 
Reverse_Swimming
0.000000 0.000000 0.000000 0.000000 0.000000 NaN 
Curling
6.885246 0.348837 0.000000 0.937500 0.748441 NaN 
Stretch_Median
0.418568 0.422601 0.360726 0.353918 0.434438 NaN 
Stretch_Range
0.430808 0.238904 0.131871 0.173246 0.182689 NaN 
Attenuation_Median
69.709321 73.545861 72.657269 71.913509 75.489200 NaN 
Attenuation_Range
42.295520 17.509917 16.474197 12.796804 14.984537 NaN 
Traveling_Speed_Mean
2.156243 17.635151 14.124944 10.446338 7.400689 NaN 
Brush_Stroke_Median
0.074502 0.293965 0.315639 0.371066 0.072350 NaN 
Brush_Stroke_Range
0.044508 0.070516 0.059521 0.080899 0.044634 NaN 
Activity_Index_Median
483.680871 305.063780 363.057123 386.769853 503.281751 NaN 
Activity_Index_Range
510.917694 78.321571 71.643051 83.501406 373.375946 NaN 
Wave_Initiation_Rate_10
17.262903 109.409468 134.749512 101.517918 118.616386 NaN 
Body_Wave_Number_10
0.330717 0.382395 0.428118 0.433567 0.400834 NaN 
Asymmetry_10
-0.175351 -0.036381 -0.014273 -0.081040 -0.030293 NaN 
Stretch_10
0.343089 0.338558 0.311693 0.313217 0.353142 NaN 
Attenuation_10
38.400142 63.286421 64.920461 65.810134 66.185622 NaN 
Brush_Stroke_10
0.056815 0.263213 0.287886 0.343597 0.042366 NaN 
Activity_Index_10
185.094659 266.663428 336.489704 332.080078 293.089560 NaN 
usability
0.897059 0.948529 0.988971 0.941176 0.884191 0.000000 
status
valid
valid
valid
valid
valid
rejected
highThr
71.000000 76.000000 71.000000 61.000000 63.000000 63.000000 
lowThr
33.000000 25.000000 45.000000 38.000000 36.000000 36.000000 
prevThr
25.000000 25.000000 25.000000 10.000000 25.000000 25.000000 
highThrDef
71.000000 76.000000 71.000000 61.000000 63.000000 63.000000 
lowThrDef
33.000000 25.000000 45.000000 38.000000 36.000000 36.000000 
prevThrDef
25.000000 25.000000 25.000000 25.000000 25.000000 25.000000 
manualSeparators




444

separators
1   45   46   64   65   84   85  106  141  142  162  163  198  199  227  233  234  235  236  249  250  265  266  342  343  354  355  415  416  476  477  483  484  545
1  133  134  135  218  223  241  242  338  339  472  473  542  543  545
1  201  203  211  213  361  362  364  365  545
1  308  321  322  369  370  443  444  452  454  455  465  466  502  503  504  508  512  513  527  528  545
1   41   42  242  243  254  255  282  283  436  437  444  448  449  450  451  545
1  241  545
