fields 34
worms 5
Wave_Initiation_Rate_Median
102.026804 107.538594 101.095717 82.468034 102.546262 
Wave_Initiation_Rate_Range
92.884924 87.348421 60.460996 70.781747 47.395975 
Body_Wave_Number_Median
0.368219 0.590510 0.620253 0.319489 0.340167 
Body_Wave_Number_Range
0.463413 0.289617 0.313357 0.689874 0.371530 
Asymmetry_Median
0.005161 -0.020808 -0.013559 -0.010233 -0.018863 
Asymmetry_Range
0.101130 0.098339 0.050861 0.109036 0.055140 
Reverse_Swimming
12.160954 2.319430 0.000000 0.000000 0.249221 
Curling
7.210884 1.587902 0.000000 0.898876 0.463320 
Stretch_Median
0.484619 0.422973 0.469475 0.406160 0.388305 
Stretch_Range
0.332421 0.341036 0.154463 0.131949 0.205927 
Attenuation_Median
54.599316 73.256616 75.452585 75.925714 59.498872 
Attenuation_Range
50.733883 28.925946 10.148274 17.816920 21.199352 
Traveling_Speed_Mean
1.329826 11.726070 7.747421 4.841229 10.736596 
Brush_Stroke_Median
0.169218 0.266210 0.260694 0.224538 0.352520 
Brush_Stroke_Range
0.209026 0.105278 0.057711 0.068856 0.080425 
Activity_Index_Median
335.691837 291.955221 252.347223 220.681796 338.741706 
Activity_Index_Range
669.517414 281.362851 188.497995 222.003870 130.940341 
Wave_Initiation_Rate_10
37.673877 32.706825 41.442132 31.311989 71.911845 
Body_Wave_Number_10
0.121987 0.394700 0.418748 0.169344 0.135572 
Asymmetry_10
-0.045361 -0.093176 -0.040383 -0.043261 -0.046856 
Stretch_10
0.374379 0.330613 0.402174 0.337466 0.319186 
Attenuation_10
19.698163 52.103818 71.035130 65.259556 47.466667 
Brush_Stroke_10
0.108423 0.212129 0.226447 0.185511 0.315967 
Activity_Index_10
84.264169 79.205048 92.568830 70.216050 255.334581 
usability
0.810662 0.972426 0.998162 0.981618 0.952206 
status
valid
valid
valid
valid
valid
highThr
69.000000 67.000000 63.000000 63.000000 63.000000 
lowThr
25.000000 49.000000 48.000000 47.000000 29.000000 
prevThr
25.000000 25.000000 25.000000 25.000000 10.000000 
highThrDef
69.000000 67.000000 63.000000 63.000000 63.000000 
lowThrDef
13.000000 49.000000 48.000000 47.000000 29.000000 
prevThrDef
25.000000 25.000000 25.000000 25.000000 25.000000 
manualSeparators
261
322



separators
1   29   30   48   49   56   60   61   62   63   65   68   81   82   93   94   95   96   97  101  112  113  127  141  142  143  144  174  175  185  186  228  230  236  238  261  270  271  304  305  311  312  316  317  339  340  341  342  347  348  352  361  362  377  381  388  389  397  398  410  411  412  420  421  422  423  430  431  525  526  542  543  545
1   79   80  229  230  291  292  322  332  333  533  534  545
1  101  102  545
1  115  116  124  125  242  243  382  383  421  423  435  436  437  438  473  474  509  510  545
1   85   86  242  243  446  447  448  449  450  496  497  516  517  545
