fields 34
worms 5
Wave_Initiation_Rate_Median
68.157664 69.394662 41.146234 50.661462 21.505816 
Wave_Initiation_Rate_Range
38.660421 53.282849 47.127392 57.471479 25.401958 
Body_Wave_Number_Median
0.522159 0.325196 0.569575 0.333907 1.230414 
Body_Wave_Number_Range
0.593005 0.651753 0.744655 0.402609 0.584146 
Asymmetry_Median
-0.004816 -0.006832 -0.045885 -0.022999 0.031474 
Asymmetry_Range
0.058143 0.078542 0.159344 0.150395 0.089415 
Reverse_Swimming
0.616246 0.165593 0.000000 5.022999 0.000000 
Curling
0.230326 0.000000 0.118343 0.558659 0.000000 
Stretch_Median
0.408717 0.410591 0.564968 0.590714 0.672238 
Stretch_Range
0.194376 0.249830 0.278966 0.318997 0.103627 
Attenuation_Median
58.330254 61.551870 67.655085 55.367651 78.604696 
Attenuation_Range
22.509065 22.678523 19.987684 25.828713 11.899758 
Traveling_Speed_Mean
5.501882 6.976841 3.808581 7.847061 1.664599 
Brush_Stroke_Median
0.210763 0.254772 0.084392 0.180696 0.063706 
Brush_Stroke_Range
0.072833 0.098614 0.035048 0.050562 0.030274 
Activity_Index_Median
221.591560 199.713999 153.117183 192.403053 67.879658 
Activity_Index_Range
156.192961 144.105715 259.815367 223.276652 77.844921 
Wave_Initiation_Rate_10
57.935788 35.562891 20.826567 26.653298 8.529907 
Body_Wave_Number_10
0.167043 0.071965 0.220570 0.188794 1.001784 
Asymmetry_10
-0.040522 -0.040008 -0.125141 -0.082770 -0.020773 
Stretch_10
0.317869 0.311041 0.439189 0.397794 0.629642 
Attenuation_10
47.186810 49.188517 58.285573 38.335217 72.054382 
Brush_Stroke_10
0.178318 0.195171 0.065875 0.151594 0.049462 
Activity_Index_10
184.810414 110.112021 61.090991 97.261997 27.885444 
usability
0.957721 0.961397 0.931985 0.987132 0.955882 
status
valid
valid
valid
valid
valid
highThr
71.000000 71.000000 68.000000 56.000000 58.000000 
lowThr
26.000000 41.000000 30.000000 38.000000 39.000000 
prevThr
25.000000 25.000000 25.000000 25.000000 25.000000 
highThrDef
71.000000 71.000000 68.000000 56.000000 58.000000 
lowThrDef
26.000000 41.000000 30.000000 38.000000 39.000000 
prevThrDef
25.000000 25.000000 25.000000 25.000000 25.000000 
manualSeparators





separators
1    6    7    9   29   30   53   54   82   83  136  139  142  143  250  251  260  261  316  317  342  344  379  380  381  382  523  524  545
1   12   13   40   41   42   43   44   61   62   63   72   74  101  102  160  161  175  176  177  178  208  209  321  323  341  343  364  365  375  376  514  515  542  543  545
1   51   52   62   63  140  149  150  159  160  165  166  168  183  184  197  198  200  201  285  286  345  346  427  429  545
1   33   36   37  366  367  459  460  528  529  545
1  140  149  150  164  165  545
