fields 34
worms 4
Wave_Initiation_Rate_Median
102.130074 134.738816 134.941808 119.538867 
Wave_Initiation_Rate_Range
67.452867 6.797611 15.569282 89.302049 
Body_Wave_Number_Median
0.470106 0.637887 0.555521 0.491902 
Body_Wave_Number_Range
0.336366 0.210143 0.202093 0.202811 
Asymmetry_Median
0.000174 -0.015374 -0.014763 0.010272 
Asymmetry_Range
0.085228 0.031246 0.026585 0.052624 
Reverse_Swimming
0.000000 0.000000 0.000000 0.000000 
Curling
0.262582 0.000000 0.000000 0.803059 
Stretch_Median
0.397109 0.349771 0.360529 0.396482 
Stretch_Range
0.207487 0.090638 0.122788 0.172112 
Attenuation_Median
64.790125 69.199054 66.466198 70.182345 
Attenuation_Range
26.591808 12.408828 15.317553 15.748831 
Traveling_Speed_Mean
9.053302 9.157119 16.348661 10.933683 
Brush_Stroke_Median
0.145009 0.296802 0.300575 0.398764 
Brush_Stroke_Range
0.043533 0.044407 0.046666 0.168589 
Activity_Index_Median
297.729872 319.760067 317.713925 416.502355 
Activity_Index_Range
208.969253 44.911963 46.273776 306.857310 
Wave_Initiation_Rate_10
61.114147 128.580662 119.972859 44.666942 
Body_Wave_Number_10
0.293441 0.511542 0.466365 0.364689 
Asymmetry_10
-0.060065 -0.026351 -0.029143 -0.005048 
Stretch_10
0.322743 0.304995 0.292174 0.342241 
Attenuation_10
54.823187 62.878730 59.501735 63.141372 
Brush_Stroke_10
0.133220 0.278554 0.282084 0.280665 
Activity_Index_10
159.291561 298.440371 295.533719 166.838612 
usability
0.840074 0.847426 1.000000 0.961397 
status
valid
valid
valid
valid
highThr
67.000000 65.000000 57.000000 58.000000 
lowThr
31.000000 24.000000 39.000000 38.000000 
prevThr
25.000000 25.000000 15.000000 25.000000 
highThrDef
67.000000 79.000000 57.000000 58.000000 
lowThrDef
31.000000 24.000000 39.000000 38.000000 
prevThrDef
25.000000 25.000000 25.000000 25.000000 
manualSeparators




separators
1  148  149  293  298  299  300  306  320  321  324  328  332  334  381  382  521  522  545
1    6    7  293  300  306  320  321  322  324  328  329  331  332  333  334  336  346  349  355  358  376  545
1  545
1    6    7   27   28   41   43   47   49   81   82  461  462  481  482  545
