fields 34
worms 5
Wave_Initiation_Rate_Median
33.603459 6.959823 12.539306 51.184121 NaN 
Wave_Initiation_Rate_Range
26.015404 1.619899 11.148919 12.042587 NaN 
Body_Wave_Number_Median
0.814039 1.698985 1.293784 0.874766 NaN 
Body_Wave_Number_Range
1.062174 0.461911 1.357593 0.498716 NaN 
Asymmetry_Median
0.011719 -0.003464 -0.008092 0.011539 NaN 
Asymmetry_Range
0.130531 0.089575 0.210561 0.062662 NaN 
Reverse_Swimming
0.000000 0.000000 7.841945 4.507614 NaN 
Curling
6.194332 0.000000 11.641791 0.795455 NaN 
Stretch_Median
0.761899 0.445216 0.811284 0.503081 NaN 
Stretch_Range
0.086687 0.179248 0.164697 0.118515 NaN 
Attenuation_Median
47.936835 73.646454 63.703080 57.044543 NaN 
Attenuation_Range
21.339922 11.632005 22.519851 20.735579 NaN 
Traveling_Speed_Mean
2.972472 1.158813 0.831044 2.998791 NaN 
Brush_Stroke_Median
0.070417 0.039048 0.054254 0.067128 NaN 
Brush_Stroke_Range
0.016058 0.014014 0.015758 0.010210 NaN 
Activity_Index_Median
117.411333 13.550002 28.919443 171.393087 NaN 
Activity_Index_Range
106.991501 7.068376 35.133384 30.448216 NaN 
Wave_Initiation_Rate_10
8.632058 6.018016 8.791517 41.011733 NaN 
Body_Wave_Number_10
0.748918 1.517137 0.310320 0.658946 NaN 
Asymmetry_10
-0.053122 -0.046815 -0.072022 -0.015305 NaN 
Stretch_10
0.718052 0.359916 0.733456 0.450498 NaN 
Attenuation_10
41.218702 66.830352 49.834146 45.048492 NaN 
Brush_Stroke_10
0.061414 0.031757 0.047213 0.062634 NaN 
Activity_Index_10
24.905231 9.367493 21.078962 160.310325 NaN 
usability
0.908088 1.000000 0.738971 0.970588 1.000000 
status
valid
valid
valid
valid
rejected
highThr
56.000000 55.000000 65.000000 60.000000 51.000000 
lowThr
36.000000 40.000000 38.000000 39.000000 39.000000 
prevThr
25.000000 25.000000 25.000000 25.000000 25.000000 
highThrDef
56.000000 55.000000 65.000000 60.000000 51.000000 
lowThrDef
36.000000 40.000000 38.000000 39.000000 39.000000 
prevThrDef
25.000000 25.000000 25.000000 25.000000 25.000000 
manualSeparators


29   30  147  148  201  202  203  204  342  343  344  474  475
30  31  35  36  79  80

separators
1   10   11   29   30   31   41   42   61  128  130  143  161  162  214  215  301  302  373  374  545
1   23   24  181  182  545
1    8    9   29   30   34   35  147  148  149  201  202  203  204  282  341  342  343  344  474  475  481  482  541  542  543  545
1   30   31   34   35   36   79   80   81   84   85   86   87   88   89  545
1  511  512  545
