fields 34
worms 5
Wave_Initiation_Rate_Median
46.718808 9.804860 34.426545 6.618522 NaN 
Wave_Initiation_Rate_Range
32.396731 11.195833 8.522927 1.039754 NaN 
Body_Wave_Number_Median
0.915847 1.503919 1.035022 1.528874 NaN 
Body_Wave_Number_Range
0.295883 0.721365 0.483517 0.607544 NaN 
Asymmetry_Median
0.000720 -0.066511 -0.011299 0.149067 NaN 
Asymmetry_Range
0.096244 0.308948 0.099232 0.019173 NaN 
Reverse_Swimming
4.307692 2.483901 0.000000 0.000000 NaN 
Curling
0.000000 1.771218 0.000000 0.000000 NaN 
Stretch_Median
0.472432 0.579018 0.443112 0.321260 NaN 
Stretch_Range
0.297992 0.192493 0.212901 0.132059 NaN 
Attenuation_Median
58.894569 80.319363 45.743971 73.185762 NaN 
Attenuation_Range
29.114348 21.779144 19.182576 9.054027 NaN 
Traveling_Speed_Mean
4.258973 2.854552 3.397201 0.336620 NaN 
Brush_Stroke_Median
0.062569 0.058927 0.080564 0.028917 NaN 
Brush_Stroke_Range
0.017978 0.038894 0.026481 0.002074 NaN 
Activity_Index_Median
133.045012 30.598581 82.199695 9.570691 NaN 
Activity_Index_Range
100.045477 48.130321 23.514368 1.907041 NaN 
Wave_Initiation_Rate_10
31.390880 7.422710 28.122210 5.958246 NaN 
Body_Wave_Number_10
0.803426 1.020068 0.771448 1.280131 NaN 
Asymmetry_10
-0.025555 -0.160558 -0.029931 0.136916 NaN 
Stretch_10
0.317525 0.502076 0.369003 0.280113 NaN 
Attenuation_10
39.508046 63.299246 40.330766 69.998743 NaN 
Brush_Stroke_10
0.055333 0.043984 0.072978 0.028087 NaN 
Activity_Index_10
94.804653 18.381554 72.615875 8.402093 NaN 
usability
0.968750 0.996324 1.000000 1.000000 0.000000 
status
valid
valid
valid
valid
rejected
highThr
84.000000 68.000000 69.000000 49.000000 NaN 
lowThr
34.000000 50.000000 54.000000 39.000000 0.000000 
prevThr
24.000000 25.000000 25.000000 25.000000 25.000000 
highThrDef
84.000000 68.000000 69.000000 49.000000 NaN 
lowThrDef
36.000000 51.000000 54.000000 39.000000 0.000000 
prevThrDef
25.000000 25.000000 25.000000 25.000000 25.000000 
manualSeparators





separators
1   40   45   46   49   50   55   56   57  545
1  202  203  520  521  522  524  525  545
1   36   37   38   39   44   45  501  502  545
1  264  265  545
1  545
