fields 34
worms 3
Wave_Initiation_Rate_Median
9.929027 118.809400 125.130413 
Wave_Initiation_Rate_Range
25.142084 83.086583 72.600979 
Body_Wave_Number_Median
1.545491 0.634569 0.620266 
Body_Wave_Number_Range
2.243498 0.471302 0.949670 
Asymmetry_Median
-0.078551 -0.006427 -0.003648 
Asymmetry_Range
0.318170 0.145235 0.022636 
Reverse_Swimming
0.000000 0.000000 0.000000 
Curling
10.429907 2.423077 0.000000 
Stretch_Median
0.676928 0.475125 0.341203 
Stretch_Range
0.230217 0.246824 0.160869 
Attenuation_Median
72.000146 62.217759 72.080156 
Attenuation_Range
22.683976 26.234915 24.063699 
Traveling_Speed_Mean
3.833321 7.117341 6.363362 
Brush_Stroke_Median
0.069375 0.297495 0.318776 
Brush_Stroke_Range
0.064267 0.097129 0.240617 
Activity_Index_Median
50.313637 311.119314 321.506238 
Activity_Index_Range
104.061026 173.886318 361.365342 
Wave_Initiation_Rate_10
7.371085 46.676887 62.993133 
Body_Wave_Number_10
1.006730 0.310558 0.302414 
Asymmetry_10
-0.270494 -0.124268 -0.015656 
Stretch_10
0.553793 0.379847 0.258654 
Attenuation_10
61.128536 49.360889 57.402672 
Brush_Stroke_10
0.024601 0.259044 0.215091 
Activity_Index_10
10.142425 207.668556 94.953038 
usability
0.983456 0.955882 0.950368 
status
valid
valid
valid
highThr
68.000000 58.000000 72.000000 
lowThr
47.000000 37.000000 30.000000 
prevThr
25.000000 25.000000 10.000000 
highThrDef
68.000000 58.000000 72.000000 
lowThrDef
47.000000 37.000000 25.000000 
prevThrDef
25.000000 25.000000 25.000000 
manualSeparators



separators
1  101  102  106  259  260  296  297  307  308  312  313  545
1    9   10   23   24   96   97  106  107  108  160  161  199  200  210  212  283  284  323  324  326  327  339  340  415  416  449  450  474  475  481  482  507  508  515  518  522  523  534  535  542  543  545
1   41   48   49   61  162  163  164  403  407  408  545
