fields 34
worms 5
Wave_Initiation_Rate_Median
85.596918 29.369275 7.567588 6.854277 119.372470 
Wave_Initiation_Rate_Range
85.144497 27.378791 2.811450 2.511785 86.170832 
Body_Wave_Number_Median
0.834102 0.881781 1.773628 1.898964 0.743159 
Body_Wave_Number_Range
0.682427 1.959627 0.348540 0.826835 0.421049 
Asymmetry_Median
-0.023536 -0.096192 -0.052268 -0.155198 -0.010136 
Asymmetry_Range
0.215509 0.252868 0.163645 0.243618 0.092188 
Reverse_Swimming
9.162833 7.065317 0.000000 0.000000 4.217252 
Curling
6.408840 16.617100 0.000000 3.555556 2.015810 
Stretch_Median
0.315259 0.651968 0.339157 0.414942 0.379599 
Stretch_Range
0.410973 0.209455 0.325867 0.181745 0.258977 
Attenuation_Median
58.778523 65.461125 73.011141 63.951645 60.993824 
Attenuation_Range
42.676476 21.539738 17.489450 68.944098 24.798747 
Traveling_Speed_Mean
5.017300 2.090965 0.684302 1.182375 8.917053 
Brush_Stroke_Median
0.203664 0.058558 0.030062 0.036254 0.072817 
Brush_Stroke_Range
0.040623 0.036797 0.016172 0.015180 0.035382 
Activity_Index_Median
183.387165 90.628429 12.327265 12.445737 306.564089 
Activity_Index_Range
180.518105 76.470834 11.681237 7.503142 129.248183 
Wave_Initiation_Rate_10
15.503046 9.322728 6.497854 5.710716 34.723856 
Body_Wave_Number_10
0.472462 0.391486 1.559578 1.654602 0.393985 
Asymmetry_10
-0.038746 -0.265796 -0.082796 -0.238031 -0.086571 
Stretch_10
0.282867 0.549296 0.276575 0.316382 0.315771 
Attenuation_10
28.408026 54.110432 67.275954 9.533150 44.128243 
Brush_Stroke_10
0.178889 0.042706 0.026569 0.028338 0.066267 
Activity_Index_10
34.472321 65.041899 9.053343 8.578884 268.153906 
usability
0.998162 0.988971 1.000000 0.992647 0.930147 
status
valid
valid
valid
valid
valid
highThr
68.000000 73.000000 61.000000 78.000000 67.000000 
lowThr
44.000000 50.000000 48.000000 47.000000 48.000000 
prevThr
25.000000 25.000000 25.000000 25.000000 25.000000 
highThrDef
68.000000 73.000000 61.000000 78.000000 67.000000 
lowThrDef
44.000000 50.000000 48.000000 47.000000 48.000000 
prevThrDef
25.000000 25.000000 25.000000 25.000000 25.000000 
manualSeparators





separators
1  456  457  545
1   57   58  284  285  291  292  358  359  481  482  517  518  545
1  545
1  341  342  343  344  364  365  367  368  545
1   21   22  127  128  240  241  249  281  282  507  509  545
