fields 34
worms 5
Wave_Initiation_Rate_Median
10.801614 NaN 56.431743 63.657200 50.039398 
Wave_Initiation_Rate_Range
25.898791 NaN 46.232946 69.626610 63.445414 
Body_Wave_Number_Median
1.561253 NaN 0.896863 0.580120 0.602342 
Body_Wave_Number_Range
0.554060 NaN 0.700895 0.543190 0.918339 
Asymmetry_Median
0.014506 NaN 0.001952 -0.010714 -0.017646 
Asymmetry_Range
0.181593 NaN 0.096696 0.133620 0.179617 
Reverse_Swimming
1.159154 NaN 0.000000 5.685373 0.993560 
Curling
0.000000 NaN 0.221402 2.661738 4.831461 
Stretch_Median
0.516527 NaN 0.449063 0.531542 0.505349 
Stretch_Range
0.206239 NaN 0.135602 0.389494 0.463064 
Attenuation_Median
68.469527 NaN 67.272557 60.112491 61.006469 
Attenuation_Range
26.270306 NaN 36.369900 34.348544 46.451266 
Traveling_Speed_Mean
1.529479 NaN 3.022288 3.934302 3.415535 
Brush_Stroke_Median
0.053114 NaN 0.135791 0.170994 0.057018 
Brush_Stroke_Range
0.022317 NaN 0.047802 0.078693 0.041910 
Activity_Index_Median
26.171308 NaN 132.191870 178.456222 137.943507 
Activity_Index_Range
52.845509 NaN 120.582801 126.339437 297.101694 
Wave_Initiation_Rate_10
7.634575 NaN 21.018619 13.502487 13.490461 
Body_Wave_Number_10
1.237194 NaN 0.629194 0.415385 0.143685 
Asymmetry_10
-0.114850 NaN -0.030869 -0.078676 -0.111386 
Stretch_10
0.378076 NaN 0.380278 0.389039 0.293835 
Attenuation_10
52.705561 NaN 43.507157 36.497132 32.225037 
Brush_Stroke_10
0.044166 NaN 0.111636 0.144127 0.038304 
Activity_Index_10
12.508238 NaN 39.419575 81.504658 23.001596 
usability
1.000000 0.534926 0.996324 0.994485 0.981618 
status
valid
rejected
valid
valid
valid
highThr
64.000000 82.000000 59.000000 59.000000 60.000000 
lowThr
46.000000 18.000000 29.000000 41.000000 36.000000 
prevThr
25.000000 25.000000 25.000000 25.000000 25.000000 
highThrDef
64.000000 82.000000 59.000000 59.000000 60.000000 
lowThrDef
46.000000 18.000000 29.000000 41.000000 36.000000 
prevThrDef
25.000000 25.000000 25.000000 25.000000 25.000000 
manualSeparators





separators
1  545
1   35   41   59   60   63   81   86  113  114  115  116  124  125  138  176  177  182  183  311  312  316  317  339  361  362  384  389  435  436  472  479  483  492  499  501  502  517  545
1  290  291  343  344  545
1   93   94  106  107  315  316  545
1   57   58   90   91  142  143  168  169  266  267  469  470  477  481  545
