fields 34
worms 5
Wave_Initiation_Rate_Median
69.245668 NaN 38.473991 9.940065 NaN 
Wave_Initiation_Rate_Range
45.833148 NaN 57.122108 10.062905 NaN 
Body_Wave_Number_Median
0.816829 NaN 0.653082 1.606065 NaN 
Body_Wave_Number_Range
0.633206 NaN 0.970376 0.688374 NaN 
Asymmetry_Median
0.008728 NaN -0.013810 -0.038371 NaN 
Asymmetry_Range
0.087367 NaN 0.112975 0.243307 NaN 
Reverse_Swimming
6.678933 NaN 3.201472 1.464903 NaN 
Curling
0.000000 NaN 2.095588 2.533589 NaN 
Stretch_Median
0.424535 NaN 0.468593 0.616633 NaN 
Stretch_Range
0.269520 NaN 0.285378 0.225180 NaN 
Attenuation_Median
69.128764 NaN 55.305974 26.716573 NaN 
Attenuation_Range
47.517242 NaN 42.592820 90.919748 NaN 
Traveling_Speed_Mean
6.059394 NaN 4.224538 1.155221 NaN 
Brush_Stroke_Median
0.148002 NaN 0.089343 0.046872 NaN 
Brush_Stroke_Range
0.077834 NaN 0.020817 0.023826 NaN 
Activity_Index_Median
134.241841 NaN 109.687173 25.511648 NaN 
Activity_Index_Range
97.563335 NaN 179.601679 26.709105 NaN 
Wave_Initiation_Rate_10
31.311491 NaN 9.447988 7.583015 NaN 
Body_Wave_Number_10
0.439012 NaN 0.494179 1.154541 NaN 
Asymmetry_10
-0.040500 NaN -0.032354 -0.171101 NaN 
Stretch_10
0.314637 NaN 0.389767 0.513273 NaN 
Attenuation_10
32.109837 NaN 25.540450 -34.690695 NaN 
Brush_Stroke_10
0.114195 NaN 0.075141 0.038617 NaN 
Activity_Index_10
78.539377 NaN 23.928482 14.696753 NaN 
usability
1.000000 0.474265 1.000000 0.957721 0.518382 
status
valid
rejected
valid
valid
rejected
highThr
72.000000 65.000000 68.000000 66.000000 63.000000 
lowThr
49.000000 42.000000 52.000000 45.000000 42.000000 
prevThr
25.000000 25.000000 25.000000 25.000000 25.000000 
highThrDef
72.000000 65.000000 68.000000 66.000000 63.000000 
lowThrDef
49.000000 42.000000 52.000000 45.000000 42.000000 
prevThrDef
25.000000 25.000000 25.000000 25.000000 25.000000 
manualSeparators

116  122  123

280  281  402
206  451  444  445  447  484  485
separators
1  275  280  290  293  473  474  545
1   96   97  116  121  122  123  142  201  202  421  422  545
1  381  382  545
1  257  258  263  265  280  281  282  302  303  397  398  402  412  413  456  457  462  469  470  545
1  101  102  206  216  281  282  341  354  356  357  359  413  414  435  436  444  445  447  451  484  485  502  503  521  522  536  537  545
