fields 34
worms 5
Wave_Initiation_Rate_Median
68.032572 59.135250 54.292653 44.798506 6.176319 
Wave_Initiation_Rate_Range
65.305186 41.580925 45.850081 22.010610 17.843573 
Body_Wave_Number_Median
0.627711 0.693484 0.552355 0.385853 1.864709 
Body_Wave_Number_Range
0.742928 0.652303 0.759063 0.428698 1.809023 
Asymmetry_Median
-0.035058 -0.007454 -0.028931 -0.047753 -0.147009 
Asymmetry_Range
0.122709 0.113232 0.130695 0.098898 0.174981 
Reverse_Swimming
5.078197 5.961362 17.387305 0.331187 5.459610 
Curling
4.632768 0.661765 0.000000 0.661765 11.141199 
Stretch_Median
0.478503 0.499523 0.440703 0.536085 0.415579 
Stretch_Range
0.535159 0.187494 0.199147 0.186476 0.475856 
Attenuation_Median
53.667070 53.665127 52.493530 43.256727 71.007552 
Attenuation_Range
51.948500 34.592609 28.836027 16.157193 44.283594 
Traveling_Speed_Mean
5.684226 5.993809 6.109664 8.462652 0.321888 
Brush_Stroke_Median
0.076334 0.138236 0.108144 0.165888 0.029010 
Brush_Stroke_Range
0.031992 0.052820 0.032272 0.046440 0.004127 
Activity_Index_Median
188.236269 143.279063 183.227237 151.182186 8.798097 
Activity_Index_Range
224.145958 111.290124 161.045607 97.371069 36.168848 
Wave_Initiation_Rate_10
20.770725 25.554658 21.142316 34.104295 5.599995 
Body_Wave_Number_10
0.070657 0.420313 0.185808 0.246820 0.132625 
Asymmetry_10
-0.095894 -0.081151 -0.110271 -0.093085 -0.217418 
Stretch_10
0.366240 0.407732 0.343186 0.470490 0.254220 
Attenuation_10
12.774080 33.055577 37.720114 34.079105 34.804043 
Brush_Stroke_10
0.064932 0.113921 0.091467 0.143709 0.026359 
Activity_Index_10
68.018208 70.452369 61.010002 101.853405 7.930517 
usability
0.976103 1.000000 1.000000 1.000000 0.950368 
status
valid
valid
valid
valid
valid
highThr
57.000000 70.000000 66.000000 62.000000 60.000000 
lowThr
31.000000 50.000000 50.000000 44.000000 32.000000 
prevThr
25.000000 25.000000 25.000000 25.000000 25.000000 
highThrDef
57.000000 70.000000 66.000000 62.000000 60.000000 
lowThrDef
31.000000 50.000000 50.000000 44.000000 32.000000 
prevThrDef
25.000000 25.000000 25.000000 25.000000 25.000000 
manualSeparators
233  234  232  235  236  276  277  298  299  297



142  143  141  145  146  156  157  160  161  162  206  207  203  204  242  243  244  241  245  262  263  281  282  283  422  423  446  447  448
separators
1  232  233  234  235  236  264  265  276  277  297  298  299  300  301  325  326  406  409  410  545
1  306  307  545
1   81   82  145  146  302  305  545
1   19   20  177  178  538  539  545
1    2    3    5    6   41   42   81   82  101  102  141  142  143  145  146  156  157  160  161  162  203  204  206  207  241  242  243  244  245  262  263  281  282  283  422  423  446  447  448  545
