fields 34
worms 5
Wave_Initiation_Rate_Median
113.614368 19.798997 102.098983 7.610767 NaN 
Wave_Initiation_Rate_Range
86.916410 89.154573 84.229989 3.889983 NaN 
Body_Wave_Number_Median
0.600748 1.233564 0.611261 1.809548 NaN 
Body_Wave_Number_Range
0.530182 1.039265 0.570956 0.338941 NaN 
Asymmetry_Median
-0.015805 -0.032598 -0.006003 0.014426 NaN 
Asymmetry_Range
0.067577 0.179388 0.105316 0.085674 NaN 
Reverse_Swimming
0.000000 1.198590 0.000000 0.000000 NaN 
Curling
0.441989 4.104628 1.666667 0.000000 NaN 
Stretch_Median
0.358157 0.667112 0.386292 0.149479 NaN 
Stretch_Range
0.339191 0.313303 0.371674 0.312690 NaN 
Attenuation_Median
69.182678 54.417954 69.353212 85.898103 NaN 
Attenuation_Range
15.013707 66.676695 15.774474 53.849769 NaN 
Traveling_Speed_Mean
9.539091 2.621961 9.083468 0.444311 NaN 
Brush_Stroke_Median
0.275422 0.060272 0.068433 0.022349 NaN 
Brush_Stroke_Range
0.065725 0.015448 0.047316 0.004292 NaN 
Activity_Index_Median
279.993226 145.274882 237.019413 8.874823 NaN 
Activity_Index_Range
232.027497 303.596955 314.644905 5.657373 NaN 
Wave_Initiation_Rate_10
33.398123 8.974442 33.038039 5.005672 NaN 
Body_Wave_Number_10
0.186196 0.527518 0.335515 1.659222 NaN 
Asymmetry_10
-0.062782 -0.073580 -0.096808 -0.063523 NaN 
Stretch_10
0.294123 0.504733 0.312860 0.010045 NaN 
Attenuation_10
61.095513 2.983821 62.086605 38.290754 NaN 
Brush_Stroke_10
0.231374 0.050289 0.051935 0.020000 NaN 
Activity_Index_10
77.128681 23.632953 93.611496 5.347354 NaN 
usability
0.998162 0.913603 0.992647 1.000000 
status
valid
valid
valid
valid
rejected
highThr
72.000000 65.000000 70.000000 NaN NaN 
lowThr
47.000000 41.000000 51.000000 0.000000 0.000000 
prevThr
25.000000 25.000000 25.000000 25.000000 25.000000 
highThrDef
72.000000 65.000000 70.000000 NaN NaN 
lowThrDef
50.000000 41.000000 51.000000 0.000000 0.000000 
prevThrDef
25.000000 25.000000 25.000000 25.000000 25.000000 
manualSeparators

108



separators
1   37   38  267  268  545
1  108  120  121  129  130  221  222  229  230  337  338  380  391  402  403  545
1  134  135  150  151  218  219  394  395  545
1  545
1  361  362  401  402  461  462  545
