fields 34
worms 5
Wave_Initiation_Rate_Median
34.386575 52.886473 6.692548 20.360629 16.147677 
Wave_Initiation_Rate_Range
25.084607 52.334732 2.551159 31.802045 26.005719 
Body_Wave_Number_Median
1.179252 0.821677 1.850299 0.997098 1.113018 
Body_Wave_Number_Range
0.638873 0.725309 0.288705 0.845915 1.166672 
Asymmetry_Median
0.019202 -0.005980 -0.018498 -0.138799 0.012501 
Asymmetry_Range
0.117942 0.224775 0.055954 0.329196 0.285170 
Reverse_Swimming
0.000000 2.428703 0.000000 1.868852 0.000000 
Curling
1.107011 2.883549 0.000000 27.007299 7.417582 
Stretch_Median
0.640461 0.398112 0.329702 0.694673 0.618809 
Stretch_Range
0.193949 0.278230 0.099798 0.335911 0.258285 
Attenuation_Median
63.385869 49.563118 59.866160 47.074668 60.383617 
Attenuation_Range
11.950434 36.830858 24.984741 44.832981 26.418212 
Traveling_Speed_Mean
3.142553 4.568163 0.821668 1.354438 1.440960 
Brush_Stroke_Median
0.076930 0.079709 0.033162 0.043596 0.075755 
Brush_Stroke_Range
0.027530 0.028723 0.009439 0.020337 0.053996 
Activity_Index_Median
81.815182 136.029360 11.264635 49.198965 53.615680 
Activity_Index_Range
33.273766 152.346514 5.896464 54.488655 75.599698 
Wave_Initiation_Rate_10
10.801881 14.617912 5.791169 10.940628 9.967086 
Body_Wave_Number_10
0.762283 0.494355 1.647622 0.585445 0.320461 
Asymmetry_10
0.001303 -0.053391 -0.046452 -0.294269 -0.197476 
Stretch_10
0.531521 0.327663 0.272282 0.555005 0.509761 
Attenuation_10
55.070795 33.817357 50.353292 35.103175 47.126284 
Brush_Stroke_10
0.069265 0.061136 0.028718 0.035666 0.051225 
Activity_Index_10
71.499673 32.884289 8.769516 35.056566 19.105792 
usability
0.996324 0.994485 1.000000 0.755515 0.669118 
status
valid
valid
valid
valid
valid
highThr
64.000000 69.000000 69.000000 85.000000 79.000000 
lowThr
49.000000 43.000000 57.000000 31.000000 41.000000 
prevThr
25.000000 25.000000 25.000000 25.000000 25.000000 
highThrDef
64.000000 69.000000 69.000000 85.000000 79.000000 
lowThrDef
49.000000 43.000000 57.000000 31.000000 38.000000 
prevThrDef
25.000000 25.000000 25.000000 25.000000 25.000000 
manualSeparators
522  523


92   93  197  332  431
366
separators
1  212  213  304  305  381  382  521  522  523  545
1  153  156  480  481  488  489  521  522  545
1  121  122  181  182  343  344  545
1   69   70   81   82   91   92   93  162  163  197  201  202  225  226  227  228  251  252  332  334  336  337  338  339  341  354  355  358  359  362  363  380  381  431  435  436  454  541  542  545
1  161  162  163  366  368  381  382  461  462  545
