fields 34
worms 6
Wave_Initiation_Rate_Median
146.084473 69.271048 135.237817 146.579141 135.411861 NaN 
Wave_Initiation_Rate_Range
114.413143 115.300069 16.382384 89.233898 65.118771 NaN 
Body_Wave_Number_Median
0.459327 0.254337 0.531333 0.476235 0.447732 NaN 
Body_Wave_Number_Range
0.530224 0.498775 0.386747 0.382210 0.411774 NaN 
Asymmetry_Median
-0.009822 -0.023542 0.001270 -0.016164 0.015734 NaN 
Asymmetry_Range
0.074637 0.131460 0.028108 0.116263 0.066042 NaN 
Reverse_Swimming
2.650862 1.517387 0.000000 4.363636 0.000000 NaN 
Curling
1.563126 2.475442 0.793951 0.909091 0.559701 NaN 
Stretch_Median
0.325584 0.492128 0.312897 0.362100 0.348805 NaN 
Stretch_Range
0.367661 0.356110 0.124771 0.177234 0.315512 NaN 
Attenuation_Median
66.702007 66.365342 71.302953 76.606397 71.712156 NaN 
Attenuation_Range
18.684327 31.810709 20.694454 21.461997 23.363372 NaN 
Traveling_Speed_Mean
13.413357 12.951237 13.979980 10.072015 8.452327 NaN 
Brush_Stroke_Median
0.094041 0.352832 0.320564 0.049547 0.355489 NaN 
Brush_Stroke_Range
0.112080 0.187092 0.075810 0.015932 0.082382 NaN 
Activity_Index_Median
498.275887 346.610901 344.204010 363.908444 372.683521 NaN 
Activity_Index_Range
640.487971 328.321936 110.968333 268.095266 216.221508 NaN 
Wave_Initiation_Rate_10
40.254825 35.141522 120.075818 65.026743 71.456375 NaN 
Body_Wave_Number_10
0.132614 0.055058 0.343732 0.301526 0.210315 NaN 
Asymmetry_10
-0.069453 -0.115594 -0.013180 -0.088445 -0.004200 NaN 
Stretch_10
0.267878 0.328316 0.272618 0.289869 0.260856 NaN 
Attenuation_10
56.476164 46.659374 57.984640 62.766491 58.251279 NaN 
Brush_Stroke_10
0.063494 0.252165 0.280197 0.044378 0.310063 NaN 
Activity_Index_10
319.497624 105.913599 280.967792 163.291367 201.509821 NaN 
usability
0.917279 0.935662 0.972426 0.849265 0.985294 0.000000 
status
valid
valid
valid
valid
valid
rejected
highThr
73.000000 63.000000 59.000000 63.000000 69.000000 NaN 
lowThr
30.000000 36.000000 36.000000 27.000000 27.000000 0.000000 
prevThr
10.000000 10.000000 25.000000 25.000000 10.000000 25.000000 
highThrDef
73.000000 63.000000 59.000000 63.000000 69.000000 NaN 
lowThrDef
25.000000 36.000000 36.000000 27.000000 27.000000 0.000000 
prevThrDef
25.000000 25.000000 25.000000 25.000000 25.000000 25.000000 
manualSeparators



129


separators
1   33   34   61   62   63   64   67   69   70   73   74   75   76   77   81   82  229  230  344  361  461  462  468  469  470  471  475  476  481  482  545
1  119  120  155  156  214  215  241  242  420  421  473  474  480  482  516  517  545
1   10   11   47   48   78   79  105  106  231  232  322  323  332  334  349  350  368  369  417  418  443  444  460  461  502  503  537  538  545
1   42   43   63   64   77   78  119  121  129  134  135  137  138  182  183  281  282  283  285  286  287  288  292  293  295  296  301  302  422  423  430  431  455  456  462  463  478  479  480  489  521  522  530  531  534  535  538  545
1  353  354  424  425  447  448  463  464  470  471  478  479  511  512  513  545
1  545
