fields 34
worms 5
Wave_Initiation_Rate_Median
6.174120 10.824563 8.964604 6.534908 6.872096 
Wave_Initiation_Rate_Range
2.062746 10.500751 5.645757 1.137138 2.261720 
Body_Wave_Number_Median
1.941878 1.601989 1.642950 1.871892 1.887847 
Body_Wave_Number_Range
0.736620 0.745202 0.806676 0.170514 0.443696 
Asymmetry_Median
-0.063995 -0.099838 -0.070236 0.009686 -0.053124 
Asymmetry_Range
0.116011 0.237258 0.069059 0.034117 0.203416 
Reverse_Swimming
0.000000 1.269549 1.269549 0.000000 0.000000 
Curling
0.000000 0.000000 0.000000 0.000000 0.000000 
Stretch_Median
0.398352 0.488053 0.320700 0.270268 0.386247 
Stretch_Range
0.258538 0.154814 0.081835 0.110525 0.218042 
Attenuation_Median
57.385090 78.711019 61.292170 66.761109 75.417434 
Attenuation_Range
33.738267 27.902144 33.191656 13.056667 24.611032 
Traveling_Speed_Mean
0.418176 1.207956 0.985587 0.277096 1.109122 
Brush_Stroke_Median
0.028235 0.040210 0.036705 0.028772 0.032667 
Brush_Stroke_Range
0.009073 0.019194 0.008322 0.002303 0.026001 
Activity_Index_Median
8.623471 19.714445 17.003315 9.504532 11.946691 
Activity_Index_Range
3.431135 24.823930 11.496801 1.601309 14.513340 
Wave_Initiation_Rate_10
5.539395 7.314923 7.268530 6.235276 6.223559 
Body_Wave_Number_10
1.805265 1.114362 1.108844 1.751329 1.493215 
Asymmetry_10
-0.105160 -0.173630 -0.088771 -0.009926 -0.074319 
Stretch_10
0.279921 0.418366 0.293263 0.225708 0.307235 
Attenuation_10
42.092754 56.347261 38.162302 60.844626 59.960652 
Brush_Stroke_10
0.025819 0.031871 0.032197 0.027830 0.028350 
Activity_Index_10
7.178297 12.716049 12.819615 8.758282 8.998903 
usability
0.992647 0.998162 1.000000 0.994485 1.000000 
status
valid
valid
valid
valid
valid
highThr
54.000000 61.000000 63.000000 53.000000 62.000000 
lowThr
43.000000 45.000000 26.000000 40.000000 45.000000 
prevThr
25.000000 25.000000 25.000000 25.000000 25.000000 
highThrDef
54.000000 61.000000 63.000000 53.000000 62.000000 
lowThrDef
43.000000 45.000000 26.000000 40.000000 45.000000 
prevThrDef
25.000000 25.000000 25.000000 25.000000 25.000000 
manualSeparators





separators
1  201  202  483  484  521  522  541  542  545
1    2    3  545
1  545
1   41   42  321  322  536  537  545
1    2  545
