fields 34
worms 4
Wave_Initiation_Rate_Median
112.545201 130.311553 134.754166 121.067361 
Wave_Initiation_Rate_Range
65.610614 59.380948 17.234390 62.990517 
Body_Wave_Number_Median
0.517029 0.614484 0.578506 0.535080 
Body_Wave_Number_Range
0.387393 0.313367 0.307923 0.244895 
Asymmetry_Median
0.004562 0.006063 -0.010351 0.004737 
Asymmetry_Range
0.080929 0.049237 0.041666 0.074534 
Reverse_Swimming
0.000000 0.000000 0.000000 0.000000 
Curling
0.000000 0.000000 0.222635 0.000000 
Stretch_Median
0.319097 0.332407 0.389328 0.352961 
Stretch_Range
0.233220 0.200513 0.149959 0.190454 
Attenuation_Median
74.603108 72.845488 75.838422 68.743214 
Attenuation_Range
19.292738 17.403092 21.134585 15.741801 
Traveling_Speed_Mean
11.361466 13.593012 13.289598 14.347590 
Brush_Stroke_Median
0.261053 0.276138 0.285433 0.185800 
Brush_Stroke_Range
0.083097 0.061057 0.053575 0.057484 
Activity_Index_Median
286.729458 281.679598 304.003748 314.791460 
Activity_Index_Range
173.490274 139.204942 90.688652 222.014397 
Wave_Initiation_Rate_10
66.658390 83.525466 118.165209 71.423420 
Body_Wave_Number_10
0.356124 0.417713 0.380860 0.402904 
Asymmetry_10
-0.027522 -0.016775 -0.039135 -0.022142 
Stretch_10
0.244714 0.246465 0.322876 0.289913 
Attenuation_10
65.280958 63.348294 66.971812 60.112582 
Brush_Stroke_10
0.220981 0.245900 0.258604 0.159683 
Activity_Index_10
172.586006 178.455105 245.678172 172.161156 
usability
0.979779 0.972426 0.990809 0.998162 
status
valid
valid
valid
valid
highThr
65.000000 64.000000 63.000000 59.000000 
lowThr
35.000000 29.000000 43.000000 38.000000 
prevThr
20.000000 25.000000 25.000000 20.000000 
highThrDef
65.000000 64.000000 63.000000 59.000000 
lowThrDef
35.000000 29.000000 43.000000 38.000000 
prevThrDef
25.000000 25.000000 25.000000 25.000000 
manualSeparators


344

separators
1  384  386  400  403  505  507  513  515  543  545
1  402  403  429  431  432  450  459  461  462  545
1  344  346  347  361  363  364  545
1  165  171  413  414  545
