fields 34
worms 5
Wave_Initiation_Rate_Median
18.003120 9.440648 50.090086 32.452351 9.410836 
Wave_Initiation_Rate_Range
24.150189 8.020300 16.146699 40.310255 9.117239 
Body_Wave_Number_Median
1.066512 1.730090 1.095168 0.822288 1.702775 
Body_Wave_Number_Range
0.887839 0.492004 0.841573 0.764998 0.800420 
Asymmetry_Median
0.048512 0.044097 -0.022861 -0.037049 -0.002654 
Asymmetry_Range
0.156181 0.102769 0.044694 0.153484 0.141182 
Reverse_Swimming
3.146274 0.000000 0.000000 5.465711 0.000000 
Curling
0.000000 0.000000 0.000000 0.000000 0.570342 
Stretch_Median
0.623035 0.571609 0.411114 0.498741 0.544520 
Stretch_Range
0.231186 0.190704 0.130874 0.206706 0.246180 
Attenuation_Median
77.598168 77.670214 70.119455 50.086410 53.409075 
Attenuation_Range
23.820570 14.588701 16.487644 40.098233 60.929677 
Traveling_Speed_Mean
2.447784 1.563238 4.197737 7.267449 3.904147 
Brush_Stroke_Median
0.066534 0.043059 0.078297 0.082192 0.061955 
Brush_Stroke_Range
0.025246 0.015169 0.030889 0.048775 0.044079 
Activity_Index_Median
47.001342 20.089208 141.199656 121.575401 29.526682 
Activity_Index_Range
79.646008 20.351394 70.784880 168.067401 32.378148 
Wave_Initiation_Rate_10
10.427626 7.365726 36.035762 11.313362 7.028660 
Body_Wave_Number_10
0.511501 1.383098 0.597564 0.504759 1.063766 
Asymmetry_10
-0.046145 0.009260 -0.043924 -0.069669 -0.076788 
Stretch_10
0.512473 0.485374 0.341328 0.398805 0.454108 
Attenuation_10
63.385372 71.465813 61.642764 27.426413 18.343129 
Brush_Stroke_10
0.055400 0.036123 0.060004 0.059644 0.043498 
Activity_Index_10
25.675216 15.046634 92.542809 44.390443 18.935595 
usability
1.000000 1.000000 1.000000 0.968750 0.966912 
status
valid
valid
valid
valid
valid
highThr
71.000000 72.000000 73.000000 70.000000 85.000000 
lowThr
49.000000 51.000000 58.000000 47.000000 21.000000 
prevThr
25.000000 25.000000 25.000000 25.000000 25.000000 
highThrDef
71.000000 72.000000 71.000000 70.000000 85.000000 
lowThrDef
53.000000 56.000000 58.000000 46.000000 21.000000 
prevThrDef
25.000000 25.000000 25.000000 25.000000 25.000000 
manualSeparators




182  183
separators
1  545
1  545
1  545
1   18   20   87   88  103  117  276  279  545
1  175  176  182  183  187  188  327  328  332  333  337  338  339  340  348  349  359  360  367  368  369  370  373  374  545
