fields 34
worms 5
Wave_Initiation_Rate_Median
7.697760 8.582245 6.774687 7.839497 7.590302 
Wave_Initiation_Rate_Range
4.411238 9.812025 3.268693 4.173559 3.054353 
Body_Wave_Number_Median
1.557553 1.735824 1.869027 1.789262 1.780096 
Body_Wave_Number_Range
0.628224 1.103277 0.648307 0.399116 0.374357 
Asymmetry_Median
-0.103761 0.127284 -0.052711 -0.124581 -0.015983 
Asymmetry_Range
0.183122 0.158882 0.062757 0.095988 0.069066 
Reverse_Swimming
1.048758 0.000000 0.000000 0.000000 0.000000 
Curling
0.000000 0.000000 0.000000 0.000000 0.000000 
Stretch_Median
0.399727 0.406636 0.314718 0.458957 0.422021 
Stretch_Range
0.151143 0.264145 0.143391 0.224371 0.199050 
Attenuation_Median
74.179766 68.749464 66.403800 79.819838 42.024206 
Attenuation_Range
23.311136 23.794326 26.054673 25.229973 32.053933 
Traveling_Speed_Mean
1.593452 1.489378 0.706166 0.841485 0.641592 
Brush_Stroke_Median
0.040422 0.038093 0.030730 0.034712 0.033162 
Brush_Stroke_Range
0.023547 0.019029 0.008668 0.008205 0.012379 
Activity_Index_Median
14.863814 16.692602 10.372681 13.903763 11.813655 
Activity_Index_Range
14.831360 30.273047 7.359511 6.855620 5.869990 
Wave_Initiation_Rate_10
6.392623 7.144774 6.002927 6.645558 6.604356 
Body_Wave_Number_10
1.168504 1.229486 1.661932 1.552129 1.530984 
Asymmetry_10
-0.160932 -0.017816 -0.090756 -0.163277 -0.037004 
Stretch_10
0.315900 0.305425 0.218419 0.334383 0.343002 
Attenuation_10
56.507533 54.379687 51.856412 63.545042 30.551536 
Brush_Stroke_10
0.035892 0.031611 0.027208 0.031404 0.029739 
Activity_Index_10
11.988621 12.497233 8.320423 11.269699 9.781218 
usability
0.998162 0.996324 1.000000 1.000000 0.968750 
status
valid
valid
valid
valid
valid
highThr
62.000000 50.000000 66.000000 71.000000 34.000000 
lowThr
47.000000 35.000000 51.000000 43.000000 16.000000 
prevThr
25.000000 25.000000 25.000000 25.000000 25.000000 
highThrDef
62.000000 50.000000 66.000000 71.000000 34.000000 
lowThrDef
47.000000 35.000000 51.000000 43.000000 16.000000 
prevThrDef
25.000000 25.000000 25.000000 25.000000 25.000000 
manualSeparators





separators
1  261  262  545
1  441  442  521  522  545
1  545
1  545
1   17   18   24   25   67   68   82   83   90   91  101  102  106  107  114  115  121  122  124  125  133  134  139  140  167  168  172  173  174  175  176  177  521  522  545
