fields 34
worms 5
Wave_Initiation_Rate_Median
67.130813 66.110434 67.936229 66.734357 68.384409 
Wave_Initiation_Rate_Range
24.677503 31.226294 17.523604 22.139651 10.286672 
Body_Wave_Number_Median
0.619631 0.631973 0.730628 0.371258 0.659704 
Body_Wave_Number_Range
0.250483 0.403322 0.251852 0.482997 0.419927 
Asymmetry_Median
-0.025358 -0.039438 -0.024012 0.013251 -0.007210 
Asymmetry_Range
0.064991 0.088257 0.050216 0.078260 0.037813 
Reverse_Swimming
0.000000 0.000000 0.000000 4.740566 0.000000 
Curling
0.553506 0.000000 0.222222 0.000000 0.000000 
Stretch_Median
0.415022 0.421989 0.395978 0.443935 0.383644 
Stretch_Range
0.150841 0.106641 0.134299 0.163461 0.097496 
Attenuation_Median
71.216553 67.051558 65.098613 51.323377 74.110555 
Attenuation_Range
28.115631 21.149872 17.541798 16.090592 38.214191 
Traveling_Speed_Mean
5.347894 10.524340 8.703316 8.025945 4.975238 
Brush_Stroke_Median
0.075885 0.206384 0.171267 0.183840 0.145848 
Brush_Stroke_Range
0.019874 0.068274 0.040020 0.039019 0.039302 
Activity_Index_Median
238.781845 170.320558 173.423277 185.799220 152.043243 
Activity_Index_Range
94.777468 108.312677 54.857788 69.593775 45.544251 
Wave_Initiation_Rate_10
44.105518 37.794822 53.496619 46.719909 65.466333 
Body_Wave_Number_10
0.519235 0.384475 0.621568 0.254405 0.451720 
Asymmetry_10
-0.064235 -0.094796 -0.046444 -0.010342 -0.022223 
Stretch_10
0.353853 0.368449 0.355771 0.370939 0.345152 
Attenuation_10
56.046902 57.571649 55.786700 44.091436 44.156656 
Brush_Stroke_10
0.066960 0.174420 0.156111 0.167052 0.130506 
Activity_Index_10
184.604309 103.508364 136.584508 143.364739 135.071201 
usability
0.996324 1.000000 0.992647 0.891544 0.937500 
status
valid
valid
valid
valid
valid
highThr
65.000000 63.000000 65.000000 63.000000 64.000000 
lowThr
40.000000 44.000000 45.000000 40.000000 43.000000 
prevThr
25.000000 25.000000 25.000000 25.000000 25.000000 
highThrDef
65.000000 63.000000 65.000000 63.000000 64.000000 
lowThrDef
46.000000 44.000000 45.000000 40.000000 43.000000 
prevThrDef
25.000000 25.000000 25.000000 25.000000 25.000000 
manualSeparators



175  176  184
209  210  222  223
separators
1   14   16  326  327  545
1  260  261  545
1   56   57  116  117  124  126  412  416  545
1   53   54   56   57  124  126  175  176  179  184  186  187  188  193  194  197  202  203  205  207  208  209  216  222  223  235  236  238  417  418  511  514  515  520  545
1   33   39  175  179  188  197  202  203  205  207  208  209  210  216  222  223  235  238  544  545
