fields 34
worms 5
Wave_Initiation_Rate_Median
9.862940 118.153363 69.105422 7.994587 95.580686 
Wave_Initiation_Rate_Range
5.429859 51.873997 14.768041 6.296907 34.438293 
Body_Wave_Number_Median
1.417380 0.469149 0.716936 1.801612 0.563894 
Body_Wave_Number_Range
0.619437 0.270610 0.183072 0.751621 0.313697 
Asymmetry_Median
0.013377 0.000513 0.001976 0.088070 -0.018637 
Asymmetry_Range
0.263595 0.039499 0.032171 0.232016 0.041989 
Reverse_Swimming
2.232893 0.000000 0.000000 0.000000 0.000000 
Curling
12.782609 0.000000 0.000000 0.000000 0.000000 
Stretch_Median
0.569398 0.308839 0.395140 0.487710 0.352549 
Stretch_Range
0.292697 0.156401 0.074120 0.384016 0.163138 
Attenuation_Median
59.674107 72.163099 56.184460 63.580290 69.148821 
Attenuation_Range
58.987684 15.689448 17.837533 28.082759 16.104422 
Traveling_Speed_Mean
1.001090 7.774949 8.717145 2.604055 6.683856 
Brush_Stroke_Median
0.049988 0.239296 0.193628 0.046415 0.235893 
Brush_Stroke_Range
0.013437 0.033583 0.041115 0.047027 0.045689 
Activity_Index_Median
25.464704 272.359800 204.640212 16.923899 219.558167 
Activity_Index_Range
12.073783 80.964963 45.536772 30.021489 76.801911 
Wave_Initiation_Rate_10
8.185212 68.585673 67.610850 6.853939 67.019182 
Body_Wave_Number_10
1.062597 0.336200 0.607116 1.310909 0.432731 
Asymmetry_10
-0.099057 -0.014440 -0.016926 -0.099769 -0.031807 
Stretch_10
0.497904 0.266060 0.352936 0.336722 0.304029 
Attenuation_10
22.983088 64.045913 48.817762 47.132263 60.397738 
Brush_Stroke_10
0.042047 0.224483 0.177432 0.036547 0.218548 
Activity_Index_10
19.711533 210.831101 188.446163 13.362258 166.404127 
usability
0.845588 0.994485 0.994485 0.998162 0.998162 
status
valid
valid
valid
valid
valid
highThr
64.000000 54.000000 60.000000 49.000000 54.000000 
lowThr
36.000000 39.000000 44.000000 25.000000 38.000000 
prevThr
25.000000 25.000000 25.000000 25.000000 25.000000 
highThrDef
64.000000 54.000000 60.000000 49.000000 54.000000 
lowThrDef
36.000000 39.000000 44.000000 25.000000 38.000000 
prevThrDef
25.000000 25.000000 25.000000 25.000000 25.000000 
manualSeparators





separators
1  257  258  269  270  286  290  291  293  294  295  301  312  337  338  362  363  401  402  411  412  424  427  428  429  435  441  446  447  448  449  545
1  185  186  448  450  545
1   23   25  293  294  545
1  205  206  545
1  543  544  545
