fields 34
worms 5
Wave_Initiation_Rate_Median
6.436621 10.984124 13.572301 7.438031 7.826991 
Wave_Initiation_Rate_Range
0.911979 9.085201 17.382254 3.283304 3.454999 
Body_Wave_Number_Median
1.901542 1.461495 1.304636 1.748549 1.775261 
Body_Wave_Number_Range
0.082135 0.683198 1.037070 0.391320 0.548009 
Asymmetry_Median
-0.078807 -0.041942 0.010459 -0.076872 0.100127 
Asymmetry_Range
0.008297 0.220049 0.222025 0.094921 0.198951 
Reverse_Swimming
0.000000 1.821527 3.808648 0.000000 0.000000 
Curling
0.000000 0.000000 4.317343 0.000000 0.000000 
Stretch_Median
0.341578 0.483667 0.559212 0.403261 0.428478 
Stretch_Range
0.160181 0.145152 0.153806 0.099786 0.138745 
Attenuation_Median
78.688582 74.836987 60.557071 64.393921 74.102307 
Attenuation_Range
13.326994 21.963542 33.001521 36.835366 32.229305 
Traveling_Speed_Mean
0.491522 1.110883 1.324541 0.620276 0.808664 
Brush_Stroke_Median
0.027207 0.041714 0.054836 0.033994 0.035800 
Brush_Stroke_Range
0.001532 0.018083 0.014396 0.009139 0.008665 
Activity_Index_Median
8.744577 24.323720 36.117005 12.695997 14.078467 
Activity_Index_Range
1.241690 18.478268 42.370863 5.738566 6.186093 
Wave_Initiation_Rate_10
6.019665 8.070100 9.739205 6.525117 6.555305 
Body_Wave_Number_10
1.867244 1.118582 0.556133 1.522765 1.569448 
Asymmetry_10
-0.083493 -0.113373 -0.117274 -0.134579 -0.021921 
Stretch_10
0.264679 0.432529 0.474647 0.351274 0.336935 
Attenuation_10
69.727082 62.777265 37.825138 40.729429 48.288029 
Brush_Stroke_10
0.026404 0.035482 0.047049 0.030851 0.031632 
Activity_Index_10
8.085269 15.595392 26.885205 10.960537 11.926694 
usability
1.000000 1.000000 0.996324 1.000000 0.996324 
status
valid
valid
valid
valid
valid
highThr
47.000000 61.000000 60.000000 58.000000 58.000000 
lowThr
32.000000 44.000000 39.000000 43.000000 40.000000 
prevThr
25.000000 25.000000 25.000000 25.000000 25.000000 
highThrDef
47.000000 61.000000 60.000000 58.000000 58.000000 
lowThrDef
32.000000 44.000000 39.000000 43.000000 40.000000 
prevThrDef
25.000000 25.000000 25.000000 25.000000 25.000000 
manualSeparators





separators
1  545
1  545
1  100  101  454  455  545
1  545
1  301  303  545
