fields 34
worms 4
Wave_Initiation_Rate_Median
94.508521 96.598697 102.402262 60.986395 
Wave_Initiation_Rate_Range
52.510317 55.957100 52.054619 45.960325 
Body_Wave_Number_Median
0.472590 0.369819 0.402553 0.452181 
Body_Wave_Number_Range
0.254810 0.234078 0.212508 0.234926 
Asymmetry_Median
0.009778 -0.015575 0.016664 0.085529 
Asymmetry_Range
0.083493 0.097533 0.098670 0.099470 
Reverse_Swimming
0.000000 0.000000 0.000000 0.000000 
Curling
0.111111 0.000000 0.469667 0.000000 
Stretch_Median
0.401159 0.411457 0.355905 0.391647 
Stretch_Range
0.191315 0.207283 0.141084 0.139758 
Attenuation_Median
62.774538 60.096396 52.319062 63.229477 
Attenuation_Range
21.525079 20.038618 29.162698 16.107756 
Traveling_Speed_Mean
9.498981 10.058896 9.180152 6.428968 
Brush_Stroke_Median
0.193915 0.193400 0.278661 0.205500 
Brush_Stroke_Range
0.037863 0.037447 0.055391 0.050375 
Activity_Index_Median
266.419631 277.935550 296.237966 154.052669 
Activity_Index_Range
122.004594 151.721400 139.086754 128.598949 
Wave_Initiation_Rate_10
67.841651 68.299623 67.789655 40.317169 
Body_Wave_Number_10
0.363948 0.240988 0.279494 0.354246 
Asymmetry_10
-0.041361 -0.076390 -0.004308 0.021948 
Stretch_10
0.318379 0.309871 0.313395 0.319756 
Attenuation_10
50.233386 50.069601 35.324966 53.542545 
Brush_Stroke_10
0.177882 0.176765 0.258081 0.174661 
Activity_Index_10
208.589796 202.649002 190.159198 93.789042 
usability
0.992647 0.994485 0.939338 0.994485 
status
unchecked
unchecked
unchecked
unchecked
highThr
59.000000 54.000000 54.000000 57.000000 
lowThr
38.000000 37.000000 34.000000 38.000000 
prevThr
25.000000 25.000000 25.000000 25.000000 
highThrDef
59.000000 54.000000 54.000000 57.000000 
lowThrDef
38.000000 37.000000 34.000000 38.000000 
prevThrDef
25.000000 25.000000 25.000000 25.000000 
manualSeparators




separators
1   26   27  348  349  382  383  384  385  545
1    7    8   63   64  280  281  545
1  105  106  110  111  144  145  163  164  232  233  239  240  351  352  353  354  392  393  402  403  430  431  447  448  463  464  522  523  541  542  545
1  291  294  545
