fields 34
worms 4
Wave_Initiation_Rate_Median
119.388483 102.237844 118.612982 134.775842 
Wave_Initiation_Rate_Range
70.271292 55.830300 63.052419 37.138917 
Body_Wave_Number_Median
0.514998 0.538006 0.594075 0.466817 
Body_Wave_Number_Range
0.332331 0.270683 0.322178 0.433615 
Asymmetry_Median
-0.011662 -0.049751 0.024132 0.008573 
Asymmetry_Range
0.096061 0.082358 0.080405 0.039573 
Reverse_Swimming
0.000000 0.000000 0.000000 0.000000 
Curling
1.439114 0.330882 0.998152 0.000000 
Stretch_Median
0.369471 0.354642 0.352325 0.300115 
Stretch_Range
0.192049 0.143082 0.177177 0.143034 
Attenuation_Median
69.744430 63.042163 66.836332 69.267656 
Attenuation_Range
19.618874 20.280773 23.349829 24.048594 
Traveling_Speed_Mean
8.458810 14.028674 11.040861 14.302751 
Brush_Stroke_Median
0.285265 0.272662 0.226149 0.331086 
Brush_Stroke_Range
0.078313 0.039457 0.035873 0.112881 
Activity_Index_Median
268.148705 259.341987 267.327963 305.290639 
Activity_Index_Range
167.769698 136.089179 108.201643 135.228981 
Wave_Initiation_Rate_10
63.494874 74.684771 71.575247 99.694168 
Body_Wave_Number_10
0.349787 0.360284 0.406334 0.303352 
Asymmetry_10
-0.082049 -0.098398 0.000211 -0.010265 
Stretch_10
0.310276 0.295511 0.296894 0.233261 
Attenuation_10
59.497626 53.127142 54.406746 57.490561 
Brush_Stroke_10
0.239442 0.253797 0.210067 0.265963 
Activity_Index_10
142.280168 185.505809 195.946567 206.940558 
usability
0.996324 1.000000 0.994485 0.996324 
status
valid
valid
valid
valid
highThr
52.000000 52.000000 53.000000 50.000000 
lowThr
29.000000 32.000000 37.000000 22.000000 
prevThr
24.000000 25.000000 25.000000 20.000000 
highThrDef
49.000000 51.000000 53.000000 50.000000 
lowThrDef
32.000000 33.000000 37.000000 30.000000 
prevThrDef
25.000000 25.000000 25.000000 25.000000 
manualSeparators




separators
1   33   34   96   97   98   99  268  269  545
1  426  427  545
1  171  172  173  174  420  421  495  496  545
1  525  526  527  545
