fields 34
worms 3
Wave_Initiation_Rate_Median
84.394940 102.881218 68.322828 
Wave_Initiation_Rate_Range
58.433573 27.706138 45.676616 
Body_Wave_Number_Median
0.381555 0.260849 0.415462 
Body_Wave_Number_Range
0.451975 0.260253 0.535915 
Asymmetry_Median
-0.013886 0.000540 -0.007599 
Asymmetry_Range
0.124191 0.034988 0.195732 
Reverse_Swimming
0.000000 0.000000 0.000000 
Curling
0.000000 0.000000 1.176471 
Stretch_Median
0.428874 0.331065 0.546750 
Stretch_Range
0.246967 0.169980 0.297895 
Attenuation_Median
58.738674 69.363479 65.874890 
Attenuation_Range
22.148239 19.725137 18.334181 
Traveling_Speed_Mean
10.474723 15.864262 3.577681 
Brush_Stroke_Median
0.320750 0.176977 0.280852 
Brush_Stroke_Range
0.113893 0.047473 0.105218 
Activity_Index_Median
248.595044 326.416756 209.316776 
Activity_Index_Range
188.612357 162.637220 194.954675 
Wave_Initiation_Rate_10
61.928299 98.358351 45.135276 
Body_Wave_Number_10
0.218920 0.137648 0.196426 
Asymmetry_10
-0.094597 -0.019467 -0.077211 
Stretch_10
0.282397 0.247340 0.395059 
Attenuation_10
49.065785 59.601439 58.143044 
Brush_Stroke_10
0.274134 0.153111 0.247825 
Activity_Index_10
172.681768 249.731708 136.469932 
usability
0.987132 0.976103 0.843750 
status
valid
valid
valid
highThr
65.000000 63.000000 64.000000 
lowThr
44.000000 42.000000 40.000000 
prevThr
25.000000 10.000000 25.000000 
highThrDef
65.000000 63.000000 64.000000 
lowThrDef
44.000000 42.000000 40.000000 
prevThrDef
25.000000 25.000000 25.000000 
manualSeparators



separators
1   59   60  135  136  210  211  283  284  326  327  402  403  422  423  545
1   89   90  400  402  404  406  407  409  422  425  429  430  433  435  545
1   61   62  148  150  169  170  191  192  211  212  288  289  341  342  367  369  381  382  400  402  404  406  407  409  422  425  429  430  433  435  465  466  542  543  545
