fields 34
worms 5
Wave_Initiation_Rate_Median
8.556893 10.126675 7.620421 5.906072 7.472009 
Wave_Initiation_Rate_Range
9.068744 6.920421 3.809098 1.340340 2.285059 
Body_Wave_Number_Median
1.612191 1.484981 1.790804 1.920690 1.822180 
Body_Wave_Number_Range
0.703597 0.550510 1.007025 0.095697 0.266564 
Asymmetry_Median
0.024535 -0.024336 -0.102288 0.130595 0.069696 
Asymmetry_Range
0.215999 0.181516 0.173377 0.044146 0.173791 
Reverse_Swimming
2.428703 0.000000 0.000000 0.000000 0.000000 
Curling
0.000000 0.000000 0.000000 0.000000 0.000000 
Stretch_Median
0.390197 0.509316 0.437370 0.222710 0.426308 
Stretch_Range
0.117135 0.168283 0.229968 0.106985 0.142137 
Attenuation_Median
66.056731 60.989844 73.970167 71.941907 78.265826 
Attenuation_Range
28.975071 45.307060 27.651115 18.856714 16.630224 
Traveling_Speed_Mean
0.877291 1.395246 0.770298 0.358295 0.859257 
Brush_Stroke_Median
0.035040 0.045006 0.033801 0.027195 0.037232 
Brush_Stroke_Range
0.016757 0.019711 0.016689 0.004610 0.008715 
Activity_Index_Median
16.045949 24.111911 12.682599 8.010692 13.458528 
Activity_Index_Range
24.394404 24.247144 9.977900 2.973446 4.697112 
Wave_Initiation_Rate_10
6.722310 8.198664 6.068514 5.499132 6.713731 
Body_Wave_Number_10
1.163475 1.194992 1.447138 1.858800 1.661232 
Asymmetry_10
-0.068824 -0.119480 -0.168190 0.096826 -0.000712 
Stretch_10
0.334930 0.431968 0.269763 0.188108 0.381850 
Attenuation_10
45.679653 36.868643 55.339475 61.688665 67.641446 
Brush_Stroke_10
0.029447 0.038164 0.027657 0.026195 0.032385 
Activity_Index_10
11.645649 16.760594 9.564938 7.314254 11.830331 
usability
0.998162 1.000000 0.998162 1.000000 0.998162 
status
valid
valid
valid
valid
valid
highThr
58.000000 58.000000 56.000000 69.000000 61.000000 
lowThr
37.000000 34.000000 37.000000 52.000000 45.000000 
prevThr
25.000000 25.000000 25.000000 25.000000 25.000000 
highThrDef
58.000000 58.000000 56.000000 69.000000 61.000000 
lowThrDef
37.000000 34.000000 37.000000 52.000000 45.000000 
prevThrDef
25.000000 25.000000 25.000000 25.000000 25.000000 
manualSeparators





separators
1  181  182  545
1  545
1  381  382  545
1  545
1  481  482  545
