fields 34
worms 5
Wave_Initiation_Rate_Median
136.509004 134.678733 134.093291 134.537692 134.886311 
Wave_Initiation_Rate_Range
30.526404 71.429904 65.022365 58.992470 91.803160 
Body_Wave_Number_Median
0.627889 0.469243 0.526632 0.536548 0.621912 
Body_Wave_Number_Range
0.234125 0.527406 0.244444 0.334061 0.455193 
Asymmetry_Median
-0.014505 -0.005495 -0.010243 -0.006628 0.004214 
Asymmetry_Range
0.081378 0.100287 0.080533 0.106654 0.037583 
Reverse_Swimming
0.000000 0.753927 0.000000 0.000000 0.000000 
Curling
0.111940 0.244898 0.892193 0.000000 0.000000 
Stretch_Median
0.359092 0.426772 0.397940 0.388229 0.369850 
Stretch_Range
0.224128 0.282486 0.222505 0.166643 0.247978 
Attenuation_Median
71.881038 76.967831 74.911157 68.891214 74.107040 
Attenuation_Range
16.026775 21.643333 19.140252 17.820944 18.112007 
Traveling_Speed_Mean
15.022504 9.258788 15.186825 12.688346 18.155693 
Brush_Stroke_Median
0.377364 0.051429 0.257278 0.304780 0.098019 
Brush_Stroke_Range
0.068778 0.058262 0.043087 0.045551 0.057103 
Activity_Index_Median
370.148717 339.602627 335.923661 321.524055 519.080815 
Activity_Index_Range
113.158648 250.594750 125.455287 144.836936 488.908255 
Wave_Initiation_Rate_10
122.006355 66.041911 71.057129 86.254117 43.961975 
Body_Wave_Number_10
0.502199 0.159645 0.390342 0.392535 0.543215 
Asymmetry_10
-0.069037 -0.061797 -0.070579 -0.092624 -0.019126 
Stretch_10
0.275081 0.335035 0.323533 0.318883 0.290709 
Attenuation_10
63.690983 62.390714 65.925136 59.467312 64.785845 
Brush_Stroke_10
0.342700 0.047171 0.235103 0.282908 0.080863 
Activity_Index_10
310.787178 140.535047 240.074234 212.091899 256.339345 
usability
0.985294 0.900735 0.988971 1.000000 0.878676 
status
valid
valid
valid
valid
valid
highThr
64.000000 75.000000 65.000000 64.000000 68.000000 
lowThr
42.000000 38.000000 42.000000 44.000000 39.000000 
prevThr
25.000000 25.000000 25.000000 25.000000 25.000000 
highThrDef
64.000000 75.000000 65.000000 64.000000 68.000000 
lowThrDef
42.000000 38.000000 42.000000 44.000000 39.000000 
prevThrDef
25.000000 25.000000 25.000000 25.000000 25.000000 
manualSeparators

136



separators
1   81   82  116  117  138  139  147  148  238  239  321  322  447  448  468  469  545
1   86   87  109  110  136  141  142  169  170  176  177  222  223  230  234  237  242  244  261  262  263  264  267  270  283  284  295  296  297  310  311  388  389  410  411  412  413  453  454  495  497  545
1  147  148  234  235  243  244  274  275  416  417  418  545
1  545
1   41   42  215  216  222  223  230  234  237  242  244  248  249  252  253  259  261  262  263  264  267  270  476  477  504  506  545
