fields 34
worms 3
Wave_Initiation_Rate_Median
101.885783 109.204200 100.968974 
Wave_Initiation_Rate_Range
49.224746 88.135716 26.633577 
Body_Wave_Number_Median
0.449817 0.372838 1.027948 
Body_Wave_Number_Range
0.371520 0.567041 0.402639 
Asymmetry_Median
-0.003545 0.003909 0.000781 
Asymmetry_Range
0.094568 0.081604 0.048294 
Reverse_Swimming
0.000000 2.373505 0.000000 
Curling
0.222635 0.226415 0.000000 
Stretch_Median
0.330429 0.335789 0.361983 
Stretch_Range
0.130825 0.436884 0.165278 
Attenuation_Median
68.971799 72.064624 60.176936 
Attenuation_Range
29.882066 26.637276 21.502958 
Traveling_Speed_Mean
9.605758 10.599533 3.700035 
Brush_Stroke_Median
0.255081 0.343861 0.087898 
Brush_Stroke_Range
0.071954 0.156622 0.032997 
Activity_Index_Median
253.191144 338.082193 220.290550 
Activity_Index_Range
120.240929 349.691658 111.157137 
Wave_Initiation_Rate_10
68.799595 33.682251 76.454411 
Body_Wave_Number_10
0.303189 0.101436 0.767051 
Asymmetry_10
-0.058868 -0.015117 -0.033090 
Stretch_10
0.281012 0.257718 0.286583 
Attenuation_10
48.967861 54.484327 49.544355 
Brush_Stroke_10
0.212649 0.266683 0.076600 
Activity_Index_10
184.036528 97.661263 167.943063 
usability
0.990809 0.974265 0.981618 
status
valid
valid
valid
highThr
74.000000 70.000000 65.000000 
lowThr
52.000000 33.000000 49.000000 
prevThr
10.000000 10.000000 25.000000 
highThrDef
74.000000 70.000000 65.000000 
lowThrDef
52.000000 33.000000 49.000000 
prevThrDef
25.000000 25.000000 25.000000 
manualSeparators



separators
1   57   58   59   60  194  197  545
1   41   42  111  112  142  144  145  146  147  148  185  186  249  250  305  306  351  352  364  365  492  493  500  501  514  515  545
1   19   20   37   39   99  102  137  140  165  166  545
