fields 34
worms 6
Wave_Initiation_Rate_Median
85.655788 69.361098 70.197129 NaN NaN NaN 
Wave_Initiation_Rate_Range
44.674114 37.767066 78.258515 NaN NaN NaN 
Body_Wave_Number_Median
0.547597 0.441557 0.436981 NaN NaN NaN 
Body_Wave_Number_Range
0.616047 0.414439 0.553613 NaN NaN NaN 
Asymmetry_Median
-0.005617 -0.007762 -0.016186 NaN NaN NaN 
Asymmetry_Range
0.056461 0.094214 0.103151 NaN NaN NaN 
Reverse_Swimming
0.000000 7.544910 9.328427 NaN NaN NaN 
Curling
0.000000 0.000000 0.782123 NaN NaN NaN 
Stretch_Median
0.371058 0.419335 0.394409 NaN NaN NaN 
Stretch_Range
0.132450 0.154761 0.247074 NaN NaN NaN 
Attenuation_Median
54.969236 61.086997 55.243077 NaN NaN NaN 
Attenuation_Range
26.820594 29.341462 46.553474 NaN NaN NaN 
Traveling_Speed_Mean
8.354179 6.954971 5.973351 NaN NaN NaN 
Brush_Stroke_Median
0.260899 0.243810 0.083280 NaN NaN NaN 
Brush_Stroke_Range
0.171967 0.079788 0.035561 NaN NaN NaN 
Activity_Index_Median
276.056193 196.115332 223.790173 NaN NaN NaN 
Activity_Index_Range
245.887351 135.533357 220.634930 NaN NaN NaN 
Wave_Initiation_Rate_10
55.969925 63.035532 23.154367 NaN NaN NaN 
Body_Wave_Number_10
0.295416 0.192009 0.098929 NaN NaN NaN 
Asymmetry_10
-0.024011 -0.059892 -0.092516 NaN NaN NaN 
Stretch_10
0.310095 0.337451 0.314312 NaN NaN NaN 
Attenuation_10
43.005677 45.515662 17.545040 NaN NaN NaN 
Brush_Stroke_10
0.207755 0.203230 0.068973 NaN NaN NaN 
Activity_Index_10
137.034361 145.041394 74.138328 NaN NaN NaN 
usability
0.911765 0.950368 0.987132 0.812500 0.443015 0.325368 
status
valid
valid
valid
rejected
rejected
rejected
highThr
51.000000 51.000000 47.000000 37.000000 51.000000 54.000000 
lowThr
4.000000 17.000000 19.000000 24.000000 22.000000 15.000000 
prevThr
25.000000 25.000000 25.000000 25.000000 25.000000 25.000000 
highThrDef
51.000000 51.000000 47.000000 37.000000 51.000000 54.000000 
lowThrDef
4.000000 17.000000 19.000000 24.000000 22.000000 15.000000 
prevThrDef
25.000000 25.000000 25.000000 25.000000 25.000000 25.000000 
manualSeparators






separators
1  238  239  323  361  362  364  365  391  392  396  401  402  545
1  289  290  388  389  403  404  409  411  445  448  449  508  509  512  515  520  521  522  530  531  533  534  535  536  537  538  539  540  542  543  545
1  136  137  138  139  142  143  145  146  272  273  382  383  498  499  545
1    9   10   14   15   20   21   24   25   26   27   33   34   37   38   39   40   45   46   56   57   58   59   68   69   72   73   75   76   91   92  100  101  107  108  115  116  120  121  123  124  130  131  137  138  142  143  151  152  160  161  165  166  169  170  175  176  179  180  183  184  197  198  201  202  208  209  234  235  237  238  239  240  248  249  257  258  262  263  267  268  270  271  287  288  291  292  293  294  298  299  300  301  302  303  304  305  306  307  310  311  321  322  324  325  333  334  335  336  342  343  355  356  358  359  360  361  364  365  366  367  368  369  372  373  385  386  393  394  404  405  407  408  411  412  417  418  421  422  424  425  427  428  432  433  437  438  439  440  442  443  445  446  451  452  463  464  465  466  467  468  471  472  482  483  488  489  500  501  508  509  510  511  512  515  520  522  530  533  534  535  537  542  543  545
1  301  302  411  412  523  524  545
1  323  324  325  326  328  329  330  331  332  333  334  335  338  339  343  344  349  350  351  352  359  360  364  365  366  367  368  371  372  373  374  379  380  381  382  384  385  386  387  393  394  395  396  398  399  402  403  404  405  410  411  412  413  425  426  430  431  434  435  440  441  443  444  445  446  456  457  460  461  464  465  466  467  476  477  485  486  501  502  505  506  513  514  516  517  519  520  543  544  545
