fields 34
worms 4
Wave_Initiation_Rate_Median
74.512937 53.274863 11.182459 32.567562 
Wave_Initiation_Rate_Range
59.997507 61.751452 11.114263 54.854494 
Body_Wave_Number_Median
0.396048 0.430706 1.365733 0.619847 
Body_Wave_Number_Range
0.300736 0.571893 1.015051 0.979335 
Asymmetry_Median
0.018286 0.004219 0.085510 -0.060023 
Asymmetry_Range
0.175807 0.133076 0.185798 0.131122 
Reverse_Swimming
0.000000 0.000000 0.000000 0.000000 
Curling
3.918367 1.449814 0.000000 4.795082 
Stretch_Median
0.441730 0.409671 0.496139 0.559597 
Stretch_Range
0.390039 0.292752 0.241030 0.327782 
Attenuation_Median
61.500281 62.146849 71.399758 64.566868 
Attenuation_Range
30.513438 20.971993 18.891325 21.791258 
Traveling_Speed_Mean
9.093210 7.106774 1.166169 6.399682 
Brush_Stroke_Median
0.169531 0.082041 0.062727 0.056706 
Brush_Stroke_Range
0.146190 0.032141 0.022499 0.026561 
Activity_Index_Median
255.793387 154.925085 36.574920 134.297384 
Activity_Index_Range
300.713723 155.371038 39.341634 188.442408 
Wave_Initiation_Rate_10
40.973230 16.608929 7.663736 12.724406 
Body_Wave_Number_10
0.228724 0.212611 0.705916 0.216373 
Asymmetry_10
-0.073049 -0.052595 -0.026130 -0.130979 
Stretch_10
0.312896 0.300638 0.422853 0.397049 
Attenuation_10
42.817684 50.516137 61.946489 50.468866 
Brush_Stroke_10
0.146232 0.064507 0.047998 0.037413 
Activity_Index_10
113.651606 61.655891 18.173381 41.253332 
usability
0.900735 0.988971 0.996324 0.897059 
status
valid
valid
valid
valid
highThr
74.000000 69.000000 62.000000 65.000000 
lowThr
16.000000 39.000000 46.000000 23.000000 
prevThr
25.000000 25.000000 25.000000 25.000000 
highThrDef
74.000000 69.000000 62.000000 65.000000 
lowThrDef
16.000000 39.000000 46.000000 23.000000 
prevThrDef
25.000000 25.000000 25.000000 25.000000 
manualSeparators

142  143


separators
1  103  104  107  109  111  112  131  132  198  199  200  201  202  203  204  205  206  211  212  213  214  273  274  292  293  297  298  337  341  361  362  370  371  375  376  378  380  390  391  508  509  533  534  535  545
1  142  143  144  152  153  325  326  350  351  459  460  545
1  122  123  513  514  545
1  251  252  281  282  321  332  333  341  342  446  447  487  488  494  495  506  507  545
