fields 34
worms 5
Wave_Initiation_Rate_Median
124.571590 119.913239 NaN 151.017043 87.602139 
Wave_Initiation_Rate_Range
102.712977 117.603368 NaN 33.037551 140.808902 
Body_Wave_Number_Median
0.369012 0.500537 NaN 0.532360 0.532601 
Body_Wave_Number_Range
0.476949 0.711650 NaN 0.387038 0.965746 
Asymmetry_Median
-0.002632 -0.006046 NaN -0.004590 -0.011879 
Asymmetry_Range
0.098197 0.174501 NaN 0.042869 0.090470 
Reverse_Swimming
7.845579 6.079836 NaN 0.000000 4.336570 
Curling
4.663866 5.432596 NaN 0.000000 0.525164 
Stretch_Median
0.412700 0.446879 NaN 0.337516 0.386973 
Stretch_Range
0.273171 0.408294 NaN 0.134365 0.278905 
Attenuation_Median
61.459887 66.937484 NaN 74.408718 70.384766 
Attenuation_Range
31.039632 38.878783 NaN 18.577903 39.828232 
Traveling_Speed_Mean
7.020810 6.994318 NaN 28.193342 5.496528 
Brush_Stroke_Median
0.061864 0.263185 NaN 0.327107 0.079276 
Brush_Stroke_Range
0.051954 0.122949 NaN 0.084456 0.079036 
Activity_Index_Median
354.303745 271.308502 NaN 398.534103 507.888319 
Activity_Index_Range
488.818894 339.588039 NaN 109.329051 789.702259 
Wave_Initiation_Rate_10
48.274297 22.780271 NaN 135.670836 12.891162 
Body_Wave_Number_10
0.150921 0.048197 NaN 0.380345 0.137600 
Asymmetry_10
-0.050030 -0.113631 NaN -0.019411 -0.080537 
Stretch_10
0.317889 0.328763 NaN 0.280993 0.318185 
Attenuation_10
41.716870 41.352603 NaN 61.973200 38.207899 
Brush_Stroke_10
0.051538 0.209558 NaN 0.291929 0.060772 
Activity_Index_10
145.560622 59.889783 NaN 335.470617 60.305922 
usability
0.875000 0.913603 0.898897 0.992647 0.840074 
status
valid
valid
rejected
valid
valid
highThr
57.000000 68.000000 50.000000 57.000000 65.000000 
lowThr
26.000000 19.000000 13.000000 35.000000 34.000000 
prevThr
10.000000 25.000000 25.000000 10.000000 10.000000 
highThrDef
57.000000 68.000000 50.000000 57.000000 65.000000 
lowThrDef
26.000000 19.000000 13.000000 35.000000 34.000000 
prevThrDef
25.000000 25.000000 25.000000 25.000000 25.000000 
manualSeparators





separators
1   99  100  177  178  190  191  200  221  222  224  241  242  262  263  277  278  312  313  344  345  364  381  382  463  464  545
1    5    6   52   54   75   76   81   82  106  107  141  145  147  148  172  173  301  302  354  355  373  374  396  397  416  417  418  423  424  426  430  431  437  450  451  486  487  492  494  499  500  522  523  528  529  532  533  535  536  542  543  545
1    7    8   35   36   42   43   44   62   63   66   67   75   76   82   83  102  103  124  125  136  137  141  142  143  144  148  149  159  160  178  180  185  186  187  198  199  207  208  212  213  256  257  261  262  271  272  280  281  313  321  322  329  330  368  369  379  380  411  412  418  419  421  422  426  427  435  436  448  449  450  451  490  491  493  495  501  503  519  521  522  523  526  527  542  543  545
1   70   71  398  399  400  401  462  463  545
1   81  231  232  400  401  462  463  502  503  506  507  508  532  533  545
