fields 34
worms 4
Wave_Initiation_Rate_Median
134.609754 124.947654 121.381804 118.317498 
Wave_Initiation_Rate_Range
15.616248 31.796260 48.949062 99.514406 
Body_Wave_Number_Median
0.471074 0.560586 0.577048 0.479695 
Body_Wave_Number_Range
0.168249 0.336900 0.342921 0.337069 
Asymmetry_Median
-0.007786 -0.006063 -0.007156 0.009962 
Asymmetry_Range
0.028973 0.056829 0.036809 0.050476 
Reverse_Swimming
0.000000 0.000000 1.159154 3.753450 
Curling
0.000000 0.223464 0.000000 0.223881 
Stretch_Median
0.335463 0.356077 0.320279 0.334139 
Stretch_Range
0.120296 0.215440 0.128735 0.185517 
Attenuation_Median
61.734990 61.763409 57.706797 63.611973 
Attenuation_Range
20.000484 25.155818 19.923326 27.994239 
Traveling_Speed_Mean
12.491004 10.469980 12.677564 6.273560 
Brush_Stroke_Median
0.305918 0.280768 0.297695 0.338345 
Brush_Stroke_Range
0.036610 0.047160 0.054415 0.167363 
Activity_Index_Median
325.112223 285.977058 295.166175 301.707595 
Activity_Index_Range
53.325253 88.111983 112.265161 303.687769 
Wave_Initiation_Rate_10
119.452171 103.051405 85.373191 34.497574 
Body_Wave_Number_10
0.403323 0.380526 0.331867 0.252671 
Asymmetry_10
-0.025844 -0.045609 -0.028634 -0.015692 
Stretch_10
0.289757 0.288621 0.279656 0.270631 
Attenuation_10
51.542771 48.419959 49.058596 49.484960 
Brush_Stroke_10
0.290706 0.257031 0.273315 0.261912 
Activity_Index_10
291.801119 231.091652 220.759935 101.283313 
usability
0.994485 0.987132 0.996324 0.985294 
status
valid
valid
valid
valid
highThr
47.000000 47.000000 47.000000 45.000000 
lowThr
33.000000 30.000000 27.000000 28.000000 
prevThr
25.000000 25.000000 25.000000 25.000000 
highThrDef
47.000000 47.000000 47.000000 45.000000 
lowThrDef
33.000000 30.000000 27.000000 28.000000 
prevThrDef
25.000000 25.000000 25.000000 25.000000 
manualSeparators




separators
1  343  344  352  354  545
1   16   17   73   74   76   77  181  182  347  348  359  360  431  432  545
1  155  157  286  287  329  330  545
1   14   15   72   73  139  140  168  169  380  381  405  406  462  463  482  483  545
