fields 34
worms 4
Wave_Initiation_Rate_Median
15.036633 6.240267 6.656241 8.124925 
Wave_Initiation_Rate_Range
2.815541 1.987506 3.969076 4.639376 
Body_Wave_Number_Median
0.475142 1.912496 1.750398 1.878058 
Body_Wave_Number_Range
0.633675 0.140805 0.497862 0.381746 
Asymmetry_Median
0.072401 0.018761 -0.049057 -0.073315 
Asymmetry_Range
0.181133 0.077081 0.192531 0.312431 
Reverse_Swimming
0.000000 0.000000 0.000000 0.000000 
Curling
0.000000 0.000000 1.878453 14.775161 
Stretch_Median
0.548750 0.269713 0.556172 0.605953 
Stretch_Range
0.124783 0.106673 0.324508 0.256759 
Attenuation_Median
47.320058 64.173214 73.023951 78.345759 
Attenuation_Range
22.617302 18.535978 19.776958 30.994073 
Traveling_Speed_Mean
0.025994 0.490505 1.399475 1.033637 
Brush_Stroke_Median
0.026302 0.028047 0.037341 0.035913 
Brush_Stroke_Range
0.001570 0.004917 0.023512 0.016716 
Activity_Index_Median
20.076190 8.379031 12.288314 14.707328 
Activity_Index_Range
1.809726 3.686676 11.535853 12.689722 
Wave_Initiation_Rate_10
12.982017 5.568130 5.742454 5.770859 
Body_Wave_Number_10
0.273341 1.815723 1.465436 1.613562 
Asymmetry_10
-0.052506 -0.041512 -0.126140 -0.344618 
Stretch_10
0.460068 0.221028 0.444571 0.410486 
Attenuation_10
39.378043 54.113294 62.323737 56.129488 
Brush_Stroke_10
0.025750 0.025108 0.028882 0.028898 
Activity_Index_10
18.951969 7.365203 8.838170 8.513128 
usability
0.895221 0.998162 0.998162 0.858456 
status
valid
valid
valid
valid
highThr
61.000000 67.000000 65.000000 67.000000 
lowThr
49.000000 53.000000 50.000000 48.000000 
prevThr
25.000000 25.000000 25.000000 25.000000 
highThrDef
61.000000 67.000000 65.000000 67.000000 
lowThrDef
49.000000 53.000000 50.000000 48.000000 
prevThrDef
25.000000 25.000000 25.000000 25.000000 
manualSeparators


522  523  524

separators
1    2    3   10   11   12   17   20   21   22   26   33   34   61   62   71   72   81   82   83   85  110  111  121  122  136  139  144  146  148  153  204  205  210  211  250  251  254  255  323  324  326  327  329  331  398  400  403  404  422  423  484  486  493  494  524  526  531  532  541  542  545
1  162  163  361  362  382  383  462  463  501  502  521  522  545
1  521  522  523  524  545
1   61   62   63   64  453  456  481  482  495  496  545
