fields 34
worms 5
Wave_Initiation_Rate_Median
39.387469 12.559419 8.303474 7.527858 NaN 
Wave_Initiation_Rate_Range
18.862819 12.050924 3.024337 2.675008 NaN 
Body_Wave_Number_Median
1.001027 1.302350 1.665356 1.832847 NaN 
Body_Wave_Number_Range
0.456028 1.087098 0.358838 0.246749 NaN 
Asymmetry_Median
0.012888 0.152466 0.105489 -0.048874 NaN 
Asymmetry_Range
0.097868 0.277038 0.166261 0.032025 NaN 
Reverse_Swimming
0.000000 3.462630 0.000000 0.000000 NaN 
Curling
0.000000 22.031250 0.000000 0.000000 NaN 
Stretch_Median
0.474629 0.717895 0.440605 0.550021 NaN 
Stretch_Range
0.220529 0.250360 0.293453 0.271212 NaN 
Attenuation_Median
60.141138 43.883057 83.244266 76.323198 NaN 
Attenuation_Range
21.515816 34.724508 15.131067 17.259730 NaN 
Traveling_Speed_Mean
3.891123 0.670853 1.195494 0.793478 NaN 
Brush_Stroke_Median
0.076447 0.047139 0.035015 0.029439 NaN 
Brush_Stroke_Range
0.045805 0.024614 0.010118 0.005026 NaN 
Activity_Index_Median
86.852518 31.818313 14.269223 10.953517 NaN 
Activity_Index_Range
63.510270 43.306142 5.588888 3.783825 NaN 
Wave_Initiation_Rate_10
31.985942 9.401927 6.835528 6.013587 NaN 
Body_Wave_Number_10
0.711664 0.767560 1.461889 1.676860 NaN 
Asymmetry_10
-0.022305 -0.012119 0.014824 -0.068943 NaN 
Stretch_10
0.385005 0.641716 0.320788 0.447779 NaN 
Attenuation_10
47.903900 25.175831 73.102236 66.617350 NaN 
Brush_Stroke_10
0.067492 0.029871 0.030037 0.028018 NaN 
Activity_Index_10
64.610022 15.811311 11.968584 8.838311 NaN 
usability
1.000000 0.941176 1.000000 1.000000 1.000000 
status
valid
valid
valid
valid
rejected
highThr
73.000000 72.000000 64.000000 47.000000 54.000000 
lowThr
37.000000 46.000000 48.000000 28.000000 37.000000 
prevThr
25.000000 25.000000 25.000000 25.000000 25.000000 
highThrDef
73.000000 72.000000 64.000000 46.000000 54.000000 
lowThrDef
43.000000 46.000000 48.000000 28.000000 37.000000 
prevThrDef
25.000000 25.000000 25.000000 25.000000 25.000000 
manualSeparators

130  131  272  273  333  334  335  336  388  389  502  503  506



separators
1  545
1   12   13   14   15   16  130  131  132  201  202  272  273  274  275  276  333  334  335  336  348  349  387  388  389  443  444  473  474  501  502  503  506  508  509  545
1  545
1  545
1  545
