fields 34
worms 5
Wave_Initiation_Rate_Median
10.614578 NaN 10.687267 19.364852 33.622472 
Wave_Initiation_Rate_Range
12.768958 NaN 10.759248 23.159224 22.462160 
Body_Wave_Number_Median
1.352718 NaN 1.547807 1.116101 0.869708 
Body_Wave_Number_Range
0.753710 NaN 1.046081 0.991773 0.752712 
Asymmetry_Median
0.009488 NaN 0.047284 -0.001505 0.008043 
Asymmetry_Range
0.181881 NaN 0.184029 0.273339 0.129313 
Reverse_Swimming
2.704692 NaN 7.506900 9.136069 1.048758 
Curling
0.000000 NaN 0.000000 0.372671 0.000000 
Stretch_Median
0.488049 NaN 0.490415 0.561947 0.446754 
Stretch_Range
0.152444 NaN 0.145781 0.198679 0.202197 
Attenuation_Median
70.202052 NaN 59.822564 55.173988 54.923543 
Attenuation_Range
20.166621 NaN 40.495794 48.216088 31.119479 
Traveling_Speed_Mean
1.915454 NaN 1.489404 1.322198 2.027223 
Brush_Stroke_Median
0.056413 NaN 0.048956 0.064355 0.082663 
Brush_Stroke_Range
0.028326 NaN 0.018401 0.031157 0.025582 
Activity_Index_Median
33.364361 NaN 28.391360 56.491864 87.521388 
Activity_Index_Range
37.906488 NaN 24.867040 78.339990 70.924638 
Wave_Initiation_Rate_10
8.598776 NaN 7.501022 9.137601 12.627232 
Body_Wave_Number_10
0.913323 NaN 0.772710 0.685149 0.577602 
Asymmetry_10
-0.095875 NaN -0.055151 -0.091950 -0.050999 
Stretch_10
0.410771 NaN 0.408529 0.470446 0.402630 
Attenuation_10
61.414364 NaN 43.646949 31.679210 41.097560 
Brush_Stroke_10
0.042860 NaN 0.039812 0.042804 0.068499 
Activity_Index_10
21.223466 NaN 19.456885 29.045844 30.270438 
usability
0.998162 0.805147 0.996324 0.887868 1.000000 
status
valid
rejected
valid
valid
valid
highThr
62.000000 55.000000 63.000000 67.000000 56.000000 
lowThr
43.000000 31.000000 48.000000 39.000000 40.000000 
prevThr
25.000000 25.000000 25.000000 25.000000 25.000000 
highThrDef
62.000000 55.000000 63.000000 67.000000 56.000000 
lowThrDef
43.000000 31.000000 48.000000 39.000000 40.000000 
prevThrDef
25.000000 25.000000 25.000000 25.000000 25.000000 
manualSeparators





separators
1  543  544  545
1  400  401  440  545
1   61   62   63   64  545
1   25   41   43   44   45   49   50   53   56   61   82   87  199  200  321  340  545
1  161  162  545
