fields 34
worms 6
Wave_Initiation_Rate_Median
10.701178 6.964572 10.094310 6.509366 10.763414 NaN 
Wave_Initiation_Rate_Range
6.545835 1.573711 9.491984 1.333409 11.689217 NaN 
Body_Wave_Number_Median
1.604672 1.864882 1.588917 1.937420 1.553755 NaN 
Body_Wave_Number_Range
0.784809 0.149680 0.618597 0.642913 0.606169 NaN 
Asymmetry_Median
0.000845 -0.055493 -0.001953 -0.060989 0.004505 NaN 
Asymmetry_Range
0.065581 0.055773 0.177808 0.020950 0.165584 NaN 
Reverse_Swimming
1.545538 0.000000 0.000000 0.000000 0.000000 NaN 
Curling
0.000000 0.000000 0.000000 0.000000 0.000000 NaN 
Stretch_Median
0.507636 0.432400 0.432299 0.320939 0.550739 NaN 
Stretch_Range
0.234574 0.137548 0.125961 0.161787 0.119415 NaN 
Attenuation_Median
65.695545 65.749054 70.307817 78.668419 59.889208 NaN 
Attenuation_Range
24.132034 39.301439 43.304072 9.767758 21.851939 NaN 
Traveling_Speed_Mean
1.456516 0.617053 1.526142 0.431448 0.931739 NaN 
Brush_Stroke_Median
0.042040 0.030327 0.042155 0.026045 0.048268 NaN 
Brush_Stroke_Range
0.013544 0.005719 0.019342 0.001643 0.016564 NaN 
Activity_Index_Median
21.351385 10.285328 23.568995 8.555592 24.176255 NaN 
Activity_Index_Range
19.662706 3.557975 22.595045 1.754975 30.853158 NaN 
Wave_Initiation_Rate_10
8.028301 6.263527 7.747734 5.828955 7.632948 NaN 
Body_Wave_Number_10
0.998508 1.770585 1.177415 1.869334 1.207210 NaN 
Asymmetry_10
-0.035456 -0.084608 -0.058837 -0.072085 -0.080573 NaN 
Stretch_10
0.348961 0.380124 0.355601 0.255940 0.501222 NaN 
Attenuation_10
56.394685 40.746623 36.806616 75.142503 50.465841 NaN 
Brush_Stroke_10
0.036789 0.027587 0.035465 0.025633 0.038438 NaN 
Activity_Index_10
16.856528 8.825980 14.971198 7.490505 15.856583 NaN 
usability
1.000000 0.996324 1.000000 0.998162 0.996324 0.000000 
status
valid
valid
valid
valid
valid
rejected
highThr
64.000000 54.000000 62.000000 54.000000 60.000000 NaN 
lowThr
45.000000 39.000000 44.000000 44.000000 42.000000 0.000000 
prevThr
25.000000 25.000000 25.000000 25.000000 25.000000 25.000000 
highThrDef
64.000000 54.000000 62.000000 54.000000 60.000000 NaN 
lowThrDef
45.000000 39.000000 44.000000 44.000000 42.000000 0.000000 
prevThrDef
25.000000 25.000000 25.000000 25.000000 25.000000 25.000000 
manualSeparators






separators
1  545
1  381  382  541  542  545
1  545
1    3    4  545
1  147  148  401  402  545
1  545
