fields 34
worms 5
Wave_Initiation_Rate_Median
102.715848 68.055493 99.469578 120.260503 NaN 
Wave_Initiation_Rate_Range
45.844277 34.260949 96.077985 64.136530 NaN 
Body_Wave_Number_Median
0.454575 0.455239 0.453429 0.498036 NaN 
Body_Wave_Number_Range
0.264104 0.294086 0.371414 0.318814 NaN 
Asymmetry_Median
-0.008003 -0.030247 -0.000960 0.002562 NaN 
Asymmetry_Range
0.047336 0.076519 0.113293 0.086934 NaN 
Reverse_Swimming
0.000000 2.545455 1.046077 0.000000 NaN 
Curling
0.110294 0.348837 2.869565 1.241379 NaN 
Stretch_Median
0.348801 0.417543 0.312250 0.382110 NaN 
Stretch_Range
0.179954 0.115647 0.240161 0.142160 NaN 
Attenuation_Median
53.222082 51.242270 52.989142 54.978687 NaN 
Attenuation_Range
17.824714 33.738016 39.257645 30.486976 NaN 
Traveling_Speed_Mean
11.466344 6.521151 4.404015 6.633111 NaN 
Brush_Stroke_Median
0.312665 0.180563 0.353835 0.070524 NaN 
Brush_Stroke_Range
0.047536 0.060872 0.130225 0.010873 NaN 
Activity_Index_Median
268.309003 188.544505 469.923859 293.112228 NaN 
Activity_Index_Range
125.307468 121.553548 505.411949 168.378305 NaN 
Wave_Initiation_Rate_10
73.877314 66.541196 29.873333 67.796321 NaN 
Body_Wave_Number_10
0.325210 0.321354 0.223205 0.354616 NaN 
Asymmetry_10
-0.025350 -0.073296 -0.047425 -0.018343 NaN 
Stretch_10
0.301328 0.363293 0.264268 0.317297 NaN 
Attenuation_10
44.879004 29.082559 31.004182 37.679882 NaN 
Brush_Stroke_10
0.291140 0.152826 0.248457 0.064617 NaN 
Activity_Index_10
181.636457 153.587055 69.308681 156.787080 NaN 
usability
1.000000 0.948529 0.845588 0.799632 0.634191 
status
valid
valid
valid
valid
rejected
highThr
40.000000 40.000000 38.000000 42.000000 40.000000 
lowThr
20.000000 16.000000 13.000000 19.000000 11.000000 
prevThr
25.000000 25.000000 25.000000 25.000000 25.000000 
highThrDef
40.000000 40.000000 38.000000 42.000000 40.000000 
lowThrDef
20.000000 16.000000 13.000000 19.000000 11.000000 
prevThrDef
25.000000 25.000000 25.000000 25.000000 25.000000 
manualSeparators





separators
1  113  114  209  210  302  303  443  444  463  464  545
1   51   52  195  197  201  203  206  208  209  211  295  296  298  325  326  428  429  482  484  490  493  494  497  502  504  506  509  520  521  524  526  527  528  529  530  537  545
1   38   44   45   56   57   60   61   66   67  147  148  161  162  181  182  202  203  214  215  239  240  248  249  250  251  256  261  262  441  442  446  447  462  463  468  469  501  502  503  505  506  535  536  537  543  544  545
1   34   35   81   82  186  187  195  196  197  201  202  203  204  206  208  209  210  211  212  222  223  296  298  361  362  368  369  464  465  482  484  490  493  494  495  496  497  501  502  504  506  509  520  521  537  545
1    2    3   51   52  175  176  187  188  198  199  259  260  302  304  314  315  318  319  326  327  332  333  338  339  341  342  348  361  365  366  367  381  382  384  401  402  403  404  405  421  422  425  545
