fields 34
worms 5
Wave_Initiation_Rate_Median
16.547343 57.383007 68.573991 44.734117 21.956366 
Wave_Initiation_Rate_Range
10.834690 56.620829 51.924952 32.360831 24.897575 
Body_Wave_Number_Median
1.508468 0.785985 0.641149 0.871247 1.290513 
Body_Wave_Number_Range
0.511059 0.818958 0.536196 0.577473 0.719295 
Asymmetry_Median
0.033139 0.027298 0.021883 -0.029635 -0.007024 
Asymmetry_Range
0.205644 0.174446 0.098243 0.111047 0.185563 
Reverse_Swimming
0.000000 1.766329 10.653174 4.581417 3.091076 
Curling
1.102941 1.669759 0.661765 0.110294 0.000000 
Stretch_Median
0.638164 0.522885 0.447344 0.456914 0.610342 
Stretch_Range
0.154669 0.220809 0.272662 0.196319 0.216535 
Attenuation_Median
58.677565 54.559536 50.152063 39.897684 60.914278 
Attenuation_Range
18.881103 15.977431 27.194396 21.697540 25.752951 
Traveling_Speed_Mean
2.570771 3.696492 8.134644 4.869462 3.305173 
Brush_Stroke_Median
0.054365 0.168934 0.090237 0.111841 0.088208 
Brush_Stroke_Range
0.025624 0.087706 0.018627 0.034592 0.032445 
Activity_Index_Median
44.948428 158.882323 324.421898 127.738099 52.821388 
Activity_Index_Range
35.374925 173.691506 292.694628 107.254342 80.316637 
Wave_Initiation_Rate_10
9.581195 12.789714 32.812966 19.401101 9.552812 
Body_Wave_Number_10
1.291774 0.374725 0.261141 0.627552 0.917648 
Asymmetry_10
-0.102746 -0.046076 -0.019808 -0.066882 -0.129789 
Stretch_10
0.558123 0.423018 0.377305 0.416282 0.508828 
Attenuation_10
51.021643 47.232037 34.915714 29.150431 46.793101 
Brush_Stroke_10
0.045325 0.119607 0.083696 0.100747 0.069012 
Activity_Index_10
27.123626 44.564035 140.999201 49.835784 22.140854 
usability
1.000000 0.990809 1.000000 1.000000 1.000000 
status
valid
valid
valid
valid
valid
highThr
64.000000 63.000000 62.000000 63.000000 60.000000 
lowThr
45.000000 44.000000 43.000000 45.000000 43.000000 
prevThr
25.000000 25.000000 25.000000 25.000000 25.000000 
highThrDef
64.000000 63.000000 62.000000 63.000000 60.000000 
lowThrDef
45.000000 44.000000 43.000000 45.000000 43.000000 
prevThrDef
25.000000 25.000000 25.000000 25.000000 25.000000 
manualSeparators

334  335



separators
1  112  113  545
1   73   74  203  204  317  323  325  326  334  335  337  408  412  422  428  441  442  444  457  460  479  480  510  511  545
1    4    5   41   42   44   45  317  323  325  326  334  337  408  412  422  428  442  444  457  460  479  480  482  483  510  511  545
1  545
1  529  530  545
