fields 34
worms 5
Wave_Initiation_Rate_Median
73.401808 67.514938 93.463928 68.068263 27.327936 
Wave_Initiation_Rate_Range
39.185987 11.487129 96.584321 89.848759 54.124486 
Body_Wave_Number_Median
0.442008 0.694289 0.695920 0.815867 1.043869 
Body_Wave_Number_Range
0.253849 0.267738 0.699141 0.508392 0.833097 
Asymmetry_Median
-0.026644 -0.003468 -0.008495 -0.000519 0.035240 
Asymmetry_Range
0.145614 0.044180 0.164875 0.167334 0.173883 
Reverse_Swimming
0.000000 0.000000 11.149954 0.000000 1.157775 
Curling
0.000000 0.000000 3.246269 0.000000 3.243243 
Stretch_Median
0.445683 0.416126 0.594568 0.473982 0.721251 
Stretch_Range
0.231622 0.172861 0.404074 0.513194 0.469254 
Attenuation_Median
80.556550 75.462777 67.574041 76.382988 71.782671 
Attenuation_Range
15.490895 11.559762 43.178993 22.674134 25.358082 
Traveling_Speed_Mean
7.437326 5.313786 8.767920 3.999088 2.116298 
Brush_Stroke_Median
0.245194 0.067877 0.444336 0.206366 0.063911 
Brush_Stroke_Range
0.076538 0.033193 0.090087 0.150390 0.028244 
Activity_Index_Median
225.675669 228.566624 461.720230 166.070966 78.376133 
Activity_Index_Range
85.518656 112.736561 396.464259 282.879593 223.643738 
Wave_Initiation_Rate_10
60.636948 65.639980 24.016320 18.635299 13.687868 
Body_Wave_Number_10
0.316234 0.580049 0.185428 0.674526 0.653479 
Asymmetry_10
-0.097360 -0.035998 -0.074274 -0.071201 -0.044588 
Stretch_10
0.328366 0.333399 0.410719 0.306274 0.474567 
Attenuation_10
72.589119 69.567925 35.454313 64.071439 59.622373 
Brush_Stroke_10
0.212644 0.046396 0.399077 0.156512 0.051927 
Activity_Index_10
180.354988 150.603296 114.579699 29.554981 29.664878 
usability
0.974265 0.992647 0.985294 0.996324 0.884191 
status
valid
valid
valid
valid
valid
highThr
79.000000 71.000000 70.000000 62.000000 69.000000 
lowThr
52.000000 51.000000 46.000000 46.000000 45.000000 
prevThr
25.000000 25.000000 25.000000 25.000000 25.000000 
highThrDef
79.000000 71.000000 70.000000 62.000000 69.000000 
lowThrDef
52.000000 51.000000 46.000000 46.000000 45.000000 
prevThrDef
25.000000 25.000000 25.000000 25.000000 25.000000 
manualSeparators




355
separators
1  136  137  149  151  182  184  187  189  311  313  454  455  495  497  507  508  522  523  545
1   92   93  123  124  125  126  197  198  545
1   16   17   49   51   61   62   64   65  157  158  500  501  521  522  545
1  294  295  538  539  545
1   41  151  152  355  376  377  545
