fields 34
worms 5
Wave_Initiation_Rate_Median
65.262440 68.291697 53.201830 136.785704 133.024489 
Wave_Initiation_Rate_Range
73.664101 68.538035 37.744976 62.442228 64.065105 
Body_Wave_Number_Median
0.578871 0.613918 0.271152 0.472035 0.453247 
Body_Wave_Number_Range
0.657238 0.340674 0.373676 0.405356 0.401089 
Asymmetry_Median
0.000394 0.034111 0.030873 0.000213 -0.004190 
Asymmetry_Range
0.106960 0.152016 0.176050 0.041623 0.129965 
Reverse_Swimming
0.000000 0.000000 0.000000 0.000000 0.000000 
Curling
0.000000 0.830040 0.352941 0.000000 0.358566 
Stretch_Median
0.424133 0.451666 0.621927 0.362326 0.402974 
Stretch_Range
0.234150 0.258526 0.299197 0.187650 0.181972 
Attenuation_Median
76.022416 73.217397 67.123071 64.262324 62.456293 
Attenuation_Range
15.311638 18.688842 25.519466 17.907589 25.321254 
Traveling_Speed_Mean
5.965815 5.103287 6.637051 18.501123 15.335817 
Brush_Stroke_Median
0.158161 0.135275 0.146837 0.379362 0.058916 
Brush_Stroke_Range
0.069338 0.055100 0.059132 0.065150 0.066805 
Activity_Index_Median
157.417643 207.222129 267.963918 358.597182 391.576188 
Activity_Index_Range
204.138586 170.603211 242.405743 195.804583 406.166100 
Wave_Initiation_Rate_10
16.103260 30.476831 32.696707 85.357077 71.883229 
Body_Wave_Number_10
0.421793 0.498761 0.103346 0.247170 0.267485 
Asymmetry_10
-0.061713 -0.030638 -0.082921 -0.013161 -0.059794 
Stretch_10
0.324514 0.327386 0.475768 0.309190 0.330424 
Attenuation_10
66.393630 62.288362 51.912495 54.039875 46.827049 
Brush_Stroke_10
0.110769 0.112280 0.121433 0.345036 0.049576 
Activity_Index_10
27.291373 94.292813 145.974561 200.986989 188.594625 
usability
0.996324 0.930147 0.937500 0.966912 0.922794 
status
valid
valid
valid
valid
valid
highThr
65.000000 68.000000 69.000000 64.000000 66.000000 
lowThr
49.000000 49.000000 34.000000 37.000000 38.000000 
prevThr
25.000000 25.000000 10.000000 10.000000 10.000000 
highThrDef
65.000000 68.000000 69.000000 64.000000 66.000000 
lowThrDef
49.000000 49.000000 34.000000 37.000000 36.000000 
prevThrDef
25.000000 25.000000 25.000000 25.000000 25.000000 
manualSeparators

222  272
488


separators
1  174  175  521  522  545
1  147  148  222  226  227  228  229  272  301  302  545
1  103  104  123  124  141  144  145  161  173  175  176  258  259  488  493  494  495  496  545
1   29   30  401  416  417  418  545
1  221  226  241  242  421  441  472  473  545
