fields 34
worms 5
Wave_Initiation_Rate_Median
31.519369 55.074448 50.266193 57.977353 64.924239 
Wave_Initiation_Rate_Range
44.325759 35.194343 30.320428 50.673860 38.136596 
Body_Wave_Number_Median
0.780399 0.483293 0.522141 0.426022 0.517200 
Body_Wave_Number_Range
0.409301 0.327447 0.234903 0.490770 0.516353 
Asymmetry_Median
-0.057015 0.000497 -0.062393 -0.005084 0.030757 
Asymmetry_Range
0.058622 0.139950 0.067299 0.147050 0.107996 
Reverse_Swimming
0.000000 0.000000 0.000000 4.610592 2.428115 
Curling
0.000000 0.000000 0.000000 0.463320 1.778656 
Stretch_Median
0.447953 0.446331 0.490905 0.440506 0.488267 
Stretch_Range
0.163594 0.221921 0.094912 0.315533 0.231886 
Attenuation_Median
73.270092 65.543225 56.052268 66.222847 70.729345 
Attenuation_Range
22.135807 19.385600 16.093487 28.941472 38.805621 
Traveling_Speed_Mean
4.048773 7.182035 9.979761 5.968766 6.047435 
Brush_Stroke_Median
0.129371 0.168247 0.176820 0.091254 0.145674 
Brush_Stroke_Range
0.053120 0.054924 0.039219 0.043514 0.120861 
Activity_Index_Median
66.077451 172.801101 157.391088 166.705251 195.148580 
Activity_Index_Range
136.461904 134.774836 76.655101 170.682623 200.506735 
Wave_Initiation_Rate_10
14.931907 32.712308 36.059137 33.193498 29.612598 
Body_Wave_Number_10
0.633448 0.310003 0.433860 0.110528 0.159064 
Asymmetry_10
-0.088380 -0.080055 -0.083372 -0.064107 -0.033771 
Stretch_10
0.389592 0.346701 0.433010 0.333894 0.382776 
Attenuation_10
62.135560 56.468200 48.216707 53.857071 41.636557 
Brush_Stroke_10
0.099277 0.149514 0.156948 0.078899 0.099144 
Activity_Index_10
25.533712 91.074341 118.549327 91.630829 96.704223 
usability
1.000000 1.000000 1.000000 0.952206 0.930147 
status
valid
valid
valid
valid
valid
highThr
69.000000 69.000000 70.000000 69.000000 69.000000 
lowThr
53.000000 51.000000 52.000000 47.000000 46.000000 
prevThr
25.000000 25.000000 25.000000 25.000000 25.000000 
highThrDef
69.000000 69.000000 70.000000 69.000000 69.000000 
lowThrDef
53.000000 51.000000 52.000000 41.000000 46.000000 
prevThrDef
25.000000 25.000000 25.000000 25.000000 25.000000 
manualSeparators



449  450
49   50   63   64   87   88   92   93   96   97  314  315
separators
1  545
1  189  190  345  346  545
1   26   27  545
1  280  285  286  293  296  301  302  303  304  305  331  332  335  338  449  450  454  468  469  472  473  545
1   46   49   50   54   56   63   64   69   81   82   87   88   92   93   96   97  312  314  315  323  324  340  341  342  343  443  445  446  447  545
