fields 34
worms 5
Wave_Initiation_Rate_Median
34.091836 10.322049 11.803771 11.678319 NaN 
Wave_Initiation_Rate_Range
12.110804 10.160436 11.880469 11.513616 NaN 
Body_Wave_Number_Median
0.948075 1.573595 1.397051 1.441460 NaN 
Body_Wave_Number_Range
0.558186 0.898327 0.510511 1.025343 NaN 
Asymmetry_Median
0.000194 -0.044243 0.073074 -0.054271 NaN 
Asymmetry_Range
0.101434 0.200243 0.221559 0.269859 NaN 
Reverse_Swimming
0.000000 4.802208 0.000000 14.443114 NaN 
Curling
0.572519 0.665434 0.000000 0.131004 NaN 
Stretch_Median
0.492355 0.635771 0.531749 0.562306 NaN 
Stretch_Range
0.130213 0.239842 0.105907 0.215280 NaN 
Attenuation_Median
45.709406 55.064208 75.613967 45.953022 NaN 
Attenuation_Range
21.758153 33.590213 27.998692 50.341824 NaN 
Traveling_Speed_Mean
3.968947 1.807477 1.852184 0.938839 NaN 
Brush_Stroke_Median
0.092765 0.048102 0.055841 0.047511 NaN 
Brush_Stroke_Range
0.026101 0.026831 0.022712 0.012567 NaN 
Activity_Index_Median
100.278225 27.661063 35.068048 28.000413 NaN 
Activity_Index_Range
35.202268 23.728150 42.308293 30.946648 NaN 
Wave_Initiation_Rate_10
32.382715 8.093883 9.389866 8.284524 NaN 
Body_Wave_Number_10
0.712881 0.894914 1.096906 0.842366 NaN 
Asymmetry_10
-0.031004 -0.151432 -0.073982 -0.140357 NaN 
Stretch_10
0.419137 0.560140 0.479048 0.429671 NaN 
Attenuation_10
33.255274 34.264971 58.408095 16.632676 NaN 
Brush_Stroke_10
0.081505 0.041057 0.043702 0.040558 NaN 
Activity_Index_10
89.365647 17.755358 20.628417 18.710562 NaN 
usability
0.963235 0.994485 1.000000 0.841912 1.000000 
status
valid
valid
valid
valid
rejected
highThr
68.000000 64.000000 73.000000 78.000000 59.000000 
lowThr
51.000000 51.000000 61.000000 27.000000 37.000000 
prevThr
25.000000 25.000000 25.000000 25.000000 25.000000 
highThrDef
68.000000 64.000000 73.000000 78.000000 59.000000 
lowThrDef
51.000000 51.000000 61.000000 27.000000 37.000000 
prevThrDef
25.000000 25.000000 25.000000 25.000000 25.000000 
manualSeparators

248  249



separators
1    6    7   76   77   82   93  521  522  541  542  545
1  243  248  249  521  522  527  528  545
1  141  142  152  153  545
1   61   62   97   98  100  103  104  107  108  110  111  112  296  321  322  512  513  545
1    2  261  262  545
