fields 34
worms 5
Wave_Initiation_Rate_Median
168.627001 169.506518 134.962318 169.569200 NaN 
Wave_Initiation_Rate_Range
95.073318 103.583745 134.878098 1.727022 NaN 
Body_Wave_Number_Median
0.483315 0.575985 0.658003 0.453347 NaN 
Body_Wave_Number_Range
0.316779 0.468233 0.627106 0.205312 NaN 
Asymmetry_Median
0.006411 -0.002570 -0.007013 -0.001446 NaN 
Asymmetry_Range
0.084290 0.072338 0.110073 0.025486 NaN 
Reverse_Swimming
0.000000 0.553846 0.000000 0.000000 NaN 
Curling
1.077844 0.000000 1.806452 0.000000 NaN 
Stretch_Median
0.359132 0.300139 0.371450 0.280777 NaN 
Stretch_Range
0.147203 0.224428 0.345183 0.074176 NaN 
Attenuation_Median
69.599658 79.616160 71.156381 78.653765 NaN 
Attenuation_Range
24.612374 18.691757 22.258913 13.701277 NaN 
Traveling_Speed_Mean
12.138204 21.517824 7.191426 4.618465 NaN 
Brush_Stroke_Median
0.762799 0.386076 0.073558 0.365347 NaN 
Brush_Stroke_Range
0.587672 0.104622 0.037598 0.046662 NaN 
Activity_Index_Median
662.013587 385.842484 395.635226 371.552010 NaN 
Activity_Index_Range
708.825698 248.653270 378.057805 47.853518 NaN 
Wave_Initiation_Rate_10
74.472186 67.407991 33.948735 168.887078 NaN 
Body_Wave_Number_10
0.311880 0.228552 0.252366 0.338779 NaN 
Asymmetry_10
-0.028688 -0.060790 -0.096887 -0.011843 NaN 
Stretch_10
0.314750 0.240862 0.287633 0.250538 NaN 
Attenuation_10
57.287276 67.374884 61.322174 70.569867 NaN 
Brush_Stroke_10
0.355110 0.352303 0.060103 0.346572 NaN 
Activity_Index_10
256.970993 181.042475 77.703447 352.584465 NaN 
usability
0.920956 0.937500 0.854779 0.909926 0.533088 
status
valid
valid
valid
valid
rejected
highThr
60.000000 62.000000 61.000000 57.000000 52.000000 
lowThr
31.000000 38.000000 31.000000 34.000000 32.000000 
prevThr
10.000000 10.000000 25.000000 25.000000 25.000000 
highThrDef
60.000000 62.000000 61.000000 57.000000 52.000000 
lowThrDef
31.000000 38.000000 31.000000 34.000000 32.000000 
prevThrDef
25.000000 25.000000 25.000000 25.000000 25.000000 
manualSeparators
64




separators
1   51   52   64   72   73  361  381  491  492  545
1  108  109  110  151  152  371  374  375  382  384  386  387  394  396  399  400  402  403  404  425  426  508  509  531  532  545
1  162  163  226  227  234  235  265  269  270  285  286  293  294  318  319  371  374  375  382  384  386  387  389  390  391  392  400  401  402  403  404  421  422  425  426  445  446  447  449  450  451  526  528  545
1   41   89   90   95   96  181  182  322  323  362  363  365  366  442  443  450  452  545
1  241  242  256  257  304  305  354  355  419  420  460  462  484  485  490  491  511  512  525  526  530  531  532  543  544  545
