fields 34
worms 5
Wave_Initiation_Rate_Median
33.798301 9.098459 6.686659 NaN 8.704898 
Wave_Initiation_Rate_Range
26.367497 6.590638 1.532365 NaN 9.340654 
Body_Wave_Number_Median
0.868413 1.604283 1.868917 NaN 1.571443 
Body_Wave_Number_Range
0.560900 1.291277 0.154840 NaN 0.406678 
Asymmetry_Median
-0.006171 0.218846 0.070789 NaN 0.008849 
Asymmetry_Range
0.089712 0.337329 0.041811 NaN 0.304264 
Reverse_Swimming
6.179197 4.137931 0.000000 NaN 7.623762 
Curling
1.939163 33.268482 0.000000 NaN 8.046647 
Stretch_Median
0.584025 0.672078 0.424857 NaN 0.818725 
Stretch_Range
0.228816 0.269858 0.181796 NaN 0.354348 
Attenuation_Median
66.605027 41.107533 78.538366 NaN 60.459012 
Attenuation_Range
19.845005 99.403562 10.791336 NaN 47.041737 
Traveling_Speed_Mean
3.375995 1.728052 0.560724 NaN 0.991862 
Brush_Stroke_Median
0.075872 0.045066 0.028617 NaN 0.045007 
Brush_Stroke_Range
0.033987 0.018650 0.002117 NaN 0.026121 
Activity_Index_Median
98.307992 21.598937 9.714831 NaN 19.243687 
Activity_Index_Range
84.921554 15.135204 2.568084 NaN 36.974691 
Wave_Initiation_Rate_10
25.484835 6.697840 5.998003 NaN 7.084180 
Body_Wave_Number_10
0.537145 0.940918 1.765432 NaN 1.400928 
Asymmetry_10
-0.047619 0.024566 0.039736 NaN -0.173884 
Stretch_10
0.490018 0.546899 0.348492 NaN 0.653094 
Attenuation_10
52.693615 -28.563774 73.623468 NaN 32.801180 
Brush_Stroke_10
0.059554 0.030948 0.027593 NaN 0.039877 
Activity_Index_10
65.897821 13.323703 8.385070 NaN 14.429179 
usability
0.966912 0.944853 1.000000 0.457721 0.630515 
status
valid
valid
valid
rejected
valid
highThr
70.000000 73.000000 44.000000 94.000000 73.000000 
lowThr
45.000000 46.000000 33.000000 48.000000 49.000000 
prevThr
25.000000 25.000000 25.000000 25.000000 25.000000 
highThrDef
70.000000 73.000000 44.000000 94.000000 73.000000 
lowThrDef
45.000000 46.000000 33.000000 22.000000 49.000000 
prevThrDef
25.000000 25.000000 25.000000 25.000000 25.000000 
manualSeparators
120  121  119  118  117  116  115  114  113  104
97   98   99  100  101  504  505  512  513  514

206  207  208  209  348  349
318  319  320  525
separators
1  104  113  114  115  116  117  118  119  120  121  122  210  212  213  214  315  316  545
1   96   97   98   99  100  101  127  128  504  505  506  512  513  514  520  521  527  528  545
1  193  194  501  502  521  522  541  542  545
1   41   42   43   44   67   81   82  101  102  121  143  144  148  150  151  157  167  168  189  190  206  207  208  209  241  242  281  282  346  348  349  361  376  377  381  424  427  428  430  431  432  433  435  438  439  440  521  522  532  533  536  545
1  181  182  281  282  288  289  300  301  318  319  320  321  322  525  541  542  545
