fields 34
worms 5
Wave_Initiation_Rate_Median
67.140501 10.359595 63.404702 68.350459 62.683410 
Wave_Initiation_Rate_Range
11.747114 14.415090 40.043574 10.857687 22.446729 
Body_Wave_Number_Median
0.711607 1.526592 0.697847 0.729932 0.813996 
Body_Wave_Number_Range
0.435699 0.950536 0.353601 0.334034 0.473998 
Asymmetry_Median
-0.006140 0.018566 -0.007436 -0.008128 -0.026135 
Asymmetry_Range
0.053075 0.156630 0.089017 0.048516 0.078614 
Reverse_Swimming
0.000000 1.296830 0.000000 0.000000 0.000000 
Curling
0.000000 9.610984 0.000000 0.000000 0.000000 
Stretch_Median
0.365632 0.625618 0.402521 0.371828 0.475966 
Stretch_Range
0.106632 0.392887 0.339010 0.180519 0.144597 
Attenuation_Median
65.347632 64.782608 65.028818 64.481719 50.454544 
Attenuation_Range
14.735787 53.671699 20.763904 21.959042 18.677358 
Traveling_Speed_Mean
5.013088 0.778472 6.242857 7.125361 8.805598 
Brush_Stroke_Median
0.144935 0.051865 0.065449 0.159239 0.132187 
Brush_Stroke_Range
0.035082 0.022774 0.026570 0.042465 0.041487 
Activity_Index_Median
153.535508 23.149906 196.312481 175.835882 161.125631 
Activity_Index_Range
48.131641 14.867920 193.648898 64.660290 59.788001 
Wave_Initiation_Rate_10
56.492792 7.916581 27.222601 66.549715 45.410090 
Body_Wave_Number_10
0.552755 0.813266 0.468619 0.611083 0.609852 
Asymmetry_10
-0.027959 -0.066561 -0.055501 -0.033066 -0.080080 
Stretch_10
0.307544 0.514405 0.338349 0.304474 0.420877 
Attenuation_10
57.816573 20.822898 52.873624 53.453229 39.861722 
Brush_Stroke_10
0.125811 0.043782 0.054655 0.133888 0.112631 
Activity_Index_10
122.244469 18.873528 65.418721 149.163031 125.702976 
usability
0.931985 0.803309 0.931985 0.992647 0.992647 
status
valid
valid
valid
valid
valid
highThr
73.000000 71.000000 87.000000 79.000000 69.000000 
lowThr
53.000000 33.000000 39.000000 46.000000 49.000000 
prevThr
25.000000 25.000000 25.000000 25.000000 25.000000 
highThrDef
73.000000 71.000000 87.000000 79.000000 69.000000 
lowThrDef
53.000000 33.000000 35.000000 46.000000 49.000000 
prevThrDef
25.000000 25.000000 25.000000 25.000000 25.000000 
manualSeparators
330
23  168  169  180  181  219  220  344  345



separators
1  177  178  240  241  242  244  245  247  249  257  319  320  327  330  351  352  353  356  359  360  361  366  367  370  371  372  376  423  426  512  514  543  544  545
1    2   10   11   13   23  116  117  142  143  144  162  163  167  168  169  176  177  178  179  180  181  219  220  221  240  241  242  244  245  247  249  257  281  282  301  302  319  320  327  344  345  351  352  353  356  359  361  371  372  376  544  545
1  284  299  300  304  305  306  307  321  454  455  545
1  143  144  211  223  224  227  545
1  288  292  295  296  545
