fields 34
worms 5
Wave_Initiation_Rate_Median
19.717896 31.683775 32.036934 33.836652 13.586790 
Wave_Initiation_Rate_Range
22.720149 20.904172 22.464607 36.735255 11.401514 
Body_Wave_Number_Median
1.088913 1.080222 1.176372 1.034260 1.417001 
Body_Wave_Number_Range
0.686974 0.939808 0.591966 0.845630 1.389299 
Asymmetry_Median
0.010878 -0.006839 -0.007133 -0.020654 -0.162304 
Asymmetry_Range
0.200135 0.167379 0.259668 0.104608 0.379538 
Reverse_Swimming
5.078197 11.536339 5.906164 0.000000 6.890323 
Curling
5.555556 1.561338 2.329020 1.862528 24.078947 
Stretch_Median
0.631355 0.611425 0.528091 0.579986 0.789063 
Stretch_Range
0.257828 0.320863 0.330024 0.191577 0.242097 
Attenuation_Median
39.406740 52.789099 67.707089 38.191878 55.106194 
Attenuation_Range
42.789286 30.800328 38.491194 47.119731 31.512021 
Traveling_Speed_Mean
2.924359 2.361981 2.710194 4.229260 1.797496 
Brush_Stroke_Median
0.067215 0.051785 0.064285 0.122264 0.067226 
Brush_Stroke_Range
0.024288 0.026431 0.034694 0.038465 0.038742 
Activity_Index_Median
80.449778 79.361216 88.024655 139.179750 42.720480 
Activity_Index_Range
76.347152 69.398475 69.980953 135.982495 49.691675 
Wave_Initiation_Rate_10
9.821080 14.644033 13.329867 13.673450 8.157854 
Body_Wave_Number_10
0.726160 0.471248 0.862417 0.822433 0.476546 
Asymmetry_10
-0.042727 -0.123994 -0.157519 -0.082028 -0.355025 
Stretch_10
0.564012 0.455842 0.396915 0.463294 0.621723 
Attenuation_10
21.995376 40.879542 43.336056 15.300100 30.565340 
Brush_Stroke_10
0.051497 0.044239 0.050974 0.096764 0.039442 
Activity_Index_10
36.724397 41.802501 44.128897 91.993819 22.592833 
usability
0.992647 0.988971 0.994485 0.829044 0.838235 
status
valid
valid
valid
valid
valid
highThr
60.000000 71.000000 73.000000 70.000000 76.000000 
lowThr
44.000000 50.000000 56.000000 42.000000 38.000000 
prevThr
25.000000 25.000000 25.000000 25.000000 25.000000 
highThrDef
60.000000 71.000000 73.000000 70.000000 76.000000 
lowThrDef
44.000000 50.000000 56.000000 33.000000 38.000000 
prevThrDef
25.000000 25.000000 25.000000 25.000000 25.000000 
manualSeparators

268  269  267  266  265  264

318  319
140  141  139  155  156  154  153  450  451
separators
1  443  444  448  449  512  513  529  530  545
1  244  249  258  259  264  265  266  267  268  269  270  295  296  415  418  435  436  545
1   98   99  174  175  177  178  545
1   42   44   45   49   50   61  177  186  187  188  211  212  268  277  318  319  361  362  430  432  433  497  500  529  531  532  533  545
1   41   42  139  140  141  142  153  154  155  156  157  234  235  238  239  240  241  263  264  266  267  271  272  279  280  287  288  442  443  444  447  448  449  450  451  545
