fields 34
worms 6
Wave_Initiation_Rate_Median
35.045274 68.359984 56.437192 38.912334 7.669612 NaN 
Wave_Initiation_Rate_Range
28.450919 10.792499 39.938196 29.230131 4.925495 NaN 
Body_Wave_Number_Median
0.873781 0.685578 0.693014 0.989333 1.711151 NaN 
Body_Wave_Number_Range
0.825421 0.321326 0.411124 0.345158 0.501230 NaN 
Asymmetry_Median
0.005056 0.011139 0.007854 0.000606 0.034317 NaN 
Asymmetry_Range
0.089354 0.055433 0.107023 0.069120 0.185750 NaN 
Reverse_Swimming
0.000000 0.000000 0.000000 0.000000 0.000000 NaN 
Curling
0.536913 0.000000 0.000000 0.000000 6.730038 NaN 
Stretch_Median
0.602251 0.344622 0.423395 0.421720 0.486630 NaN 
Stretch_Range
0.196559 0.143252 0.244516 0.237449 0.243551 NaN 
Attenuation_Median
68.947089 67.515263 66.713354 65.233090 72.989044 NaN 
Attenuation_Range
20.733005 23.174558 20.885614 15.212699 12.097199 NaN 
Traveling_Speed_Mean
1.539374 3.196731 6.626807 3.452346 0.834098 NaN 
Brush_Stroke_Median
0.074447 0.153378 0.123666 0.082286 0.038351 NaN 
Brush_Stroke_Range
0.044589 0.099528 0.039697 0.019403 0.025185 NaN 
Activity_Index_Median
122.512913 169.448633 156.923851 97.855295 15.498323 NaN 
Activity_Index_Range
64.293766 141.861401 136.641996 71.697481 21.552150 NaN 
Wave_Initiation_Rate_10
21.986289 67.224350 26.287478 33.967001 6.311963 NaN 
Body_Wave_Number_10
0.633930 0.541583 0.539068 0.758803 1.397473 NaN 
Asymmetry_10
-0.030532 -0.024701 -0.017961 -0.023384 -0.036497 NaN 
Stretch_10
0.515450 0.283919 0.306478 0.327741 0.353830 NaN 
Attenuation_10
55.337773 54.604244 56.284023 58.594737 67.918166 NaN 
Brush_Stroke_10
0.044121 0.128263 0.102004 0.071963 0.029275 NaN 
Activity_Index_10
79.949920 127.444148 65.754547 81.169512 10.012012 NaN 
usability
0.821691 0.847426 1.000000 0.972426 0.966912 0.000000 
status
valid
valid
valid
valid
valid
rejected
highThr
70.000000 72.000000 80.000000 82.000000 60.000000 NaN 
lowThr
53.000000 44.000000 47.000000 49.000000 38.000000 0.000000 
prevThr
25.000000 25.000000 25.000000 25.000000 25.000000 25.000000 
highThrDef
70.000000 72.000000 80.000000 82.000000 60.000000 NaN 
lowThrDef
53.000000 44.000000 47.000000 49.000000 38.000000 0.000000 
prevThrDef
25.000000 25.000000 25.000000 25.000000 25.000000 25.000000 
manualSeparators
224  225
472




separators
1   92  101  131  141  142  143  148  149  158  161  162  163  169  170  171  172  192  199  224  225  235  261  262  264  267  269  271  272  276  281  282  283  286  288  301  329  330  470  473  545
1   92  101  131  142  143  147  148  149  158  162  163  169  170  171  172  192  199  225  235  236  264  267  268  269  272  276  281  282  283  286  288  301  329  330  470  472  473  474  545
1   67   77  149  152  545
1  207  215  266  271  272  273  545
1   21   22   41   42   43   48   49   51   61   63   64  161  162  169  170  171  172  545
1  545
