fields 34
worms 3
Wave_Initiation_Rate_Median
72.955849 57.268235 66.869796 
Wave_Initiation_Rate_Range
77.904589 73.551912 33.515645 
Body_Wave_Number_Median
0.623773 0.411060 0.698951 
Body_Wave_Number_Range
0.613070 0.754329 0.719499 
Asymmetry_Median
0.029376 0.000217 -0.015892 
Asymmetry_Range
0.142269 0.242441 0.068432 
Reverse_Swimming
0.000000 11.339564 0.000000 
Curling
1.046512 6.483301 0.728745 
Stretch_Median
0.411632 0.517747 0.547841 
Stretch_Range
0.284263 0.435836 0.234598 
Attenuation_Median
68.592802 46.226956 78.614074 
Attenuation_Range
31.330283 37.050337 24.021337 
Traveling_Speed_Mean
14.890981 3.409921 7.148161 
Brush_Stroke_Median
0.120425 0.165294 0.178814 
Brush_Stroke_Range
0.054441 0.100899 0.102889 
Activity_Index_Median
238.197585 318.502224 178.080160 
Activity_Index_Range
205.345723 439.748991 142.964251 
Wave_Initiation_Rate_10
43.501659 30.870478 34.703971 
Body_Wave_Number_10
0.311826 0.051504 0.412664 
Asymmetry_10
-0.005345 -0.122621 -0.043009 
Stretch_10
0.253063 0.346425 0.433467 
Attenuation_10
49.388326 28.921308 62.992314 
Brush_Stroke_10
0.095787 0.110585 0.147755 
Activity_Index_10
149.296626 108.316472 126.182532 
usability
0.948529 0.935662 0.908088 
status
valid
valid
valid
highThr
81.000000 70.000000 68.000000 
lowThr
45.000000 43.000000 25.000000 
prevThr
10.000000 10.000000 25.000000 
highThrDef
81.000000 70.000000 68.000000 
lowThrDef
41.000000 43.000000 25.000000 
prevThrDef
25.000000 25.000000 25.000000 
manualSeparators

192

separators
1   94   99  100  101  265  266  366  367  420  421  481  492  493  498  500  501  545
1   46   47   70   71   89   90  133  135  158  159  192  212  213  258  259  293  294  299  300  335  336  361  363  517  519  545
1   41   42  274  277  278  280  281  427  428  541  542  545
