fields 34
worms 5
Wave_Initiation_Rate_Median
82.766097 76.014596 19.881785 101.130204 NaN 
Wave_Initiation_Rate_Range
16.328997 33.900146 57.789049 18.965174 NaN 
Body_Wave_Number_Median
0.537200 0.516697 1.104082 0.597113 NaN 
Body_Wave_Number_Range
0.270885 0.297514 0.884093 0.245878 NaN 
Asymmetry_Median
0.035911 -0.000043 0.008380 -0.006766 NaN 
Asymmetry_Range
0.042339 0.029321 0.115724 0.035824 NaN 
Reverse_Swimming
0.000000 1.545538 4.084637 0.000000 NaN 
Curling
0.000000 0.667904 0.000000 0.000000 NaN 
Stretch_Median
0.368108 0.335350 0.507256 0.356841 NaN 
Stretch_Range
0.106215 0.156101 0.349346 0.110977 NaN 
Attenuation_Median
81.031493 69.021778 81.701389 64.157335 NaN 
Attenuation_Range
13.259810 20.221229 41.090846 22.200804 NaN 
Traveling_Speed_Mean
3.398398 5.987638 3.348057 8.577575 NaN 
Brush_Stroke_Median
0.188500 0.178483 0.077734 0.251230 NaN 
Brush_Stroke_Range
0.029025 0.050706 0.035807 0.040404 NaN 
Activity_Index_Median
181.748177 206.921739 66.709986 246.208014 NaN 
Activity_Index_Range
41.286659 81.399924 166.918557 57.135451 NaN 
Wave_Initiation_Rate_10
68.887483 58.122695 9.363047 82.923866 NaN 
Body_Wave_Number_10
0.398987 0.363138 0.639140 0.459990 NaN 
Asymmetry_10
0.014566 -0.011550 -0.041044 -0.022395 NaN 
Stretch_10
0.319261 0.253914 0.342440 0.316207 NaN 
Attenuation_10
73.479341 58.780333 48.381895 51.781004 NaN 
Brush_Stroke_10
0.174855 0.147641 0.067708 0.229885 NaN 
Activity_Index_10
156.731586 162.414217 26.535186 212.360664 NaN 
usability
0.998162 0.990809 0.987132 1.000000 0.659926 
status
valid
valid
valid
valid
rejected
highThr
59.000000 60.000000 60.000000 56.000000 58.000000 
lowThr
45.000000 41.000000 41.000000 42.000000 17.000000 
prevThr
25.000000 25.000000 25.000000 25.000000 25.000000 
highThrDef
59.000000 60.000000 60.000000 56.000000 58.000000 
lowThrDef
45.000000 41.000000 41.000000 42.000000 17.000000 
prevThrDef
25.000000 25.000000 25.000000 25.000000 25.000000 
manualSeparators




447  448
separators
1  221  222  545
1   16   17   67   68  137  138  302  303  357  358  545
1   41   42  105  106  163  164  181  182  209  210  221  222  241  242  545
1  545
1  121  162  163  197  198  325  381  382  393  395  396  397  447  448  465  466  497  498  502  503  545
