fields 34
worms 4
Wave_Initiation_Rate_Median
101.159457 129.580911 67.274762 121.084103 
Wave_Initiation_Rate_Range
19.935931 36.829115 66.371879 48.011003 
Body_Wave_Number_Median
0.435461 0.401875 0.464221 0.433963 
Body_Wave_Number_Range
0.393586 0.269711 0.297094 0.280543 
Asymmetry_Median
-0.021166 0.013893 0.043078 -0.031962 
Asymmetry_Range
0.045796 0.070927 0.099804 0.071549 
Reverse_Swimming
0.000000 0.000000 4.747010 0.000000 
Curling
0.000000 0.000000 0.000000 0.000000 
Stretch_Median
0.380386 0.332931 0.474533 0.330576 
Stretch_Range
0.117023 0.146738 0.185379 0.157934 
Attenuation_Median
74.245946 67.328240 64.217707 69.893350 
Attenuation_Range
13.551666 20.162780 29.442163 16.200453 
Traveling_Speed_Mean
4.898663 10.467418 7.810390 12.468503 
Brush_Stroke_Median
0.229874 0.336749 0.142450 0.256435 
Brush_Stroke_Range
0.043984 0.068324 0.031668 0.043744 
Activity_Index_Median
232.626983 340.812370 187.356955 318.826942 
Activity_Index_Range
94.591338 124.864824 166.256415 134.425928 
Wave_Initiation_Rate_10
82.744717 98.468352 34.268264 101.062073 
Body_Wave_Number_10
0.357524 0.286806 0.280050 0.310449 
Asymmetry_10
-0.036654 -0.004997 -0.015604 -0.074260 
Stretch_10
0.334615 0.271951 0.367707 0.270059 
Attenuation_10
67.713278 55.816208 45.406189 60.937625 
Brush_Stroke_10
0.209756 0.308503 0.126097 0.238352 
Activity_Index_10
153.874862 258.752272 93.905301 246.202078 
usability
0.996324 0.990809 0.983456 0.992647 
status
valid
valid
valid
valid
highThr
53.000000 54.000000 57.000000 49.000000 
lowThr
39.000000 34.000000 30.000000 34.000000 
prevThr
25.000000 10.000000 25.000000 25.000000 
highThrDef
53.000000 54.000000 57.000000 49.000000 
lowThrDef
39.000000 34.000000 30.000000 34.000000 
prevThrDef
25.000000 25.000000 25.000000 25.000000 
manualSeparators




separators
1  200  201  464  465  545
1  343  345  386  387  394  395  531  532  545
1  419  427  428  545
1  182  183  202  203  329  330  371  372  545
