fields 34
worms 5
Wave_Initiation_Rate_Median
48.551416 63.624462 46.980251 9.474227 33.665055 
Wave_Initiation_Rate_Range
47.335844 36.315904 36.832345 15.175821 27.556588 
Body_Wave_Number_Median
0.944679 0.635418 0.813830 1.434393 1.185683 
Body_Wave_Number_Range
1.185839 0.620624 0.461152 1.005927 0.765887 
Asymmetry_Median
0.009135 -0.003984 -0.021738 0.028333 -0.006712 
Asymmetry_Range
0.172038 0.141560 0.102141 0.325643 0.134520 
Reverse_Swimming
9.825207 4.802208 1.365047 3.910506 1.821527 
Curling
1.102941 0.000000 0.000000 0.349515 0.000000 
Stretch_Median
0.475567 0.533470 0.510747 0.631982 0.519900 
Stretch_Range
0.234577 0.263969 0.212476 0.378721 0.369646 
Attenuation_Median
52.396833 59.043108 59.109085 71.206532 51.411334 
Attenuation_Range
30.492789 36.510175 30.044674 19.207934 31.220399 
Traveling_Speed_Mean
4.246397 7.069577 4.004824 1.912453 3.251501 
Brush_Stroke_Median
0.094246 0.124662 0.063737 0.055268 0.055992 
Brush_Stroke_Range
0.035747 0.046735 0.031196 0.036349 0.026682 
Activity_Index_Median
112.197901 165.666281 140.508426 26.943701 88.478807 
Activity_Index_Range
125.442282 104.913024 102.153506 66.506571 80.838134 
Wave_Initiation_Rate_10
15.423052 30.729053 28.024138 6.608610 11.078701 
Body_Wave_Number_10
0.250921 0.294122 0.594942 0.888561 0.789308 
Asymmetry_10
-0.085949 -0.082289 -0.077356 -0.091774 -0.066033 
Stretch_10
0.407615 0.405268 0.391605 0.360677 0.384064 
Attenuation_10
34.836983 37.567389 44.189760 60.049325 33.159252 
Brush_Stroke_10
0.075980 0.109937 0.054063 0.029009 0.046086 
Activity_Index_10
38.162593 87.530909 86.964590 9.555376 35.148668 
usability
1.000000 1.000000 0.952206 0.946691 1.000000 
status
valid
valid
valid
valid
valid
highThr
66.000000 69.000000 69.000000 74.000000 73.000000 
lowThr
51.000000 52.000000 42.000000 38.000000 47.000000 
prevThr
25.000000 25.000000 25.000000 25.000000 25.000000 
highThrDef
66.000000 69.000000 69.000000 74.000000 73.000000 
lowThrDef
51.000000 52.000000 42.000000 38.000000 47.000000 
prevThrDef
25.000000 25.000000 25.000000 25.000000 25.000000 
manualSeparators




327  328
separators
1  101  102  443  445  455  456  521  522  545
1  457  463  545
1   35   61  545
1  101  102  462  464  482  489  490  491  545
1  227  285  286  289  293  294  302  327  328  545
