fields 34
worms 5
Wave_Initiation_Rate_Median
9.036527 14.067342 35.991703 7.561238 127.534916 
Wave_Initiation_Rate_Range
7.290025 11.259427 47.706046 7.383112 75.376630 
Body_Wave_Number_Median
1.660008 1.171659 0.676083 1.706723 0.555243 
Body_Wave_Number_Range
0.455813 1.112839 0.676664 0.485536 0.504628 
Asymmetry_Median
0.061511 0.004503 0.025473 0.087979 -0.002410 
Asymmetry_Range
0.242539 0.238265 0.224949 0.127100 0.069891 
Reverse_Swimming
0.000000 9.438822 7.506900 1.269549 0.000000 
Curling
0.000000 0.000000 0.342857 0.000000 0.000000 
Stretch_Median
0.562731 0.579601 0.502840 0.402464 0.413333 
Stretch_Range
0.320773 0.108206 0.274465 0.249856 0.306051 
Attenuation_Median
88.272480 71.062399 71.970324 84.199832 76.569974 
Attenuation_Range
9.142538 42.481804 41.356042 16.348749 15.430318 
Traveling_Speed_Mean
1.509022 2.586522 5.328700 1.504698 12.387828 
Brush_Stroke_Median
0.042659 0.063633 0.091327 0.042240 0.350763 
Brush_Stroke_Range
0.022981 0.037064 0.086681 0.021683 0.115041 
Activity_Index_Median
20.554889 46.139628 151.099280 13.596012 311.365988 
Activity_Index_Range
17.991395 39.428475 349.228846 16.476137 171.093069 
Wave_Initiation_Rate_10
6.087242 9.499802 15.334477 5.998836 67.715204 
Body_Wave_Number_10
1.473035 0.392642 0.422030 1.380985 0.252159 
Asymmetry_10
-0.025329 -0.123048 -0.088061 0.003969 -0.031321 
Stretch_10
0.399307 0.524586 0.425233 0.292611 0.286342 
Attenuation_10
83.105331 44.912186 48.678240 71.729091 68.121991 
Brush_Stroke_10
0.031648 0.053570 0.057559 0.028653 0.296226 
Activity_Index_10
9.869811 29.015254 54.198934 9.680346 186.398643 
usability
1.000000 0.998162 0.965074 0.998162 0.981618 
status
valid
valid
valid
valid
valid
highThr
71.000000 66.000000 79.000000 66.000000 61.000000 
lowThr
48.000000 50.000000 32.000000 49.000000 39.000000 
prevThr
25.000000 25.000000 25.000000 25.000000 25.000000 
highThrDef
71.000000 66.000000 79.000000 66.000000 61.000000 
lowThrDef
48.000000 50.000000 32.000000 49.000000 39.000000 
prevThrDef
25.000000 25.000000 25.000000 25.000000 25.000000 
manualSeparators





separators
1  545
1  321  322  545
1   22   23   37   38   60   62  121  122  225  226  242  243  247  250  302  303  304  329  333  378  379  418  419  422  423  545
1  421  422  545
1   39   41   49   50   81   82  109  110  116  117  376  377  464  465  473  474  506  507  545
