fields 34
worms 5
Wave_Initiation_Rate_Median
27.115414 67.240761 8.863613 78.240807 63.459546 
Wave_Initiation_Rate_Range
25.202524 56.106634 10.153739 50.617759 74.610925 
Body_Wave_Number_Median
0.996992 0.692559 1.633065 0.657419 0.686865 
Body_Wave_Number_Range
0.928691 0.559877 0.911252 0.685166 0.836916 
Asymmetry_Median
0.020965 0.000240 0.016983 0.005229 0.010886 
Asymmetry_Range
0.334600 0.093010 0.161086 0.098841 0.104398 
Reverse_Swimming
10.542778 1.456647 6.182153 3.357513 4.691812 
Curling
3.111111 0.371901 0.000000 0.000000 0.000000 
Stretch_Median
0.600473 0.490897 0.506064 0.388808 0.459176 
Stretch_Range
0.222426 0.289626 0.224428 0.212599 0.246914 
Attenuation_Median
57.206245 62.191621 74.287165 56.377912 58.804483 
Attenuation_Range
50.968544 34.817835 28.973049 25.772069 28.384852 
Traveling_Speed_Mean
2.830012 5.052758 1.520075 6.972270 6.382665 
Brush_Stroke_Median
0.098730 0.046804 0.045909 0.052566 0.111034 
Brush_Stroke_Range
0.039524 0.021474 0.017846 0.061564 0.041776 
Activity_Index_Median
70.630313 153.310676 19.913180 184.584379 187.202212 
Activity_Index_Range
72.481398 79.170786 31.557749 193.945896 238.852303 
Wave_Initiation_Rate_10
9.736956 17.113643 6.961248 34.346490 13.717098 
Body_Wave_Number_10
0.572961 0.359311 0.970597 0.284979 0.132153 
Asymmetry_10
-0.227566 -0.036042 -0.035140 -0.045959 -0.025737 
Stretch_10
0.485229 0.395351 0.398270 0.340560 0.311709 
Attenuation_10
20.029666 39.983375 55.790859 41.425469 44.881427 
Brush_Stroke_10
0.070039 0.035778 0.037799 0.041391 0.090008 
Activity_Index_10
18.086050 117.340205 14.966595 96.842266 32.257359 
usability
0.992647 0.889706 0.996324 0.933824 0.987132 
status
valid
valid
valid
valid
valid
highThr
69.000000 75.000000 70.000000 67.000000 64.000000 
lowThr
47.000000 27.000000 57.000000 28.000000 36.000000 
prevThr
25.000000 25.000000 25.000000 25.000000 25.000000 
highThrDef
69.000000 75.000000 70.000000 67.000000 64.000000 
lowThrDef
47.000000 27.000000 57.000000 28.000000 36.000000 
prevThrDef
25.000000 25.000000 25.000000 25.000000 25.000000 
manualSeparators





separators
1  455  456  517  518  521  545
1  231  235  242  250  254  257  258  263  264  273  280  286  291  292  294  301  302  303  306  310  311  321  326  342  348  359  364  365  369  379  383  416  421  426  431  436  458  459  464  465  467  470  471  492  493  526  527  536  537  538  542  545
1   21   22   58   59   81   82  412  413  416  417  455  456  545
1  116  118  207  209  211  214  217  219  221  223  226  227  261  264  281  282  283  286  287  307  308  326  327  342  343  344  346  348  360  381  382  409  410  487  488  545
1   31   38   39   41   61   62  545
