fields 34
worms 5
Wave_Initiation_Rate_Median
11.618012 8.671383 8.407667 22.954900 30.502720 
Wave_Initiation_Rate_Range
20.746257 5.033446 3.589955 25.449337 25.155111 
Body_Wave_Number_Median
1.449670 1.606948 1.743128 1.077546 1.076549 
Body_Wave_Number_Range
0.619972 0.713275 0.489187 0.847161 0.722817 
Asymmetry_Median
0.053916 -0.031736 0.050047 0.033014 0.031151 
Asymmetry_Range
0.142447 0.143447 0.226707 0.145711 0.183465 
Reverse_Swimming
0.165593 2.207912 0.000000 8.942042 0.386385 
Curling
0.000000 0.000000 0.000000 0.000000 0.000000 
Stretch_Median
0.463721 0.334477 0.476105 0.449871 0.495353 
Stretch_Range
0.130121 0.181611 0.246277 0.142553 0.187996 
Attenuation_Median
70.460617 71.660017 73.874367 57.045004 61.188231 
Attenuation_Range
15.870128 15.373777 22.842888 39.328105 31.862706 
Traveling_Speed_Mean
0.652372 1.181167 0.882193 1.586874 1.719003 
Brush_Stroke_Median
0.042474 0.033951 0.037070 0.051047 0.087575 
Brush_Stroke_Range
0.009234 0.022637 0.010034 0.014496 0.032588 
Activity_Index_Median
24.009230 15.768335 15.773057 63.113879 59.715094 
Activity_Index_Range
26.501172 19.698214 6.060008 73.806078 64.640771 
Wave_Initiation_Rate_10
8.506254 6.814140 7.008770 10.102775 13.130873 
Body_Wave_Number_10
1.004731 1.145533 1.422329 0.529953 0.553483 
Asymmetry_10
-0.013275 -0.106613 -0.090581 -0.075758 -0.111249 
Stretch_10
0.385747 0.226067 0.374814 0.364027 0.428165 
Attenuation_10
62.277367 63.381844 58.459376 35.046674 37.443510 
Brush_Stroke_10
0.037698 0.028895 0.032832 0.047541 0.077988 
Activity_Index_10
17.573531 11.904168 13.446251 27.997954 27.385896 
usability
0.998162 0.998162 0.994485 1.000000 1.000000 
status
valid
valid
valid
valid
valid
highThr
56.000000 62.000000 61.000000 54.000000 55.000000 
lowThr
32.000000 47.000000 28.000000 25.000000 36.000000 
prevThr
25.000000 25.000000 25.000000 25.000000 25.000000 
highThrDef
56.000000 62.000000 61.000000 54.000000 55.000000 
lowThrDef
32.000000 47.000000 28.000000 25.000000 36.000000 
prevThrDef
25.000000 25.000000 25.000000 25.000000 25.000000 
manualSeparators





separators
1  181  182  545
1  101  102  545
1  422  423  443  445  545
1  545
1  545
