fields 34
worms 4
Wave_Initiation_Rate_Median
75.001966 50.736282 67.379338 74.229261 
Wave_Initiation_Rate_Range
21.020787 48.577305 1.526758 68.577683 
Body_Wave_Number_Median
0.476483 0.592742 0.312329 0.417269 
Body_Wave_Number_Range
0.328352 0.912934 0.353217 0.992790 
Asymmetry_Median
-0.028980 -0.055451 0.031626 -0.024237 
Asymmetry_Range
0.136874 0.134344 0.075574 0.099766 
Reverse_Swimming
0.000000 0.000000 7.672493 0.000000 
Curling
0.000000 1.345794 0.000000 0.000000 
Stretch_Median
0.394720 0.469769 0.413614 0.438503 
Stretch_Range
0.132988 0.299505 0.116863 0.241230 
Attenuation_Median
62.959361 69.109218 60.407795 68.120149 
Attenuation_Range
21.080165 23.089830 28.339671 17.911989 
Traveling_Speed_Mean
7.488941 4.757670 9.189807 11.837989 
Brush_Stroke_Median
0.186339 0.054710 0.173515 0.143100 
Brush_Stroke_Range
0.048251 0.021307 0.041878 0.046699 
Activity_Index_Median
203.455459 132.437130 187.439975 168.686255 
Activity_Index_Range
52.117324 160.406012 53.063147 177.838336 
Wave_Initiation_Rate_10
67.165479 18.167600 67.013670 42.392350 
Body_Wave_Number_10
0.314074 0.348243 0.128531 0.284433 
Asymmetry_10
-0.084155 -0.139074 -0.012556 -0.062568 
Stretch_10
0.346426 0.346799 0.340542 0.299674 
Attenuation_10
51.646132 53.306350 44.494784 58.405624 
Brush_Stroke_10
0.154122 0.044023 0.155912 0.123817 
Activity_Index_10
186.436724 38.682949 167.701342 111.893330 
usability
0.998162 0.983456 0.994485 0.897059 
status
valid
valid
valid
valid
highThr
57.000000 68.000000 48.000000 60.000000 
lowThr
35.000000 6.000000 29.000000 31.000000 
prevThr
25.000000 25.000000 25.000000 25.000000 
highThrDef
57.000000 68.000000 48.000000 60.000000 
lowThrDef
35.000000 6.000000 29.000000 31.000000 
prevThrDef
25.000000 25.000000 25.000000 25.000000 
manualSeparators




separators
1  442  443  545
1    3    4   10   11   23   24   37   38  195  196  238  239  241  242  261  262  413  414  545
1   27   28  255  256  473  474  545
1   25   27   32   33   39   41  106  108  109  112  114  247  248  249  341  342  381  382  384  385  386  456  457  545
