fields 34
worms 5
Wave_Initiation_Rate_Median
93.229332 100.568950 101.878298 85.919182 79.523623 
Wave_Initiation_Rate_Range
56.783081 31.663229 35.393583 35.165984 21.096231 
Body_Wave_Number_Median
0.445881 0.519864 0.490936 0.446524 0.540332 
Body_Wave_Number_Range
0.298554 0.322278 0.290083 0.436245 0.201881 
Asymmetry_Median
0.013224 0.015600 0.006717 0.010154 -0.029311 
Asymmetry_Range
0.078695 0.081143 0.042784 0.064247 0.048661 
Reverse_Swimming
0.000000 3.536977 0.000000 1.711132 0.000000 
Curling
0.000000 0.718563 0.000000 0.000000 0.000000 
Stretch_Median
0.379635 0.364137 0.335947 0.374463 0.376527 
Stretch_Range
0.154141 0.160835 0.128148 0.132422 0.096623 
Attenuation_Median
56.262049 54.269179 51.427150 55.243397 56.359407 
Attenuation_Range
19.930909 28.490401 28.093431 24.132264 22.609847 
Traveling_Speed_Mean
8.029311 7.807143 11.099009 7.973460 7.460490 
Brush_Stroke_Median
0.328287 0.264848 0.257391 0.171142 0.222013 
Brush_Stroke_Range
0.108694 0.050063 0.042370 0.048946 0.039290 
Activity_Index_Median
287.717627 263.623163 264.606629 238.030269 208.358764 
Activity_Index_Range
216.615861 77.929298 82.190673 109.375289 70.438251 
Wave_Initiation_Rate_10
67.897594 84.175112 83.691098 67.329397 68.392785 
Body_Wave_Number_10
0.265830 0.315667 0.377045 0.164268 0.435988 
Asymmetry_10
-0.018647 -0.039075 -0.010129 -0.019609 -0.054769 
Stretch_10
0.303670 0.302999 0.281514 0.319940 0.340001 
Attenuation_10
44.759212 37.466701 38.634719 43.404990 47.181027 
Brush_Stroke_10
0.251567 0.237932 0.235527 0.153926 0.202744 
Activity_Index_10
157.204922 221.231096 215.239698 179.001741 174.710222 
usability
0.852941 0.920956 0.992647 0.988971 0.994485 
status
valid
valid
valid
valid
valid
highThr
44.000000 52.000000 39.000000 45.000000 44.000000 
lowThr
21.000000 15.000000 18.000000 28.000000 23.000000 
prevThr
25.000000 25.000000 10.000000 25.000000 25.000000 
highThrDef
44.000000 52.000000 39.000000 45.000000 44.000000 
lowThrDef
21.000000 15.000000 18.000000 28.000000 23.000000 
prevThrDef
25.000000 25.000000 25.000000 25.000000 25.000000 
manualSeparators





separators
1  295  300  307  309  313  314  317  328  343  346  349  350  353  401  402  442  443  466  467  545
1   32   34   82   83  295  300  307  309  317  328  343  346  347  353  355  356  367  368  380  381  382  385  390  393  394  507  508  545
1   44   45   46   81   82  262  263  545
1   34   35   76   77  130  131  261  262  459  460  534  535  545
1  342  343  467  469  545
