fields 34
worms 5
Wave_Initiation_Rate_Median
68.281263 78.511411 102.057276 70.698825 67.815632 
Wave_Initiation_Rate_Range
80.930738 26.762788 1.985025 47.489092 62.727721 
Body_Wave_Number_Median
0.563655 0.332784 0.415107 0.266728 0.472861 
Body_Wave_Number_Range
1.124839 0.504828 0.336565 0.551773 0.947411 
Asymmetry_Median
0.013513 0.002902 -0.003667 -0.009265 -0.025126 
Asymmetry_Range
0.095149 0.059226 0.027473 0.052796 0.123379 
Reverse_Swimming
0.000000 9.328427 0.000000 8.555658 0.000000 
Curling
6.703911 0.000000 0.000000 1.330645 0.414747 
Stretch_Median
0.473843 0.382378 0.341614 0.377328 0.483634 
Stretch_Range
0.505714 0.150372 0.078236 0.273494 0.210910 
Attenuation_Median
57.650031 52.808751 57.700830 51.066662 66.057237 
Attenuation_Range
46.170830 36.579867 19.390046 32.203738 24.591150 
Traveling_Speed_Mean
5.185543 3.587279 10.354551 4.109152 1.600000 
Brush_Stroke_Median
0.059360 0.207343 0.269526 0.187439 0.155144 
Brush_Stroke_Range
0.031710 0.061498 0.032783 0.066709 0.144228 
Activity_Index_Median
185.721950 252.529739 275.263565 280.963047 158.943211 
Activity_Index_Range
225.286083 90.072511 34.193637 153.356290 269.983703 
Wave_Initiation_Rate_10
9.027298 67.553318 101.162788 47.224701 16.736822 
Body_Wave_Number_10
0.441931 0.109993 0.261665 0.050829 0.164575 
Asymmetry_10
-0.027518 -0.033358 -0.016222 -0.033306 -0.113693 
Stretch_10
0.365428 0.320105 0.309706 0.328546 0.352207 
Attenuation_10
24.592444 30.257958 46.741403 36.086447 50.969852 
Brush_Stroke_10
0.037511 0.186785 0.255677 0.152882 0.124044 
Activity_Index_10
15.018185 211.190255 260.243502 198.356117 50.099784 
usability
0.987132 0.931985 0.994485 0.911765 0.797794 
status
valid
valid
valid
valid
valid
highThr
55.000000 54.000000 50.000000 57.000000 48.000000 
lowThr
35.000000 16.000000 34.000000 17.000000 26.000000 
prevThr
25.000000 25.000000 25.000000 20.000000 25.000000 
highThrDef
55.000000 54.000000 50.000000 57.000000 48.000000 
lowThrDef
35.000000 16.000000 34.000000 17.000000 26.000000 
prevThrDef
25.000000 25.000000 25.000000 25.000000 25.000000 
manualSeparators



311

separators
1  156  157  238  239  245  246  289  290  291  292  296  297  502  503  545
1   18   19   99  100  108  109  134  135  139  141  182  183  209  211  222  223  250  251  263  266  272  273  281  282  291  292  328  329  340  341  364  365  390  392  397  398  405  406  413  414  432  433  441  442  443  444  452  453  454  455  464  465  475  476  509  511  541  544  545
1  122  123  179  181  545
1   30   31   54   55   79   80   92   93  122  123  128  130  139  143  156  158  161  163  166  171  184  185  267  268  287  288  289  290  304  311  313  377  379  380  381  390  391  453  454  487  493  494  496  497  519  520  545
1   61   62   69   71   83   84   94   95   96   97  109  111  128  130  139  143  148  149  156  158  166  171  198  199  275  276  304  313  332  333  334  335  341  342  347  348  351  355  365  366  459  460  462  464  511  512  513  515  524  525  528  529  545
