fields 34
worms 5
Wave_Initiation_Rate_Median
47.967794 22.285957 32.607749 9.603009 11.527708 
Wave_Initiation_Rate_Range
32.406982 24.676599 17.999272 6.380200 14.845660 
Body_Wave_Number_Median
0.881613 1.393389 1.205653 1.673798 1.402530 
Body_Wave_Number_Range
0.465419 0.590427 0.558491 0.415938 1.016065 
Asymmetry_Median
0.000512 -0.022931 0.008489 -0.012112 -0.006070 
Asymmetry_Range
0.054694 0.117407 0.125300 0.078856 0.113202 
Reverse_Swimming
2.594296 3.146274 10.377185 0.000000 11.536339 
Curling
0.000000 0.000000 0.000000 0.000000 0.000000 
Stretch_Median
0.393746 0.542640 0.464426 0.430085 0.423468 
Stretch_Range
0.236691 0.187803 0.112161 0.118996 0.166386 
Attenuation_Median
54.724939 59.008122 57.209822 72.976918 71.075441 
Attenuation_Range
31.188903 34.868823 35.802785 27.118031 54.865286 
Traveling_Speed_Mean
3.610417 2.645609 2.023747 1.169372 0.892623 
Brush_Stroke_Median
0.107191 0.058838 0.073732 0.040469 0.043752 
Brush_Stroke_Range
0.020213 0.025673 0.034690 0.008930 0.014975 
Activity_Index_Median
128.274802 61.572844 71.558756 19.459854 29.195441 
Activity_Index_Range
81.442181 88.479715 42.492008 15.345345 29.392488 
Wave_Initiation_Rate_10
33.559439 9.646740 16.998431 7.499512 8.053264 
Body_Wave_Number_10
0.591373 1.166471 0.863584 1.446969 0.760208 
Asymmetry_10
-0.017192 -0.109499 -0.056121 -0.039675 -0.092212 
Stretch_10
0.310416 0.438280 0.421220 0.372809 0.366980 
Attenuation_10
37.190054 50.165067 38.723576 54.340714 25.565780 
Brush_Stroke_10
0.096689 0.043501 0.063608 0.037420 0.037158 
Activity_Index_10
84.938050 23.367736 55.235820 14.719809 18.356648 
usability
0.994485 1.000000 0.996324 0.994485 0.994485 
status
valid
valid
valid
valid
valid
highThr
68.000000 67.000000 63.000000 67.000000 59.000000 
lowThr
46.000000 48.000000 43.000000 50.000000 45.000000 
prevThr
25.000000 25.000000 25.000000 25.000000 25.000000 
highThrDef
68.000000 67.000000 63.000000 67.000000 59.000000 
lowThrDef
46.000000 48.000000 43.000000 50.000000 45.000000 
prevThrDef
25.000000 25.000000 25.000000 25.000000 25.000000 
manualSeparators





separators
1   29   30   52   53  304  305  545
1  545
1  116  117  122  123  545
1    3    4    6    8  545
1  141  142  149  150  521  522  545
