fields 34
worms 4
Wave_Initiation_Rate_Median
102.716658 101.352071 NaN 119.430087 
Wave_Initiation_Rate_Range
53.699562 91.857275 NaN 52.595868 
Body_Wave_Number_Median
0.608641 0.527177 NaN 0.600389 
Body_Wave_Number_Range
0.685808 0.215366 NaN 0.442987 
Asymmetry_Median
0.001526 -0.031703 NaN 0.015116 
Asymmetry_Range
0.054310 0.087320 NaN 0.036474 
Reverse_Swimming
0.000000 0.000000 NaN 0.000000 
Curling
0.000000 0.992647 NaN 0.000000 
Stretch_Median
0.372183 0.420420 NaN 0.332505 
Stretch_Range
0.236858 0.224717 NaN 0.194593 
Attenuation_Median
75.000432 70.159876 NaN 73.489536 
Attenuation_Range
13.729591 11.546623 NaN 12.482807 
Traveling_Speed_Mean
13.145832 9.706258 NaN 12.050695 
Brush_Stroke_Median
0.262391 0.294112 NaN 0.257229 
Brush_Stroke_Range
0.080439 0.061204 NaN 0.042798 
Activity_Index_Median
242.990173 244.511733 NaN 269.242619 
Activity_Index_Range
117.041075 218.094337 NaN 125.382253 
Wave_Initiation_Rate_10
67.729719 34.413959 NaN 68.269315 
Body_Wave_Number_10
0.319916 0.414858 NaN 0.369774 
Asymmetry_10
-0.022887 -0.095498 NaN 0.002899 
Stretch_10
0.300384 0.304420 NaN 0.287483 
Attenuation_10
68.289493 65.088723 NaN 67.147819 
Brush_Stroke_10
0.225509 0.257864 NaN 0.234109 
Activity_Index_10
180.149599 82.537428 NaN 166.291299 
usability
1.000000 1.000000 0.000000 0.985294 
status
valid
valid
rejected
valid
highThr
62.000000 59.000000 64.000000 60.000000 
lowThr
39.000000 41.000000 43.000000 42.000000 
prevThr
15.000000 25.000000 25.000000 25.000000 
highThrDef
62.000000 59.000000 64.000000 60.000000 
lowThrDef
41.000000 41.000000 43.000000 42.000000 
prevThrDef
25.000000 25.000000 25.000000 25.000000 
manualSeparators




separators
1  545
1  103  104  413  414  494  496  543  545
1    3   20   21   28   40   47   51   57   62   68   77   83  104  105  133  145  148  183  184  185  192  196  202  208  222  224  230  239  246  258  262  324  327  329  333  334  521  523  529  531  532  533  534  535  545
1  482  483  521  522  523  529  533  544  545
