fields 34
worms 5
Wave_Initiation_Rate_Median
8.457090 8.212574 7.376175 NaN 7.929354 
Wave_Initiation_Rate_Range
3.098679 4.327604 5.546217 NaN 5.151687 
Body_Wave_Number_Median
1.706225 1.770438 1.736673 NaN 1.804511 
Body_Wave_Number_Range
0.369422 0.358765 0.484070 NaN 0.610506 
Asymmetry_Median
-0.026494 0.139923 -0.085500 NaN 0.059841 
Asymmetry_Range
0.192806 0.010969 0.077730 NaN 0.269077 
Reverse_Swimming
0.000000 0.000000 1.876725 NaN 0.000000 
Curling
0.595238 0.000000 0.000000 NaN 0.000000 
Stretch_Median
0.656885 0.320844 0.464221 NaN 0.487023 
Stretch_Range
0.142271 0.107518 0.192383 NaN 0.343894 
Attenuation_Median
59.596589 77.121990 69.908399 NaN 81.129212 
Attenuation_Range
98.555926 8.549719 23.954856 NaN 6.247603 
Traveling_Speed_Mean
1.392146 0.176062 0.660301 NaN 1.105767 
Brush_Stroke_Median
0.042220 0.026588 0.035652 NaN 0.036524 
Brush_Stroke_Range
0.022485 0.002617 0.008820 NaN 0.020905 
Activity_Index_Median
17.954606 11.189317 13.050982 NaN 14.188794 
Activity_Index_Range
10.402153 4.354989 11.341985 NaN 18.525026 
Wave_Initiation_Rate_10
7.468116 6.405794 6.456973 NaN 6.293445 
Body_Wave_Number_10
1.534850 1.539245 1.443850 NaN 1.310637 
Asymmetry_10
-0.123511 0.133133 -0.105306 NaN -0.153204 
Stretch_10
0.566044 0.267437 0.336967 NaN 0.322817 
Attenuation_10
-23.456052 71.927987 54.257016 NaN 78.705671 
Brush_Stroke_10
0.034575 0.025877 0.030523 NaN 0.030307 
Activity_Index_10
14.879671 8.733883 10.184803 NaN 9.999567 
usability
0.926471 0.994485 1.000000 0.437500 1.000000 
status
valid
valid
valid
rejected
valid
highThr
59.000000 62.000000 65.000000 69.000000 73.000000 
lowThr
40.000000 51.000000 43.000000 43.000000 55.000000 
prevThr
25.000000 25.000000 25.000000 25.000000 25.000000 
highThrDef
59.000000 62.000000 65.000000 69.000000 73.000000 
lowThrDef
40.000000 51.000000 43.000000 43.000000 55.000000 
prevThrDef
25.000000 25.000000 25.000000 25.000000 25.000000 
manualSeparators



101  102

separators
1  241  242  243  246  247  252  253  258  259  282  283  284  287  288  545
1  181  182  341  342  402  403  545
1  503  504  545
1  101  102  103  104  139  140  141  142  143  179  180  246  545
1  393  394  399  400  401  545
