fields 34
worms 5
Wave_Initiation_Rate_Median
8.820806 17.981880 7.644131 12.304428 12.499552 
Wave_Initiation_Rate_Range
7.811507 22.287083 4.270218 10.991306 9.700720 
Body_Wave_Number_Median
1.737988 1.179556 1.715148 1.556112 1.459511 
Body_Wave_Number_Range
0.890191 0.848697 0.599860 0.383862 0.874700 
Asymmetry_Median
-0.016801 0.001709 0.037583 -0.035196 -0.057162 
Asymmetry_Range
0.090862 0.220297 0.175085 0.089842 0.116942 
Reverse_Swimming
5.133395 13.081877 0.000000 2.318307 8.997240 
Curling
0.000000 0.331492 0.000000 0.000000 0.000000 
Stretch_Median
0.409837 0.650805 0.386792 0.565603 0.426682 
Stretch_Range
0.171035 0.273437 0.139271 0.190765 0.084412 
Attenuation_Median
68.158414 53.630453 69.287866 64.192183 74.788620 
Attenuation_Range
15.763873 48.266636 29.268178 32.153927 22.828486 
Traveling_Speed_Mean
1.028175 2.298023 1.582656 1.675123 0.916949 
Brush_Stroke_Median
0.039071 0.063894 0.043566 0.045522 0.044690 
Brush_Stroke_Range
0.014730 0.016812 0.026769 0.019687 0.013768 
Activity_Index_Median
18.442070 52.107287 17.355422 34.747200 27.157876 
Activity_Index_Range
17.798767 56.789650 16.842596 24.120144 25.023324 
Wave_Initiation_Rate_10
6.884510 9.868244 7.044809 9.219007 8.798638 
Body_Wave_Number_10
0.962640 0.673700 1.409547 1.358364 0.823520 
Asymmetry_10
-0.038393 -0.100876 -0.066381 -0.077278 -0.094820 
Stretch_10
0.307797 0.559716 0.325341 0.471446 0.392412 
Attenuation_10
61.934976 25.072597 52.276427 52.099713 63.550649 
Brush_Stroke_10
0.032741 0.053910 0.034979 0.039492 0.035216 
Activity_Index_10
11.732786 28.816403 12.755149 22.426783 18.377592 
usability
1.000000 0.998162 1.000000 0.998162 1.000000 
status
valid
valid
valid
valid
valid
highThr
67.000000 61.000000 67.000000 68.000000 58.000000 
lowThr
51.000000 41.000000 50.000000 47.000000 44.000000 
prevThr
25.000000 25.000000 25.000000 25.000000 25.000000 
highThrDef
67.000000 61.000000 67.000000 68.000000 58.000000 
lowThrDef
51.000000 41.000000 50.000000 47.000000 44.000000 
prevThrDef
25.000000 25.000000 25.000000 25.000000 25.000000 
manualSeparators





separators
1  545
1  240  241  545
1  545
1  403  404  545
1  545
