fields 34
worms 6
Wave_Initiation_Rate_Median
76.582223 49.665174 67.075062 67.778050 84.120484 NaN 
Wave_Initiation_Rate_Range
49.816141 47.986764 35.183932 11.727335 16.261584 NaN 
Body_Wave_Number_Median
0.744958 0.547990 0.600504 0.612451 0.724651 NaN 
Body_Wave_Number_Range
0.221371 0.551101 0.352937 0.353441 0.187212 NaN 
Asymmetry_Median
0.006529 0.013713 -0.016377 0.029061 0.001437 NaN 
Asymmetry_Range
0.068123 0.095061 0.077705 0.073946 0.025026 NaN 
Reverse_Swimming
0.000000 3.863845 0.000000 0.000000 0.000000 NaN 
Curling
0.331492 0.000000 0.220588 0.000000 0.000000 NaN 
Stretch_Median
0.442973 0.529897 0.440689 0.523765 0.430878 NaN 
Stretch_Range
0.320740 0.176204 0.244778 0.194316 0.116213 NaN 
Attenuation_Median
69.647901 66.182945 53.484916 65.193530 65.348724 NaN 
Attenuation_Range
17.534769 22.282779 20.840892 15.983514 15.521002 NaN 
Traveling_Speed_Mean
9.775176 9.693482 13.499697 8.984703 7.860909 NaN 
Brush_Stroke_Median
0.172729 0.155866 0.193222 0.209436 0.206450 NaN 
Brush_Stroke_Range
0.051675 0.042707 0.057177 0.046736 0.027265 NaN 
Activity_Index_Median
208.528152 146.480868 214.566930 201.618332 223.454133 NaN 
Activity_Index_Range
135.052315 158.260061 153.440090 63.321963 48.237679 NaN 
Wave_Initiation_Rate_10
48.511772 16.054060 32.449627 66.042833 68.745134 NaN 
Body_Wave_Number_10
0.641102 0.218909 0.369953 0.426208 0.646753 NaN 
Asymmetry_10
-0.012427 -0.039606 -0.072007 -0.006554 -0.013661 NaN 
Stretch_10
0.362967 0.440381 0.382325 0.443183 0.388225 NaN 
Attenuation_10
60.583067 52.116429 41.325447 57.563576 57.154210 NaN 
Brush_Stroke_10
0.146498 0.133094 0.158802 0.189838 0.197258 NaN 
Activity_Index_10
132.707445 44.413974 91.457340 177.836574 188.516023 NaN 
usability
0.998162 0.994485 1.000000 1.000000 0.715074 0.000000 
status
valid
valid
valid
valid
valid
rejected
highThr
69.000000 68.000000 70.000000 69.000000 82.000000 67.000000 
lowThr
46.000000 49.000000 53.000000 51.000000 37.000000 56.000000 
prevThr
25.000000 25.000000 25.000000 25.000000 25.000000 25.000000 
highThrDef
69.000000 68.000000 70.000000 69.000000 82.000000 67.000000 
lowThrDef
46.000000 49.000000 53.000000 51.000000 37.000000 56.000000 
prevThrDef
25.000000 25.000000 25.000000 25.000000 25.000000 25.000000 
manualSeparators
410  411



529  530  531

separators
1  110  111  186  187  410  411  412  440  441  545
1  259  262  293  294  545
1  257  260  296  297  541  542  545
1  174  175  237  238  545
1  367  370  371  377  382  421  422  423  432  433  434  435  456  457  460  461  479  480  481  482  483  484  495  501  502  506  507  508  509  517  518  519  520  529  530  531  545
1  421  422  495  501  505  506  509  545
