fields 34
worms 5
Wave_Initiation_Rate_Median
66.289957 152.779368 119.452511 144.420685 88.334404 
Wave_Initiation_Rate_Range
101.539061 97.105387 126.318401 105.495994 106.119434 
Body_Wave_Number_Median
0.416956 0.481475 0.689366 0.634818 0.445989 
Body_Wave_Number_Range
0.428564 0.615682 1.203902 0.410542 1.147117 
Asymmetry_Median
0.023382 0.001653 -0.003087 -0.006725 0.013050 
Asymmetry_Range
0.249352 0.027142 0.063352 0.036349 0.100429 
Reverse_Swimming
8.460710 2.310385 2.097516 0.000000 2.981366 
Curling
2.802548 0.398230 0.000000 0.000000 1.836735 
Stretch_Median
0.484232 0.284529 0.322232 0.375926 0.474220 
Stretch_Range
0.291253 0.165807 0.293246 0.237556 0.366836 
Attenuation_Median
63.219356 76.793670 52.229570 78.483888 73.540058 
Attenuation_Range
32.058548 19.165398 55.338390 13.727354 24.345872 
Traveling_Speed_Mean
6.774077 13.600656 3.656838 25.260851 4.976917 
Brush_Stroke_Median
0.262941 0.063996 0.236122 0.146609 0.175205 
Brush_Stroke_Range
0.189745 0.072371 0.120516 0.036337 0.037886 
Activity_Index_Median
229.159531 376.315847 240.948514 1092.237911 248.443175 
Activity_Index_Range
431.736593 620.421646 456.247196 871.654047 318.391093 
Wave_Initiation_Rate_10
32.614168 73.275531 9.977708 58.613887 23.882816 
Body_Wave_Number_10
0.116993 0.141587 0.432116 0.437210 0.138597 
Asymmetry_10
-0.082977 -0.014133 -0.044787 -0.026890 -0.016488 
Stretch_10
0.337542 0.232568 0.258529 0.311058 0.318312 
Attenuation_10
43.611536 66.448030 14.431214 71.871103 55.817188 
Brush_Stroke_10
0.202230 0.052100 0.199994 0.123947 0.156262 
Activity_Index_10
60.499303 185.944102 24.638292 351.608891 63.231990 
usability
0.865809 0.830882 0.992647 0.803309 0.720588 
status
valid
valid
valid
valid
valid
highThr
64.000000 56.000000 55.000000 59.000000 67.000000 
lowThr
41.000000 30.000000 36.000000 39.000000 38.000000 
prevThr
25.000000 25.000000 25.000000 10.000000 25.000000 
highThrDef
64.000000 56.000000 55.000000 59.000000 67.000000 
lowThrDef
41.000000 30.000000 36.000000 39.000000 38.000000 
prevThrDef
25.000000 25.000000 25.000000 25.000000 25.000000 
manualSeparators

265



separators
1   14   17   36   38   51   52   54   57   58   72   74   96   97   99  100  108  109  129  130  150  151  155  157  159  160  221  222  239  240  241  242  248  249  303  305  324  361  362  375  377  389  391  402  403  425  426  429  430  490  491  499  500  545
1    7    8   37   39   54   55   66   67   81   82  117  119  208  213  214  216  217  265  268  341  342  406  407  545
1  262  263  371  373  387  388  545
1  101  102  135  137  143  144  149  151  175  176  545
1  141  142  174  175  180  181  201  203  208  209  216  217  218  225  226  246  247  293  294  482  483  545
