fields 34
worms 4
Wave_Initiation_Rate_Median
134.692405 117.468610 133.758479 100.405373 
Wave_Initiation_Rate_Range
65.482207 49.130559 47.023277 64.180110 
Body_Wave_Number_Median
0.576537 0.348988 0.453730 0.410222 
Body_Wave_Number_Range
0.552061 0.442469 0.296388 0.271834 
Asymmetry_Median
0.001007 0.000307 -0.010680 0.037750 
Asymmetry_Range
0.084307 0.063846 0.070986 0.087609 
Reverse_Swimming
0.441582 0.746114 0.000000 0.000000 
Curling
0.111940 0.000000 0.110497 0.000000 
Stretch_Median
0.329933 0.316572 0.330583 0.373923 
Stretch_Range
0.210698 0.136468 0.146845 0.191227 
Attenuation_Median
67.556101 63.146661 62.118888 58.967445 
Attenuation_Range
23.820590 35.332487 19.048016 19.155321 
Traveling_Speed_Mean
12.109470 12.807551 12.199834 13.199120 
Brush_Stroke_Median
0.331132 0.440975 0.301866 0.198852 
Brush_Stroke_Range
0.126155 0.298773 0.058740 0.043249 
Activity_Index_Median
294.734259 559.956452 306.221252 292.553079 
Activity_Index_Range
163.677851 355.321534 116.346685 164.714235 
Wave_Initiation_Rate_10
71.332010 91.076459 88.362580 69.757751 
Body_Wave_Number_10
0.286711 0.167234 0.336013 0.280038 
Asymmetry_10
-0.027694 -0.026728 -0.042779 -0.000340 
Stretch_10
0.242799 0.253872 0.279296 0.292324 
Attenuation_10
54.247135 43.547130 50.648648 50.099484 
Brush_Stroke_10
0.271604 0.242766 0.275111 0.179999 
Activity_Index_10
189.189563 282.785347 223.640169 210.470809 
usability
0.985294 0.955882 0.998162 0.998162 
status
valid
valid
valid
valid
highThr
52.000000 56.000000 55.000000 53.000000 
lowThr
26.000000 22.000000 30.000000 35.000000 
prevThr
25.000000 20.000000 24.000000 24.000000 
highThrDef
52.000000 56.000000 55.000000 52.000000 
lowThrDef
27.000000 22.000000 37.000000 36.000000 
prevThrDef
25.000000 25.000000 25.000000 25.000000 
manualSeparators




separators
1   23   24  263  264  265  270  271  277  279  280  545
1   61   65   66   70   71   73   74   81  131  132  133  489  490  498  499  545
1  133  134  545
1  270  271  545
