fields 34
worms 3
Wave_Initiation_Rate_Median
136.483715 65.001561 100.799327 
Wave_Initiation_Rate_Range
17.973304 111.489207 17.734290 
Body_Wave_Number_Median
0.544152 0.624726 0.508889 
Body_Wave_Number_Range
0.480611 1.158534 0.275167 
Asymmetry_Median
-0.007721 0.030761 -0.005745 
Asymmetry_Range
0.043085 0.189222 0.042900 
Reverse_Swimming
0.000000 0.000000 0.000000 
Curling
1.185771 6.419753 1.036468 
Stretch_Median
0.420331 0.498759 0.515659 
Stretch_Range
0.220920 0.378716 0.126500 
Attenuation_Median
65.657802 61.852501 62.606904 
Attenuation_Range
26.701347 33.504916 15.951354 
Traveling_Speed_Mean
14.196766 3.547416 10.281486 
Brush_Stroke_Median
0.058896 0.394750 0.288791 
Brush_Stroke_Range
0.060901 0.476643 0.119127 
Activity_Index_Median
410.357707 357.100460 281.964011 
Activity_Index_Range
466.618315 399.282006 144.467050 
Wave_Initiation_Rate_10
123.648637 12.316096 84.396860 
Body_Wave_Number_10
0.276680 0.160969 0.368173 
Asymmetry_10
-0.021690 -0.020655 -0.021695 
Stretch_10
0.327360 0.331870 0.464224 
Attenuation_10
52.034686 42.250823 55.032596 
Brush_Stroke_10
0.051267 0.330793 0.247209 
Activity_Index_10
307.480507 273.381076 217.700466 
usability
0.930147 0.893382 0.957721 
status
valid
valid
valid
highThr
60.000000 71.000000 59.000000 
lowThr
31.000000 23.000000 36.000000 
prevThr
10.000000 25.000000 10.000000 
highThrDef
60.000000 71.000000 59.000000 
lowThrDef
31.000000 23.000000 36.000000 
prevThrDef
25.000000 25.000000 25.000000 
manualSeparators

452
463
separators
1   24   25  227  241  242  261  262  263  266  267  281  282  401  402  545
1   18   19   20   22   23   29   30   42   61   62   84   85   86   88   99  100  146  148  149  190  192  194  196  198  199  301  302  303  311  312  313  318  319  320  321  377  378  452  454  456  457  461  462  474  475  495  496  502  503  542  543  544  545
1  463  474  481  482  507  508  535  536  543  545
