fields 34
worms 5
Wave_Initiation_Rate_Median
76.679031 154.673216 129.868739 62.063460 141.276698 
Wave_Initiation_Rate_Range
115.492148 34.826228 58.180005 136.770078 102.198143 
Body_Wave_Number_Median
0.496362 0.535687 0.566629 0.390668 0.366337 
Body_Wave_Number_Range
0.611779 0.230715 0.422448 0.507726 0.448048 
Asymmetry_Median
0.012169 0.013589 0.004940 0.005900 -0.003820 
Asymmetry_Range
0.201627 0.026879 0.054601 0.236398 0.048913 
Reverse_Swimming
8.053204 2.795699 0.000000 0.456026 0.280047 
Curling
8.266667 0.000000 0.000000 9.611650 0.000000 
Stretch_Median
0.393508 0.323051 0.363677 0.471605 0.335439 
Stretch_Range
0.613749 0.120025 0.147500 0.415552 0.284763 
Attenuation_Median
55.263427 71.746253 74.086357 61.266849 73.867423 
Attenuation_Range
53.811354 18.871179 14.748319 57.137887 19.037198 
Traveling_Speed_Mean
5.863222 11.736994 12.186072 0.608979 13.601677 
Brush_Stroke_Median
0.151840 0.347593 0.379220 0.449410 0.495977 
Brush_Stroke_Range
0.058032 0.056435 0.068001 0.217700 0.666269 
Activity_Index_Median
291.432359 387.364001 333.579865 205.171692 431.731215 
Activity_Index_Range
309.998233 88.792715 128.052448 257.931742 758.056975 
Wave_Initiation_Rate_10
20.953192 133.986598 77.411402 15.758510 53.042005 
Body_Wave_Number_10
0.140895 0.402906 0.266213 0.125563 0.120881 
Asymmetry_10
-0.048756 0.005943 -0.017255 -0.127769 -0.030523 
Stretch_10
0.290773 0.268333 0.299770 0.313199 0.252670 
Attenuation_10
24.132612 60.368896 68.064272 14.036293 62.324808 
Brush_Stroke_10
0.115392 0.325379 0.348958 0.377165 0.349415 
Activity_Index_10
34.458349 344.731565 234.201047 116.266937 173.803399 
usability
0.827206 0.849265 1.000000 0.757353 0.860294 
status
valid
valid
valid
valid
valid
highThr
66.000000 66.000000 61.000000 57.000000 60.000000 
lowThr
20.000000 31.000000 44.000000 31.000000 33.000000 
prevThr
25.000000 25.000000 10.000000 25.000000 10.000000 
highThrDef
66.000000 66.000000 61.000000 57.000000 60.000000 
lowThrDef
20.000000 31.000000 44.000000 31.000000 33.000000 
prevThrDef
25.000000 25.000000 25.000000 25.000000 25.000000 
manualSeparators
206
472  437


154
separators
1   43   44   46   47   58   60   68   69   76   77  206  211  212  213  272  274  275  299  301  321  322  350  351  353  354  368  371  381  382  401  402  438  439  458  459  482  483  484  485  528  529  545
1   42   43  114  115  125  126  168  169  355  356  402  403  437  459  460  472  491  492  501  502  503  504  507  516  517  521  529  533  545
1  545
1   41   83   84  156  157  172  173  196  197  202  203  221  222  288  289  295  296  302  304  307  308  310  312  317  319  321  322  342  343  346  348  354  355  361  362  363  364  381  383  389  390  399  400  402  403  413  414  416  417  421  422  428  429  468  469  484  485  490  491  492  494  495  496  497  499  503  504  522  523  529  533  540  542  545
1   41   61   62  154  166  167  296  297  401  402  545
