fields 34
worms 5
Wave_Initiation_Rate_Median
66.069789 68.469260 68.940077 66.458973 55.988730 
Wave_Initiation_Rate_Range
36.364362 17.874230 61.100345 25.434341 46.331246 
Body_Wave_Number_Median
0.585986 0.758507 0.580027 0.636006 0.614342 
Body_Wave_Number_Range
0.490771 0.249010 0.405757 0.270839 0.647613 
Asymmetry_Median
-0.024264 -0.015530 -0.002023 -0.016606 0.011566 
Asymmetry_Range
0.149330 0.041147 0.146663 0.097568 0.117011 
Reverse_Swimming
6.152284 0.000000 0.000000 5.078197 4.391972 
Curling
0.000000 0.000000 0.112150 0.000000 0.715990 
Stretch_Median
0.428808 0.401407 0.411355 0.459989 0.473996 
Stretch_Range
0.166823 0.122275 0.234732 0.240525 0.353888 
Attenuation_Median
59.280670 69.094306 61.003118 61.185149 70.659724 
Attenuation_Range
32.717791 14.624257 21.749474 25.673722 31.215472 
Traveling_Speed_Mean
8.365071 10.642826 11.728805 8.729317 6.330060 
Brush_Stroke_Median
0.185182 0.160186 0.217930 0.158839 0.078668 
Brush_Stroke_Range
0.062332 0.031365 0.062413 0.028016 0.031065 
Activity_Index_Median
172.602666 189.377620 204.654321 184.371257 235.036261 
Activity_Index_Range
135.379104 66.659922 151.046764 87.760643 259.841734 
Wave_Initiation_Rate_10
32.381643 64.498950 21.698473 42.455339 20.663324 
Body_Wave_Number_10
0.308969 0.627984 0.312750 0.504588 0.230538 
Asymmetry_10
-0.095751 -0.043051 -0.029808 -0.035053 -0.084343 
Stretch_10
0.331169 0.344918 0.342843 0.370580 0.379840 
Attenuation_10
37.402247 61.980021 50.492044 48.336669 51.795335 
Brush_Stroke_10
0.147825 0.142479 0.183585 0.146663 0.061247 
Activity_Index_10
72.476085 161.675947 92.641296 119.049577 44.132213 
usability
0.961397 1.000000 0.983456 1.000000 0.770221 
status
valid
valid
valid
valid
valid
highThr
68.000000 73.000000 71.000000 73.000000 72.000000 
lowThr
52.000000 53.000000 48.000000 56.000000 43.000000 
prevThr
25.000000 25.000000 25.000000 25.000000 25.000000 
highThrDef
68.000000 73.000000 71.000000 73.000000 72.000000 
lowThrDef
52.000000 53.000000 48.000000 56.000000 43.000000 
prevThrDef
25.000000 25.000000 25.000000 25.000000 25.000000 
manualSeparators





separators
1  247  248  261  268  272  282  291  292  295  296  323  324  325  368  372  421  422  545
1  221  222  473  475  545
1  108  109  247  248  261  268  272  282  291  292  295  296  324  325  368  372  416  421  545
1  123  124  545
1  121  122  251  252  400  405  545
