fields 34
worms 5
Wave_Initiation_Rate_Median
NaN 31.924227 55.700379 66.147276 NaN 
Wave_Initiation_Rate_Range
NaN 19.576945 33.176817 47.029011 NaN 
Body_Wave_Number_Median
NaN 1.126227 0.719687 0.644433 NaN 
Body_Wave_Number_Range
NaN 0.761561 0.702228 0.759377 NaN 
Asymmetry_Median
NaN 0.020463 0.010462 0.006369 NaN 
Asymmetry_Range
NaN 0.179032 0.115782 0.132100 NaN 
Reverse_Swimming
NaN 17.828887 0.000000 9.894737 NaN 
Curling
NaN 0.000000 3.529412 1.407249 NaN 
Stretch_Median
NaN 0.601475 0.531943 0.503870 NaN 
Stretch_Range
NaN 0.191992 0.317947 0.353671 NaN 
Attenuation_Median
NaN 57.951203 50.507714 62.144687 NaN 
Attenuation_Range
NaN 18.794637 27.562351 33.897042 NaN 
Traveling_Speed_Mean
NaN 2.944030 5.498507 5.723852 NaN 
Brush_Stroke_Median
NaN 0.076616 0.123882 0.199596 NaN 
Brush_Stroke_Range
NaN 0.029745 0.045454 0.078461 NaN 
Activity_Index_Median
NaN 71.734677 145.997912 187.967891 NaN 
Activity_Index_Range
NaN 52.746731 104.219077 162.281944 NaN 
Wave_Initiation_Rate_10
NaN 15.870539 33.328974 20.708221 NaN 
Body_Wave_Number_10
NaN 0.597921 0.340603 0.195450 NaN 
Asymmetry_10
NaN -0.029201 -0.021006 -0.050149 NaN 
Stretch_10
NaN 0.507725 0.410144 0.397500 NaN 
Attenuation_10
NaN 50.190797 37.754968 39.178175 NaN 
Brush_Stroke_10
NaN 0.066389 0.100324 0.158436 NaN 
Activity_Index_10
NaN 35.422130 80.074066 68.558780 NaN 
usability
0.663603 1.000000 1.000000 0.862132 0.422794 
status
rejected
valid
valid
valid
rejected
highThr
91.000000 70.000000 69.000000 75.000000 76.000000 
lowThr
30.000000 56.000000 46.000000 53.000000 41.000000 
prevThr
25.000000 25.000000 25.000000 25.000000 25.000000 
highThrDef
91.000000 70.000000 69.000000 75.000000 76.000000 
lowThrDef
30.000000 56.000000 46.000000 53.000000 41.000000 
prevThrDef
25.000000 25.000000 25.000000 25.000000 25.000000 
manualSeparators
162  163  201  435  436




separators
1   61   66   83   90   94   95  121  150  155  156  157  159  160  162  163  164  165  185  186  190  191  201  202  203  204  205  222  223  224  228  229  230  231  232  268  435  436  437  443  461  462  463  464  468  469  474  476  481  482  484  485  486  502  503  504  518  521  545
1  322  327  330  332  439  440  545
1   45   46  252  253  368  369  412  416  545
1  197  199  356  357  443  461  462  463  464  465  474  476  481  482  484  485  494  497  498  500  501  502  503  518  545
1  231  234  235  236  238  241  246  248  249  253  261  262  268  541  542  545
