fields 34
worms 5
Wave_Initiation_Rate_Median
7.587253 67.459825 28.601883 28.280222 NaN 
Wave_Initiation_Rate_Range
4.755276 1.193886 36.463453 22.970774 NaN 
Body_Wave_Number_Median
1.808132 0.665485 0.655534 1.009850 NaN 
Body_Wave_Number_Range
0.467540 0.421095 0.643666 0.774154 NaN 
Asymmetry_Median
-0.060316 -0.015616 -0.031064 -0.022135 NaN 
Asymmetry_Range
0.100097 0.037792 0.192180 0.226022 NaN 
Reverse_Swimming
0.000000 0.000000 7.925840 13.367243 NaN 
Curling
0.000000 0.000000 3.424947 11.250000 NaN 
Stretch_Median
0.425442 0.372632 0.588749 0.693020 NaN 
Stretch_Range
0.143460 0.152070 0.192330 0.234853 NaN 
Attenuation_Median
57.798730 61.288866 54.298639 45.758608 NaN 
Attenuation_Range
47.296861 21.120553 41.914245 37.895913 NaN 
Traveling_Speed_Mean
0.502974 4.040026 4.353215 2.163597 NaN 
Brush_Stroke_Median
0.035111 0.050061 0.058338 0.080070 NaN 
Brush_Stroke_Range
0.015187 0.042799 0.034185 0.046069 NaN 
Activity_Index_Median
14.287644 168.420012 54.665835 83.958555 NaN 
Activity_Index_Range
13.244068 171.591867 95.361586 66.565668 NaN 
Wave_Initiation_Rate_10
6.502795 66.918641 12.840039 11.062503 NaN 
Body_Wave_Number_10
1.549770 0.482261 0.405745 0.552444 NaN 
Asymmetry_10
-0.132739 -0.027057 -0.117944 -0.204576 NaN 
Stretch_10
0.375559 0.319622 0.510462 0.611828 NaN 
Attenuation_10
22.919231 51.326023 27.913595 21.385744 NaN 
Brush_Stroke_10
0.029981 0.038242 0.045108 0.069955 NaN 
Activity_Index_10
10.854895 136.434690 26.054955 29.062224 NaN 
usability
0.720588 0.801471 0.869485 0.970588 0.463235 
status
valid
valid
valid
valid
rejected
highThr
65.000000 86.000000 90.000000 72.000000 76.000000 
lowThr
51.000000 40.000000 45.000000 52.000000 46.000000 
prevThr
25.000000 25.000000 25.000000 25.000000 25.000000 
highThrDef
65.000000 86.000000 90.000000 72.000000 76.000000 
lowThrDef
51.000000 40.000000 25.000000 52.000000 26.000000 
prevThrDef
25.000000 25.000000 25.000000 25.000000 25.000000 
manualSeparators

293  360  361  432

223
152  469
separators
1  239  241  242  243  245  246  247  248  250  251  253  254  257  258  260  267  290  301  361  362  363  366  374  376  377  378  379  387  392  404  407  415  424  426  427  429  430  432  434  438  439  444  545
1  239  241  242  281  282  290  293  341  344  349  360  361  366  378  387  392  404  407  415  432  444  545
1  181  182  232  233  430  431  433  434  441  458  459  466  467  469  470  481  482  485  486  487  488  489  490  491  492  497  498  501  545
1   72   73   79   80   82   83   97   98  157  158  191  192  223  226  227  241  242  273  274  545
1  141  142  152  154  155  183  184  261  321  322  361  364  368  369  380  382  383  397  398  399  400  401  403  409  423  439  449  454  460  465  466  467  468  469  477  478  479  487  545
