fields 44
worms 5
Wave_Initiation_Rate_Median
32.412009 17.977637 7.576040 23.231046 33.490018 
Wave_Initiation_Rate_Range
38.671863 10.655352 4.405148 27.308651 30.128909 
Body_Wave_Number_Median
1.010823 1.393416 1.785653 1.426822 1.184244 
Body_Wave_Number_Range
0.936671 0.613266 0.533267 0.610412 0.669664 
Asymmetry_Median
0.032890 0.041109 -0.204320 0.012379 0.061023 
Asymmetry_Range
0.119375 0.095391 0.082393 0.142726 0.193137 
Reverse_Swimming
8.610856 0.000000 0.000000 0.000000 0.000000 
Curling
0.112150 0.000000 41.714286 0.000000 7.249071 
Stretch_Median
0.564629 0.669317 0.563322 0.409506 0.641282 
Stretch_Range
0.244559 0.233929 0.511759 0.234662 0.340896 
Attenuation_Median
68.862915 62.673856 47.231964 56.656337 53.733513 
Attenuation_Range
25.130332 21.165745 113.496924 36.532971 29.296152 
Traveling_Speed_Mean
2.588738 3.359361 0.257752 1.668418 2.683149 
Brush_Stroke_Median
0.095534 0.058538 0.022314 0.043290 0.084683 
Brush_Stroke_Range
0.040733 0.014782 0.001994 0.015303 0.031012 
Activity_Index_Median
109.196826 52.344947 8.563414 61.858857 80.975153 
Activity_Index_Range
108.560332 35.671298 5.538311 61.583129 81.441970 
Wave_Initiation_Rate_10
12.421636 11.713235 6.076566 7.402271 10.555299 
Body_Wave_Number_10
0.465257 1.072704 1.420316 1.220474 0.845757 
Asymmetry_10
-0.018507 -0.014631 -0.226960 -0.011526 -0.011491 
Stretch_10
0.450843 0.563434 0.318096 0.323013 0.512639 
Attenuation_10
51.904447 49.323266 -33.244516 39.427546 35.200455 
Brush_Stroke_10
0.071087 0.051074 0.021227 0.037516 0.068395 
Activity_Index_10
36.375104 35.892715 6.679512 16.547055 29.792788 
Wave_Initiation_Rate_All
11.097392 9.535248 7.850760 8.725064 35.054788 11.097392 9.535248 7.850760 8.725064 35.054788 13.380457 9.611846 7.843961 8.537400 34.946234 13.380457 9.611846 7.843961 8.537400 34.946234 15.254527 9.689375 7.841693 8.383937 34.819535 15.254527 9.689375 7.841693 8.383937 34.819535 14.736965 9.768962 7.843710 8.255854 34.687470 14.736965 9.768962 7.843710 8.255854 34.687470 14.305732 10.590808 7.848207 8.145741 34.550937 14.305732 10.590808 7.848207 8.145741 34.550937 13.941648 11.317564 7.853307 8.048968 34.415336 13.941648 11.317564 7.853307 8.048968 34.415336 13.630612 11.971274 7.860178 7.962381 34.282208 13.630612 11.971274 7.860178 7.962381 34.282208 13.362140 12.567533 7.873979 7.885012 34.153715 13.362140 12.567533 7.873979 7.885012 34.153715 13.126724 13.113827 7.895232 7.816167 34.030843 13.429819 13.363354 7.889230 7.720463 33.922061 13.184940 13.886516 7.922066 7.662336 33.811462 13.488594 14.180601 7.919276 7.550117 33.687477 13.232331 14.679164 7.960369 7.502911 33.594741 13.537708 15.018485 7.962442 7.374220 33.465642 13.272041 15.490756 8.005886 7.337128 33.393242 13.580844 15.875138 8.013957 7.191887 33.268141 13.309650 16.316106 8.055591 7.163209 33.215079 13.622206 16.744396 8.070610 7.000505 33.101516 13.349467 17.143535 8.109486 6.979987 33.065894 13.664446 17.614427 8.130304 6.798067 32.961301 13.392352 17.956914 8.167884 6.786727 32.940773 13.195098 18.468377 8.193042 6.771950 32.843791 12.953984 18.721511 8.228644 6.760507 32.837139 12.722167 19.269836 8.257562 6.748887 32.742078 12.509317 19.430245 8.289260 6.737828 32.748283 12.243316 20.011544 8.321594 6.729529 32.654473 12.052889 20.086011 8.346555 6.717920 32.673475 10.685692 20.697561 8.381791 6.709764 32.592489 10.573029 20.691527 8.397601 6.697174 32.623048 9.109141 21.330706 8.433763 6.687666 32.564954 9.071690 21.249709 8.438579 6.673874 32.605827 9.073434 21.912540 8.474372 6.663058 32.566519 9.021652 21.763465 8.469885 6.648379 32.615659 9.014822 21.845371 8.505367 6.637378 32.597104 10.482919 21.671010 8.494286 6.622852 32.650208 10.562567 21.727611 8.530203 6.612348 32.650064 11.950764 21.534413 8.513742 6.599504 32.702107 12.117930 21.560113 8.548577 6.590087 32.719838 13.427378 21.353074 8.525287 6.579127 32.765402 13.683148 21.343178 8.553055 6.570042 32.799094 14.910841 21.132285 8.522607 6.561063 32.840397 15.257765 21.087145 8.540564 6.551465 32.888867 16.404067 20.875408 8.500934 6.543585 32.923581 16.850141 20.789052 8.504277 6.531790 32.978688 17.914689 20.577444 8.460056 6.525544 33.007685 18.463600 20.447524 8.450194 6.511665 33.063730 18.432022 20.240914 8.407393 6.508157 33.086914 19.020188 20.065529 8.389043 6.493438 33.140168 18.959117 19.871473 8.352116 6.492439 33.154386 19.583403 19.652715 8.329015 6.479195 33.203654 19.497071 19.478976 8.297488 6.479218 33.213242 20.154035 19.225801 8.270362 6.468439 33.258073 20.044491 19.078425 8.240946 6.468585 33.269537 20.732344 18.806032 8.207933 6.460042 33.310612 20.598490 18.690467 8.178327 6.460627 33.321666 21.317385 18.435393 8.139581 6.453326 33.358602 21.157942 18.351050 8.108842 6.455677 33.368200 21.911331 18.123191 8.065867 6.449103 33.400740 21.727450 18.064745 8.033649 7.194388 33.408799 22.522537 17.863948 7.989132 7.235775 33.435755 22.311134 17.827947 7.955611 7.942901 33.441280 23.157428 17.655006 7.912176 8.033349 33.461861 22.278706 17.641245 7.878016 8.700142 33.464440 23.141596 17.496713 7.838165 8.840575 33.477231 22.266882 17.509207 7.803280 9.463413 33.478874 23.146491 17.392391 7.766105 9.654032 33.483685 22.272746 17.433191 7.730202 10.228550 33.490598 21.541513 17.342689 7.693528 10.468432 33.490018 20.761564 17.409135 7.655307 10.995286 33.505343 19.924043 17.344503 7.618116 11.282867 33.503501 19.237424 17.433858 7.577695 11.761702 33.531926 18.291104 17.395945 7.541761 12.096573 33.534269 17.697605 17.505574 7.501679 12.527704 33.579084 16.644085 17.489798 7.468319 12.909598 33.583949 16.143679 17.618105 7.432841 13.290946 33.642790 14.981103 17.626259 7.405716 13.720535 33.653025 14.574020 17.771734 7.378196 14.052817 33.718617 13.300680 17.807986 7.354800 14.529517 33.734053 12.988081 17.970052 7.336058 14.813284 33.802185 12.679412 18.034733 7.311901 15.335863 33.823705 12.401397 18.208927 7.298881 15.571020 33.890015 12.052610 18.299074 7.269980 16.139431 33.921773 11.811219 18.475663 7.258774 16.324915 33.982480 11.417186 18.586695 7.225381 16.940247 34.020970 11.213927 18.752563 7.212955 16.565150 34.073695 10.771561 18.879574 7.178122 17.196040 34.112490 10.607316 19.025788 7.164866 16.801947 34.158886 10.116722 19.162311 7.131130 17.447695 34.200158 9.991907 19.282421 7.118403 17.035880 34.244112 9.453472 19.424974 7.087239 17.694792 34.289258 9.369759 19.514596 7.076277 17.265343 35.144532 8.781285 19.663658 7.048659 17.149492 35.244957 8.741586 19.721303 7.040166 16.748487 36.032392 8.104893 19.875639 7.016472 16.591711 36.188811 8.110956 19.904176 7.010082 16.217648 36.901409 8.104194 20.059370 6.989996 16.020700 37.113640 8.117371 20.060901 6.985309 15.674304 37.752495 8.107740 20.207888 6.969070 15.439646 38.017953 8.128439 20.184764 6.965694 15.124579 38.588663 8.118165 20.315937 6.953816 14.856062 38.900379 8.146002 20.272438 6.951405 14.572647 39.410747 8.137478 20.384948 6.945631 14.269378 39.764510 8.170841 20.326159 6.944826 14.016280 40.220241 8.165798 20.417572 6.945693 13.678356 40.609837 8.202481 20.348103 6.947478 13.454343 41.015596 8.202535 20.416133 6.952922 13.081126 41.435563 8.240909 20.339799 6.958287 12.885927 41.792529 8.247391 20.381598 6.964107 12.479266 42.243047 8.286256 20.302376 6.973123 12.312741 42.549999 8.300353 20.315066 6.975326 11.871705 43.036368 8.339779 20.236289 6.987531 11.735527 43.291636 8.361860 20.215862 6.984490 11.259400 43.816595 8.401024 20.139611 6.999406 11.157815 44.019607 8.429016 20.086085 6.993710 10.646832 44.586397 8.466823 20.012796 7.010750 10.580708 44.738141 8.499189 19.932277 7.006455 10.036212 45.349663 8.533040 19.862783 7.025189 10.005651 45.454496 8.568743 19.766304 7.025879 9.970778 46.113072 8.597573 19.700576 7.046989 9.943434 46.177561 8.636209 19.596536 7.052878 9.908870 46.882333 8.659923 19.533951 7.078074 9.885217 46.908232 8.701489 19.429562 7.088280 9.850116 47.655786 9.341540 19.367264 7.119127 9.829381 47.635522 9.423490 19.268435 7.132768 9.794083 47.560934 10.017813 19.204929 7.169497 9.775424 47.536042 10.137276 19.115010 7.186073 9.740612 47.467585 10.686286 19.050756 7.227750 9.720987 47.433494 10.841181 18.968882 7.247745 9.689008 47.379152 12.125714 18.904024 7.293251 9.667453 47.336179 12.363059 18.830187 7.317185 9.638420 47.296306 13.562445 18.763272 7.365299 9.616674 47.242954 13.881371 18.697554 7.393650 9.587498 47.213137 14.993902 18.624281 7.443062 9.568160 47.147992 15.394059 18.564770 7.476202 9.538795 47.121202 16.418333 18.483901 7.525527 9.525033 47.047049 16.900438 18.427550 7.562627 9.497429 47.017993 17.834556 18.339689 7.610502 9.492073 46.939935 18.399877 18.283632 7.650156 9.468444 46.904447 19.244333 18.190142 7.695260 9.473882 46.829361 19.893672 18.132122 7.735955 9.455828 46.787198 20.650592 18.033490 7.776952 9.473308 46.721820 21.384499 17.970907 7.818174 9.462368 46.675607 22.054069 17.867555 7.853515 9.491279 45.941040 22.871786 17.798287 7.895434 9.487191 45.851361 23.452337 17.691182 7.923489 9.525426 45.160612 24.353880 17.614406 7.966328 9.524988 45.028913 24.850046 17.506201 7.985505 9.572620 44.387675 25.836190 17.422828 8.029387 9.575738 44.214027 26.256138 17.318143 8.038268 10.136133 43.628192 27.329981 17.228597 8.082851 10.174849 43.409214 27.681542 17.131902 8.081016 11.518525 42.882326 28.845461 17.037087 8.124533 11.644313 42.611885 29.131674 16.950737 8.113546 12.923187 42.148504 30.387444 16.851872 8.153066 13.136712 41.825122 30.605984 16.777663 8.135182 14.351063 41.424960 31.294962 16.678111 8.167838 14.654403 41.057065 31.479500 16.617403 8.144778 15.804198 40.716016 32.226532 16.519187 8.169004 16.199655 40.314656 32.370957 16.471954 8.141348 17.282607 40.026719 33.177239 16.375033 8.156771 17.774834 39.597886 33.275271 16.340210 8.125241 18.785617 39.358400 33.312585 16.244829 8.131734 19.377057 38.902762 33.407259 16.220148 8.097115 20.308488 38.706718 33.448173 16.128118 8.094740 20.998472 38.226555 34.324184 16.111802 8.057544 21.843657 38.070283 34.419796 16.028044 8.046537 22.630214 37.568071 35.239265 16.018663 8.007752 23.382948 37.447432 35.391299 15.945455 7.988565 24.262829 36.921609 36.153095 15.940947 7.950281 24.918932 36.838056 36.363885 15.878887 7.923643 25.888466 36.284747 37.066365 15.877064 7.887249 26.446982 36.239890 37.335787 15.825986 7.854144 27.502363 35.653134 37.977633 15.824679 7.819621 27.964204 35.646429 38.303654 15.785260 7.781292 29.102405 35.019595 38.886523 15.784570 7.748142 29.468356 35.047582 39.268981 15.757735 7.706215 30.688013 35.101308 39.796757 15.757538 7.673864 30.958527 35.122932 40.237732 15.743790 7.630208 32.259860 35.186326 40.718915 15.742138 7.598035 32.435332 35.206019 41.214553 15.740089 7.554640 33.816619 35.273403 41.656609 15.734994 7.521979 33.782238 35.296873 42.199191 15.740732 7.480831 34.699725 35.362001 42.607755 15.730902 7.446875 34.620303 35.393491 43.189082 15.740035 7.409076 34.720487 35.452326 43.561740 15.725563 7.373150 34.638796 35.490952 44.177406 15.735339 7.337862 34.717147 35.538236 44.511109 15.717116 7.299817 34.739684 35.581102 45.161639 15.725040 7.265492 34.799622 35.616022 45.452026 15.705887 7.225650 34.814620 36.401453 46.140770 15.709625 7.191265 34.852977 36.472842 46.384298 15.691765 7.155594 34.859284 37.200385 47.115707 15.690237 7.121640 34.874874 37.311677 47.307699 15.674068 7.097829 34.871820 37.981563 48.086693 15.667257 7.065146 34.866425 38.134996 48.222138 15.651445 7.060216 34.854883 38.746435 49.053394 15.640583 7.030029 34.832602 38.944961 49.127916 15.626803 7.044570 34.816872 39.499528 49.177138 15.612806 7.018455 34.782513 39.745127 49.238429 15.605543 7.051221 34.771572 40.248078 49.293907 15.589103 7.030224 34.730627 40.543758 49.345115 15.598950 7.080750 34.732839 40.998985 49.407821 15.582083 7.064688 34.690106 41.342596 49.452009 15.614352 7.132017 34.706769 41.752770 49.523632 15.599756 7.121209 34.664489 42.142182 49.564097 15.654345 7.203142 34.695113 42.506276 49.646404 15.645006 7.199134 34.653955 42.941721 48.691579 15.719968 7.292559 34.696783 43.260090 48.721526 15.716620 7.297236 34.657608 43.745384 47.823858 15.809873 7.399311 34.710967 44.017807 47.797777 15.813341 7.414502 
Body_Wave_Number_All
1.801913 1.750555 1.909479 2.306576 0.939352 1.801913 1.750555 1.909479 2.306576 0.939352 1.758599 1.742490 1.907110 2.442704 0.932652 1.758599 1.742490 1.907110 2.442704 0.932652 1.722283 1.735318 1.904440 2.555139 0.926985 1.722283 1.735318 1.904440 2.555139 0.926985 1.693704 1.728786 1.901446 2.649620 0.921985 1.693704 1.728786 1.901446 2.649620 0.921985 1.668678 1.709963 1.898213 2.730342 0.916833 1.668678 1.709963 1.898213 2.730342 0.916833 1.646172 1.693885 1.894751 2.800470 0.910946 1.646172 1.693885 1.894751 2.800470 0.910946 1.625959 1.679879 1.890853 2.862189 0.904037 1.625959 1.679879 1.890853 2.862189 0.904037 1.607313 1.667391 1.886264 2.917255 0.895849 1.607313 1.667391 1.886264 2.917255 0.895849 1.590145 1.656028 1.880879 2.966930 0.886353 1.572886 1.646333 1.878017 3.045537 0.874846 1.558427 1.636527 1.871374 3.088501 0.864739 1.539773 1.626402 1.868412 3.176407 0.856735 1.529462 1.617766 1.860897 3.212091 0.846770 1.509307 1.607284 1.857703 3.309443 0.840927 1.502681 1.599513 1.849977 3.337433 0.831717 1.481016 1.588768 1.846327 3.444274 0.826608 1.476183 1.581724 1.838869 3.464586 0.818309 1.452860 1.570879 1.834537 3.581038 0.812870 1.449037 1.564498 1.827397 3.593560 0.805621 1.423936 1.553692 1.822212 3.719872 0.798553 1.421075 1.548048 1.815152 3.724412 0.792332 1.403588 1.537423 1.809290 3.730833 0.784106 1.402315 1.533246 1.802142 3.734807 0.778885 1.383845 1.522926 1.795932 3.740919 0.770937 1.384246 1.520156 1.788606 3.744297 0.766458 1.364885 1.510208 1.782238 3.750009 0.759166 1.365491 1.508418 1.774735 3.752876 0.755264 1.365286 1.498325 1.767794 3.758189 0.747946 1.364720 1.497151 1.760246 3.760481 0.744627 1.365069 1.486748 1.752902 3.765543 0.736771 1.363652 1.485907 1.745475 3.767221 0.734193 1.362672 1.475217 1.737785 3.772115 0.725894 1.361571 1.474538 1.730800 3.772977 0.724293 1.361147 1.473941 1.722761 3.777599 0.716124 1.199506 1.472792 1.716449 3.777585 0.715570 1.189876 1.472037 1.708118 3.781676 0.708142 1.039378 1.470509 1.702622 3.780791 0.708597 1.020403 1.469679 1.694269 3.784199 0.702427 0.881325 1.467921 1.689710 3.782633 0.703481 0.853430 1.467162 1.681728 3.785095 0.699134 0.725496 1.465356 1.678572 3.783026 0.700520 0.688624 1.464802 1.671313 3.784357 0.698401 0.571631 1.462718 1.670333 3.782267 0.699928 0.524414 1.461660 1.664411 3.782663 0.699734 0.418026 1.459405 1.665128 3.780941 0.701348 0.358873 1.458145 1.660407 3.780810 0.702224 0.245657 1.455721 1.662164 3.779518 0.703534 0.173719 1.454504 1.658152 3.779158 0.704733 0.072503 1.451933 1.660442 3.778107 0.705866 -0.010394 1.450865 1.656749 3.777391 0.707137 -0.099362 1.448065 1.659503 3.776303 0.710492 -0.192314 1.447168 1.656150 3.775202 0.711795 -0.269250 1.444081 1.659547 3.774020 0.719275 -0.372034 1.443228 1.656881 3.772581 0.720931 -0.437465 1.440015 1.661076 3.771302 0.731755 -0.551178 1.438364 1.659407 3.769610 0.734030 -0.605550 1.435335 1.664451 3.768199 0.747256 -0.730313 1.432804 1.664018 3.766314 0.750535 -0.773351 1.430314 1.669931 3.622373 0.765163 -0.907635 1.427222 1.670883 3.611349 0.769684 -0.939502 1.425430 1.677478 3.476137 0.784744 -1.082950 1.422122 1.679853 3.456075 0.790570 -0.922813 1.420982 1.686815 3.329736 0.805146 -1.064300 1.417765 1.690576 3.300715 0.812159 -0.905796 1.416836 1.697624 3.183391 0.825650 -1.046406 1.413909 1.702535 3.145681 0.833585 -0.889367 1.412822 1.709570 3.037438 0.845504 -0.858281 1.410223 1.715452 2.991193 0.854178 -0.712459 1.408949 1.722559 2.891962 0.864837 -0.671451 1.406630 1.729300 2.837296 0.874147 -0.536481 1.405204 1.736591 2.746988 0.884062 -0.486015 1.403043 1.744080 2.683826 0.894294 -0.361531 1.401546 1.751398 2.602394 0.903906 -0.301536 1.399363 1.759105 2.530673 0.915232 -0.187321 1.397889 1.766068 2.458182 0.924635 -0.117763 1.395921 1.773031 2.377516 0.937153 -0.013698 1.394607 1.779238 2.313953 0.946511 0.065707 1.392812 1.785653 2.223988 0.960221 0.159578 1.391776 1.790921 2.169292 0.969500 0.267414 1.390203 1.797212 2.069944 0.984813 0.349878 1.389589 1.801670 2.024132 0.994112 0.468429 1.388264 1.808206 1.915560 1.010993 0.539361 1.388316 1.812109 1.878723 1.019920 0.668249 1.387381 1.818893 1.761213 1.035905 0.727642 1.388483 1.822464 1.739326 1.044131 0.866883 1.388094 1.829248 1.613340 1.056954 0.914811 1.390367 1.832480 1.600223 1.064212 1.064759 1.390477 1.838999 1.465809 1.074167 1.101128 1.393955 1.841813 1.461367 1.080317 1.262167 1.394398 1.847854 1.318602 1.087907 1.286717 1.398930 1.850184 1.322816 1.091255 1.458509 1.399458 1.855537 1.323035 1.097007 1.470943 1.404945 1.857366 1.326950 1.099337 1.653463 1.405457 1.862014 1.327838 1.103940 1.653629 1.411722 1.863406 1.331560 1.105289 1.654520 1.412284 1.867480 1.333013 1.109472 1.653647 1.419226 1.868493 1.336267 1.109858 1.655108 1.420305 1.872125 1.338145 1.114130 1.653065 1.427872 1.872808 1.340235 1.113676 1.654928 1.429899 1.875975 1.342403 1.118518 1.651687 1.438025 1.876370 1.343420 1.117276 1.653624 1.441116 1.878877 1.345867 1.122395 1.649221 1.449721 1.878942 1.346318 1.120349 1.650857 1.453929 1.880548 1.349084 1.125202 1.645355 1.462911 1.880223 1.349312 1.122166 1.646301 1.468243 1.880957 1.352427 1.126196 1.639777 1.477584 1.880189 1.352617 1.121979 1.639756 1.484040 1.880359 1.356010 1.124909 1.632432 1.493723 1.879176 1.356451 1.119560 1.631250 1.501232 1.879215 1.360170 1.121017 1.623113 1.511309 1.877661 1.361218 1.114588 1.620713 1.519817 1.877813 1.365411 1.114377 1.612099 1.530217 1.875919 1.367499 1.107210 1.608523 1.539620 1.876101 1.372272 1.104980 1.599711 1.550181 1.873906 1.375156 1.097648 1.595051 1.560246 1.873865 1.380520 1.093579 1.586710 1.570684 1.871412 1.384059 1.086706 1.581009 1.580970 1.870900 1.383742 1.081141 1.573390 1.591206 1.868105 1.388204 1.075477 1.566624 1.601486 1.867100 1.388069 1.068923 1.559889 1.611557 1.863810 1.393332 1.065151 1.552192 1.621679 1.862371 1.393521 1.058053 1.529924 1.631618 1.858442 1.399493 1.056484 1.520574 1.641629 1.856628 1.400072 1.050962 1.500407 1.651121 1.852065 1.406790 1.051586 1.489815 1.661020 1.849905 1.407864 1.046271 1.471819 1.669622 1.844795 1.415450 1.048711 1.460290 1.679476 1.842240 1.416970 1.043826 1.427810 1.686855 1.836682 1.425409 1.047390 1.414568 1.696639 1.833681 1.427727 1.043100 1.386313 1.702577 1.827781 1.436763 1.047263 1.371684 1.712179 1.824285 1.440707 1.043566 1.347911 1.716852 1.818158 1.449920 1.048037 1.332166 1.726153 1.814125 1.455559 1.044951 1.312264 1.729632 1.807891 1.464473 1.049172 1.295607 1.738522 1.803385 1.471406 1.046770 1.278666 1.740828 1.797160 1.479565 1.050251 1.261251 1.749216 1.792293 1.487477 1.048793 1.246516 1.750465 1.786187 1.494541 1.050771 1.228461 1.758179 1.781080 1.503222 1.050537 1.215710 1.758562 1.775212 1.508893 1.050001 1.196989 1.765431 1.769897 1.517980 1.051002 1.186102 1.765171 1.764420 1.522252 1.050437 1.166926 1.770959 1.758897 1.531268 1.052857 1.157647 1.770376 1.753989 1.534324 1.050441 1.137859 1.774985 1.748263 1.542662 1.054059 1.129602 1.774228 1.744122 1.544635 1.050092 1.109032 1.777670 1.738206 1.552343 1.054452 1.101083 1.776692 1.735018 1.548455 1.049414 1.079073 1.779130 1.728947 1.555191 1.053957 1.071691 1.777723 1.726849 1.538511 1.048237 1.047954 1.779144 1.720815 1.543443 1.052199 1.041858 1.777197 1.719769 1.527849 1.046035 1.016216 1.777479 1.714056 1.530994 1.048611 1.012119 1.775007 1.713911 1.516577 1.042348 1.002024 1.774031 1.708806 1.517923 1.043034 0.999151 1.771096 1.709420 1.504361 1.037103 0.987990 1.769102 1.705068 1.503740 1.035574 0.986266 1.765825 1.706438 1.491254 1.030540 0.973915 1.763235 1.702901 1.488406 1.026965 0.973181 1.759747 1.705031 1.477286 1.023344 0.977246 1.756924 1.702362 1.472089 1.018277 0.976386 1.753362 1.705264 1.462618 1.016337 0.979021 1.750598 1.703507 1.455197 1.010241 0.972182 1.747040 1.707181 1.447727 1.010148 0.972472 1.744254 1.706371 1.438377 1.003309 0.965830 1.740736 1.710747 1.433065 1.004821 0.964080 1.737951 1.710909 1.422188 0.997828 0.958241 1.734522 1.715727 1.419123 1.000014 0.955155 1.731821 1.716862 1.407186 0.993392 0.950573 1.728582 1.721858 1.405917 0.995042 0.946811 1.725965 1.723944 1.393314 0.989581 0.943654 1.723015 1.729021 1.393435 0.990208 0.939402 1.720411 1.732003 1.380548 0.987007 0.937423 1.717800 1.737133 1.381711 0.986784 0.932768 1.715099 1.740904 1.368655 0.983370 0.931158 1.712869 1.746060 1.370739 0.982449 0.926281 1.709858 1.750472 1.357459 0.980616 0.924149 1.708055 1.755633 1.360469 0.978429 0.919565 1.704677 1.760494 1.346985 0.977916 0.916047 1.703309 1.765650 1.365124 0.973575 0.912431 1.699700 1.770752 1.357554 0.973873 0.906629 1.698790 1.775894 1.375071 0.966761 0.903694 1.695264 1.781057 1.381536 0.967389 0.894963 1.694904 1.786162 1.396563 0.958058 0.891877 1.691707 1.791358 1.403951 0.958724 0.880284 1.691899 1.796353 1.404561 0.948485 0.876142 1.689176 1.801650 1.411977 0.948882 0.862763 1.689626 1.806447 1.411458 0.944030 0.857111 1.687469 1.811897 1.419214 0.944144 0.843126 1.687810 1.815681 1.417555 0.939526 0.835904 1.686211 1.821139 1.425435 0.938871 0.822251 1.686191 1.822953 1.422832 0.935027 0.813553 1.685082 1.828193 1.430549 0.933127 0.801217 1.684617 1.827267 1.427175 0.930318 0.791129 1.683882 1.831989 1.434430 0.926883 0.780649 1.682733 1.828401 1.430510 0.925485 0.775518 1.682272 1.832303 1.436904 0.920286 0.767966 1.680105 1.826325 1.432858 0.920826 0.762241 1.679834 1.829173 1.438158 0.914064 0.758041 1.676529 1.820983 1.434213 0.916842 0.751367 1.676334 1.822744 1.438221 0.909458 0.750848 1.672226 1.812543 1.434783 0.914829 0.742947 1.671944 1.813215 1.437857 0.908166 0.746028 1.667209 1.801330 1.435212 0.916319 0.736834 1.666671 1.800772 1.437702 0.911074 0.746401 1.661335 1.787592 1.435579 0.921512 0.736441 1.660417 1.785616 1.437783 0.917656 0.749298 1.654541 1.771455 1.435453 0.930152 0.739542 1.653125 1.767887 
Asymmetry_All
0.045901 -0.018525 -0.190599 0.156358 -0.045942 0.045971 -0.019446 -0.191442 0.157080 -0.046645 0.046085 -0.020329 -0.192254 0.157769 -0.047165 0.046231 -0.021159 -0.193036 0.158475 -0.047519 0.046407 -0.021937 -0.193789 0.159197 -0.047558 0.046618 -0.022658 -0.194516 0.160072 -0.047307 0.046862 -0.023324 -0.195217 0.161093 -0.046854 0.047203 -0.023897 -0.195894 0.162096 -0.046212 0.047637 -0.024382 -0.196547 0.163083 -0.045489 0.048140 -0.024803 -0.197179 0.164030 -0.044690 0.048710 -0.025162 -0.197791 0.164939 -0.043899 0.049325 -0.025451 -0.198382 0.165760 -0.043115 0.049985 -0.025673 -0.198955 0.166496 -0.042271 0.050528 -0.025828 -0.199510 0.167125 -0.041370 0.050957 -0.025922 -0.200048 0.167653 -0.040338 0.051309 -0.025919 -0.200570 0.168178 -0.039182 0.051585 -0.025826 -0.201075 0.168702 -0.036299 0.051706 -0.025712 -0.201567 0.169223 -0.034697 0.051677 -0.025578 -0.202043 0.169743 -0.033029 0.051564 -0.025418 -0.202507 0.170321 -0.031269 0.051369 -0.025232 -0.202957 0.170954 -0.029423 0.051095 -0.024995 -0.203395 0.171565 -0.027536 0.050746 -0.024709 -0.203820 0.172155 -0.025611 0.050378 -0.024346 -0.204234 0.172703 -0.023696 0.049993 -0.023910 -0.204638 0.173211 -0.021791 0.049591 -0.023384 -0.205026 0.173680 -0.019855 0.049172 -0.022773 -0.205401 0.174111 -0.017890 0.048723 -0.022138 -0.205716 0.174521 -0.013763 0.048244 -0.021479 -0.205974 0.174911 -0.011574 0.047751 -0.020845 -0.206173 0.175300 -0.009294 0.047245 -0.020234 -0.206316 0.175689 -0.007028 0.046745 -0.019617 -0.206407 0.176084 -0.004775 0.046253 -0.018994 -0.206450 0.176484 -0.002574 0.045846 -0.018347 -0.206488 0.176857 -0.000423 0.045522 -0.017678 -0.206521 0.177203 0.002619 0.045248 -0.016954 -0.206554 0.177470 0.005678 0.045024 -0.016178 -0.206586 0.177661 0.008801 0.044878 -0.015407 -0.206617 0.177777 0.011994 0.044810 -0.014641 -0.206648 0.177822 0.015100 0.044744 -0.014641 -0.206677 0.177823 0.018095 0.044678 -0.013198 -0.206707 0.177782 0.020969 0.044618 -0.013198 -0.206735 0.177693 0.023666 0.044563 -0.011820 -0.206763 0.177556 0.026218 0.044512 -0.011128 -0.206791 0.177377 0.028638 0.044467 -0.010428 -0.206817 0.177156 0.030963 0.044461 -0.009682 -0.206844 0.176868 0.033198 0.044492 -0.008893 -0.206869 0.176514 0.035370 0.044588 -0.008044 -0.206895 0.176159 0.037579 0.044748 -0.007136 -0.206919 0.175803 0.039733 0.044964 -0.006164 -0.206943 0.175447 0.041758 0.045235 -0.005130 -0.206967 0.175092 0.043744 0.045582 -0.005034 -0.207834 0.176005 0.045745 0.045943 -0.004908 -0.208571 0.176812 0.047766 0.046331 -0.004780 -0.209180 0.177482 0.050150 0.046771 -0.004596 -0.209602 0.178039 0.052223 0.047249 -0.004388 -0.209836 0.178435 0.054360 0.047768 -0.004123 -0.209938 0.178710 0.056529 0.048310 -0.003812 -0.209907 0.178886 0.058682 0.048881 -0.003429 -0.209846 0.178961 0.060868 0.049460 -0.002990 -0.209754 0.178971 0.063035 0.049989 -0.002476 -0.209735 0.178936 0.065198 0.050421 -0.001878 -0.209787 0.178882 0.067391 0.050798 -0.001204 -0.209950 0.178791 0.069637 0.051145 -0.000454 -0.210222 0.178652 0.071938 0.051449 0.000376 -0.210536 0.178433 0.074160 0.050737 0.001284 -0.210890 0.178106 0.076301 0.051866 0.002257 -0.211297 0.177661 0.078313 0.050565 0.003254 -0.211756 0.177177 0.080180 0.050947 0.004339 -0.212185 0.176697 0.081813 0.050746 0.005486 -0.212583 0.176203 0.083305 0.051719 0.006698 -0.212873 0.175720 0.084692 0.051695 0.007962 -0.213055 0.175262 0.085958 0.052352 0.009239 -0.213119 0.174837 0.087158 0.052599 0.010560 -0.213066 0.174393 0.088349 0.052967 0.011853 -0.212959 0.173881 0.089583 0.053035 0.013148 -0.212799 0.173312 0.090869 0.053246 0.014408 -0.212722 0.172680 0.092162 0.053519 0.015645 -0.212727 0.171940 0.093509 0.053857 0.016819 -0.212869 0.171087 0.094854 0.054209 0.017923 -0.213148 0.170126 0.096121 0.054552 0.018943 -0.213552 0.169131 0.097250 0.054821 0.019890 -0.214080 0.168125 0.098208 0.055004 0.020830 -0.214652 0.167119 0.099071 0.055130 0.021770 -0.215268 0.166131 0.099846 0.055207 0.022780 -0.215885 0.165147 0.100508 0.055287 0.023839 -0.216504 0.164160 0.101187 0.055336 0.024930 -0.217118 0.163083 0.101916 0.055397 0.026050 -0.217725 0.161900 0.102590 0.055448 0.027149 -0.218194 0.160642 0.103250 0.055482 0.028276 -0.218524 0.159313 0.103984 0.055452 0.029387 -0.218709 0.157939 0.104757 0.055309 0.030476 -0.218749 0.156517 0.105447 0.055080 0.031573 -0.218651 0.155090 0.105367 0.054718 0.032684 -0.218414 0.153694 0.105668 0.054240 0.033782 -0.218171 0.152312 0.105910 0.053646 0.034824 -0.217922 0.150907 0.106192 0.052963 0.035832 -0.217673 0.149481 0.106355 0.052225 0.036862 -0.217424 0.148013 0.106440 0.051454 0.037915 -0.217176 0.146535 0.106434 0.050772 0.038981 -0.216927 0.145035 0.105215 0.050160 0.040057 -0.216678 0.143539 0.105015 0.049584 0.041172 -0.216429 0.142091 0.104610 0.049024 0.042325 -0.216180 0.140637 0.103258 0.048495 0.043495 -0.215931 0.139210 0.103015 0.048003 0.044672 -0.215683 0.137783 0.102203 0.047459 0.045853 -0.215436 0.136325 0.102103 0.046861 0.047033 -0.215192 0.134759 0.101918 0.046270 0.048159 -0.214995 0.133129 0.101637 0.045649 0.049208 -0.214845 0.131524 0.101141 0.045005 0.050166 -0.214744 0.129899 0.100831 0.044350 0.051046 -0.214693 0.128267 0.100496 0.043698 0.051852 -0.214689 0.126671 0.100419 0.043061 0.052576 -0.214733 0.125145 0.099932 0.042400 0.053227 -0.214778 0.123637 0.099297 0.041817 0.053802 -0.214826 0.122166 0.098500 0.041314 0.054311 -0.214874 0.120759 0.098309 0.040875 0.054730 -0.214921 0.119355 0.097457 0.040493 0.055061 -0.214969 0.117944 0.096620 0.040225 0.055350 -0.215017 0.116525 0.095754 0.040071 0.055637 -0.215065 0.115116 0.096298 0.039989 0.055917 -0.215113 0.113676 0.095466 0.039990 0.056237 -0.215161 0.112176 0.094514 0.040074 0.056576 -0.215208 0.110669 0.093447 0.040294 0.056888 -0.215256 0.109148 0.092292 0.040608 0.057153 -0.215304 0.107627 0.093686 0.041020 0.057355 -0.215352 0.106088 0.092478 0.041530 0.057480 -0.215403 0.104529 0.091115 0.042083 0.057501 -0.215456 0.102955 0.089622 0.042689 0.057465 -0.215549 0.101352 0.088133 0.043240 0.057426 -0.215679 0.099704 0.089084 0.043726 0.057420 -0.215852 0.097994 0.087258 0.044130 0.057430 -0.216065 0.096229 0.085317 0.044437 0.057432 -0.216318 0.094404 0.083191 0.044651 0.057411 -0.216608 0.092560 0.080983 0.044707 0.057351 -0.216902 0.090725 0.078805 0.044664 0.057277 -0.217199 0.088877 0.075939 0.044545 0.057163 -0.217495 0.087064 0.074267 0.044349 0.057028 -0.217792 0.085274 0.072682 0.044047 0.056920 -0.218089 0.083508 0.071092 0.043647 0.056863 -0.218385 0.081760 0.069490 0.043212 0.056880 -0.218682 0.080006 0.067741 0.042729 0.056937 -0.218979 0.078296 0.065667 0.042194 0.057019 -0.219275 0.076636 0.063420 0.041604 0.057147 -0.219572 0.075017 0.061146 0.040957 0.057304 -0.219869 0.073435 0.058917 0.040249 0.057474 -0.220165 0.071874 0.056607 0.039447 0.057622 -0.220461 0.070359 0.054189 0.038548 0.057748 -0.220755 0.068919 0.051835 0.037525 0.057836 -0.221047 0.067494 0.049558 0.036385 0.057821 -0.221336 0.066103 0.047229 0.035720 0.057698 -0.221623 0.064745 0.044922 0.035137 0.057526 -0.221908 0.063470 0.042852 0.033724 0.057320 -0.222190 0.062276 0.044146 0.031966 0.057082 -0.222473 0.061106 0.043150 0.029927 0.056839 -0.222755 0.059991 0.042556 0.027862 0.056639 -0.223037 0.058949 0.042319 0.025736 0.056512 -0.223319 0.058029 0.042509 0.023590 0.056381 -0.223601 0.057203 0.046709 0.021832 0.056256 -0.223883 0.056448 0.047401 0.020366 0.056120 -0.224165 0.055783 0.048276 0.018890 0.055989 -0.224447 0.055172 0.049251 0.018015 0.055866 -0.224729 0.054600 0.053159 0.016574 0.055740 -0.225011 0.054042 0.054043 0.015313 0.055610 -0.225293 0.053491 0.054989 0.013782 0.055477 -0.225575 0.052959 0.055998 0.012797 0.055325 -0.225857 0.052466 0.058638 0.011518 0.055159 -0.226138 0.052042 0.059403 0.011259 0.054962 -0.226420 0.051699 0.060187 0.010118 0.054774 -0.226702 0.051358 0.061023 0.008918 0.054638 -0.226984 0.051015 0.062510 0.007594 0.054580 -0.227266 0.050687 0.063384 0.006128 0.054675 -0.227548 0.050350 0.064413 0.005754 0.054935 -0.227830 0.049248 0.065637 0.004145 0.055383 -0.228112 0.048092 0.067388 0.004042 0.055987 -0.228394 0.046143 0.068762 0.002762 0.056668 -0.228676 0.044430 0.070276 0.001666 0.057394 -0.228958 0.043502 0.071909 0.002524 0.058098 -0.229240 0.042548 0.073170 0.001794 0.058768 -0.229522 0.041570 0.074741 0.001040 0.059368 -0.229804 0.039943 0.076363 0.001543 0.059905 -0.230086 0.039077 0.078001 0.000626 0.060403 -0.230368 0.038237 0.078263 -0.000247 0.060851 -0.230650 0.037324 0.079667 -0.000352 0.061243 -0.230932 0.036511 0.080994 -0.001203 0.061570 -0.231214 0.036509 0.082347 -0.002072 0.061861 -0.231496 0.035542 0.085361 -0.002372 0.062135 -0.231778 0.035729 0.086744 -0.003424 0.062424 -0.232048 0.035271 0.088098 -0.004528 0.062731 -0.232306 0.035462 0.089345 -0.005620 0.063079 -0.232551 0.034943 0.090482 -0.006773 0.063421 -0.232785 0.035062 0.091577 -0.007800 0.063770 -0.233006 0.035221 0.092537 -0.008689 0.064135 -0.233214 0.035400 0.093432 -0.010351 0.064474 -0.233423 0.035529 0.094238 -0.011180 0.064783 -0.233632 0.035609 0.095058 -0.011865 0.065048 -0.233841 0.035718 0.095867 -0.014028 0.065314 -0.234050 0.035791 0.098615 -0.014821 0.065554 -0.234259 0.035782 0.099225 -0.015625 0.065715 -0.234467 0.035651 0.099676 -0.016444 0.065842 -0.234676 0.035414 0.099991 -0.017363 0.065944 -0.234885 0.035104 0.102373 -0.021434 0.066013 -0.235094 0.034691 0.102467 -0.022229 0.066020 -0.235303 0.034214 0.102389 -0.022718 0.065968 -0.235512 0.033721 0.103939 -0.022865 0.065877 -0.235721 0.033210 0.103136 -0.022852 0.065799 -0.235929 0.032695 0.102006 -0.022694 0.065740 -0.236136 0.032108 0.100532 -0.022419 0.065720 -0.236340 0.031480 0.099363 -0.022156 0.065795 -0.236497 0.030793 0.097127 -0.022014 0.065961 -0.236607 0.030041 0.094673 -0.021990 0.066234 -0.236668 0.029280 0.092101 -0.021992 0.066508 -0.236679 0.028539 0.089536 -0.022858 0.066780 -0.236643 0.027921 0.086816 -0.022706 0.067051 -0.236559 0.027415 0.084114 -0.022108 0.067316 -0.236474 0.027088 0.081453 -0.022050 0.067585 -0.236386 0.026873 0.079064 -0.021897 0.067851 -0.236298 0.026737 0.076545 -0.021641 0.068157 -0.236211 
Reverse_Swimming_All
0.000000 0.000000 0.000000 0.000000 0.000000 0.000000 0.000000 0.000000 0.000000 0.000000 0.000000 0.000000 0.000000 0.000000 0.000000 0.000000 0.000000 0.000000 0.000000 0.000000 0.000000 0.000000 0.000000 0.000000 0.000000 0.000000 0.000000 0.000000 0.000000 0.000000 0.000000 0.000000 0.000000 0.000000 0.000000 0.000000 0.000000 0.000000 0.000000 0.000000 0.000000 0.000000 0.000000 0.000000 0.000000 0.000000 0.000000 0.000000 0.000000 0.000000 0.000000 0.000000 0.000000 0.000000 0.000000 0.000000 0.000000 0.000000 0.000000 0.000000 0.000000 0.000000 0.000000 0.000000 0.000000 0.000000 0.000000 0.000000 0.000000 0.000000 0.000000 0.000000 0.000000 0.000000 0.000000 0.000000 0.000000 0.000000 0.000000 0.000000 0.000000 0.000000 0.000000 0.000000 0.000000 0.000000 0.000000 0.000000 0.000000 0.000000 0.000000 0.000000 0.000000 0.000000 0.000000 0.000000 0.000000 0.000000 0.000000 0.000000 0.000000 0.000000 0.000000 0.000000 0.000000 0.000000 0.000000 0.000000 0.000000 0.000000 0.000000 0.000000 0.000000 0.000000 0.000000 0.000000 0.000000 0.000000 0.000000 0.000000 0.000000 0.000000 0.000000 0.000000 0.000000 0.000000 0.000000 0.000000 0.000000 0.000000 0.000000 0.000000 0.000000 0.000000 0.000000 0.000000 0.000000 0.000000 0.000000 0.000000 0.000000 0.000000 0.000000 0.000000 0.000000 0.000000 0.000000 0.000000 0.000000 0.000000 0.000000 0.000000 0.000000 0.000000 0.000000 0.000000 0.000000 0.000000 0.000000 0.000000 0.000000 0.000000 0.000000 0.000000 0.000000 0.000000 0.000000 0.000000 0.000000 0.000000 0.000000 0.000000 0.000000 0.000000 0.000000 0.000000 0.000000 0.000000 0.000000 0.000000 0.000000 0.000000 0.000000 0.000000 0.000000 0.000000 0.000000 0.000000 0.000000 0.000000 0.000000 0.000000 0.000000 0.000000 0.000000 0.000000 0.000000 0.000000 0.000000 0.000000 0.000000 0.000000 0.000000 0.000000 0.000000 0.000000 0.000000 0.000000 0.000000 0.000000 0.000000 0.000000 0.000000 0.000000 0.000000 0.000000 0.000000 0.000000 0.000000 0.000000 0.000000 0.000000 0.000000 0.000000 0.000000 0.000000 0.000000 0.000000 0.000000 0.000000 0.000000 0.000000 0.000000 0.000000 0.000000 0.000000 0.000000 0.000000 0.000000 0.000000 0.000000 0.000000 0.000000 0.000000 0.000000 0.000000 0.000000 0.000000 0.000000 0.000000 0.000000 0.000000 0.000000 0.000000 0.000000 0.000000 0.000000 0.000000 0.000000 0.000000 0.000000 0.000000 0.000000 0.000000 0.000000 0.000000 0.000000 0.000000 0.000000 0.000000 0.000000 0.000000 0.000000 0.000000 0.000000 0.000000 0.000000 0.000000 0.000000 0.000000 0.000000 0.000000 0.000000 0.000000 0.000000 1.000000 0.000000 0.000000 0.000000 0.000000 1.000000 0.000000 0.000000 0.000000 0.000000 1.000000 0.000000 0.000000 0.000000 0.000000 1.000000 0.000000 0.000000 0.000000 0.000000 1.000000 0.000000 0.000000 0.000000 0.000000 1.000000 0.000000 0.000000 0.000000 0.000000 1.000000 0.000000 0.000000 0.000000 0.000000 1.000000 0.000000 0.000000 0.000000 0.000000 1.000000 0.000000 0.000000 0.000000 0.000000 1.000000 0.000000 0.000000 0.000000 0.000000 1.000000 0.000000 0.000000 0.000000 0.000000 1.000000 0.000000 0.000000 0.000000 0.000000 1.000000 0.000000 0.000000 0.000000 0.000000 1.000000 0.000000 0.000000 0.000000 0.000000 1.000000 0.000000 0.000000 0.000000 0.000000 1.000000 0.000000 0.000000 0.000000 0.000000 1.000000 0.000000 0.000000 0.000000 0.000000 1.000000 0.000000 0.000000 0.000000 0.000000 1.000000 0.000000 0.000000 0.000000 0.000000 1.000000 0.000000 0.000000 0.000000 0.000000 1.000000 0.000000 0.000000 0.000000 0.000000 1.000000 0.000000 0.000000 0.000000 0.000000 1.000000 0.000000 0.000000 0.000000 0.000000 1.000000 0.000000 0.000000 0.000000 0.000000 1.000000 0.000000 0.000000 0.000000 0.000000 1.000000 0.000000 0.000000 0.000000 0.000000 1.000000 0.000000 0.000000 0.000000 0.000000 1.000000 0.000000 0.000000 0.000000 0.000000 0.000000 0.000000 0.000000 0.000000 0.000000 0.000000 0.000000 0.000000 0.000000 0.000000 0.000000 0.000000 0.000000 0.000000 0.000000 0.000000 0.000000 0.000000 0.000000 0.000000 0.000000 0.000000 0.000000 0.000000 0.000000 0.000000 0.000000 0.000000 0.000000 0.000000 0.000000 0.000000 0.000000 0.000000 0.000000 0.000000 0.000000 0.000000 0.000000 0.000000 0.000000 0.000000 0.000000 0.000000 0.000000 0.000000 0.000000 0.000000 0.000000 0.000000 0.000000 0.000000 0.000000 0.000000 0.000000 0.000000 0.000000 0.000000 0.000000 0.000000 0.000000 0.000000 0.000000 0.000000 0.000000 0.000000 0.000000 0.000000 0.000000 0.000000 0.000000 0.000000 0.000000 0.000000 0.000000 0.000000 0.000000 0.000000 0.000000 0.000000 0.000000 0.000000 0.000000 0.000000 0.000000 0.000000 0.000000 0.000000 0.000000 0.000000 0.000000 0.000000 0.000000 0.000000 0.000000 0.000000 0.000000 0.000000 0.000000 0.000000 0.000000 0.000000 0.000000 0.000000 0.000000 0.000000 0.000000 0.000000 0.000000 0.000000 0.000000 0.000000 0.000000 0.000000 0.000000 0.000000 0.000000 0.000000 0.000000 0.000000 0.000000 0.000000 0.000000 0.000000 0.000000 0.000000 0.000000 0.000000 0.000000 0.000000 0.000000 0.000000 0.000000 0.000000 0.000000 0.000000 0.000000 0.000000 0.000000 0.000000 0.000000 0.000000 0.000000 0.000000 0.000000 0.000000 0.000000 0.000000 0.000000 0.000000 0.000000 0.000000 0.000000 0.000000 0.000000 0.000000 0.000000 0.000000 0.000000 0.000000 0.000000 0.000000 0.000000 0.000000 0.000000 0.000000 0.000000 0.000000 0.000000 0.000000 0.000000 0.000000 0.000000 0.000000 0.000000 0.000000 0.000000 0.000000 0.000000 0.000000 0.000000 0.000000 0.000000 0.000000 0.000000 0.000000 0.000000 0.000000 0.000000 0.000000 0.000000 0.000000 0.000000 0.000000 0.000000 0.000000 0.000000 0.000000 0.000000 0.000000 0.000000 0.000000 0.000000 0.000000 0.000000 0.000000 0.000000 0.000000 0.000000 0.000000 0.000000 0.000000 0.000000 0.000000 0.000000 0.000000 0.000000 0.000000 0.000000 0.000000 0.000000 0.000000 0.000000 0.000000 0.000000 0.000000 0.000000 0.000000 0.000000 0.000000 0.000000 0.000000 0.000000 0.000000 0.000000 0.000000 0.000000 0.000000 0.000000 0.000000 0.000000 0.000000 0.000000 0.000000 0.000000 0.000000 0.000000 0.000000 0.000000 0.000000 0.000000 0.000000 0.000000 0.000000 0.000000 0.000000 0.000000 0.000000 0.000000 0.000000 0.000000 0.000000 0.000000 0.000000 0.000000 0.000000 0.000000 0.000000 0.000000 0.000000 0.000000 0.000000 0.000000 0.000000 0.000000 0.000000 0.000000 0.000000 0.000000 0.000000 0.000000 0.000000 0.000000 0.000000 0.000000 0.000000 0.000000 0.000000 0.000000 0.000000 0.000000 0.000000 0.000000 0.000000 0.000000 0.000000 0.000000 0.000000 0.000000 0.000000 0.000000 0.000000 0.000000 0.000000 0.000000 0.000000 0.000000 0.000000 0.000000 0.000000 0.000000 0.000000 0.000000 0.000000 0.000000 0.000000 0.000000 0.000000 0.000000 0.000000 0.000000 0.000000 0.000000 0.000000 0.000000 0.000000 0.000000 0.000000 0.000000 0.000000 0.000000 0.000000 0.000000 0.000000 0.000000 0.000000 0.000000 0.000000 0.000000 0.000000 0.000000 0.000000 0.000000 0.000000 0.000000 0.000000 0.000000 0.000000 0.000000 0.000000 0.000000 0.000000 0.000000 0.000000 0.000000 0.000000 0.000000 0.000000 0.000000 0.000000 0.000000 0.000000 0.000000 0.000000 0.000000 0.000000 0.000000 0.000000 0.000000 0.000000 0.000000 0.000000 0.000000 0.000000 0.000000 0.000000 0.000000 0.000000 0.000000 0.000000 0.000000 0.000000 0.000000 0.000000 0.000000 0.000000 0.000000 0.000000 0.000000 0.000000 0.000000 0.000000 0.000000 0.000000 0.000000 0.000000 0.000000 0.000000 0.000000 0.000000 0.000000 0.000000 0.000000 0.000000 0.000000 0.000000 0.000000 0.000000 0.000000 0.000000 0.000000 0.000000 0.000000 0.000000 0.000000 0.000000 0.000000 0.000000 0.000000 0.000000 0.000000 0.000000 0.000000 0.000000 0.000000 0.000000 0.000000 0.000000 0.000000 0.000000 0.000000 0.000000 0.000000 0.000000 0.000000 0.000000 0.000000 0.000000 0.000000 0.000000 0.000000 0.000000 0.000000 0.000000 0.000000 0.000000 0.000000 0.000000 0.000000 0.000000 0.000000 0.000000 0.000000 0.000000 0.000000 0.000000 0.000000 0.000000 0.000000 0.000000 0.000000 0.000000 0.000000 0.000000 0.000000 0.000000 0.000000 0.000000 0.000000 0.000000 0.000000 0.000000 0.000000 0.000000 0.000000 0.000000 0.000000 0.000000 0.000000 0.000000 0.000000 0.000000 0.000000 0.000000 0.000000 0.000000 0.000000 0.000000 0.000000 0.000000 0.000000 0.000000 0.000000 0.000000 0.000000 0.000000 0.000000 0.000000 0.000000 0.000000 0.000000 0.000000 0.000000 0.000000 0.000000 0.000000 0.000000 0.000000 0.000000 0.000000 0.000000 0.000000 0.000000 0.000000 0.000000 0.000000 0.000000 0.000000 0.000000 0.000000 0.000000 0.000000 0.000000 0.000000 0.000000 0.000000 0.000000 0.000000 0.000000 0.000000 0.000000 0.000000 0.000000 0.000000 0.000000 0.000000 0.000000 0.000000 0.000000 0.000000 0.000000 0.000000 0.000000 0.000000 0.000000 0.000000 0.000000 0.000000 0.000000 0.000000 0.000000 0.000000 0.000000 0.000000 0.000000 0.000000 0.000000 0.000000 0.000000 0.000000 0.000000 0.000000 0.000000 0.000000 0.000000 0.000000 0.000000 0.000000 0.000000 0.000000 0.000000 0.000000 0.000000 0.000000 0.000000 0.000000 0.000000 0.000000 0.000000 0.000000 0.000000 0.000000 0.000000 0.000000 0.000000 0.000000 0.000000 0.000000 0.000000 0.000000 0.000000 0.000000 0.000000 0.000000 0.000000 0.000000 0.000000 0.000000 0.000000 0.000000 0.000000 0.000000 0.000000 0.000000 0.000000 0.000000 0.000000 0.000000 0.000000 0.000000 0.000000 0.000000 0.000000 0.000000 0.000000 0.000000 0.000000 0.000000 0.000000 0.000000 0.000000 0.000000 0.000000 0.000000 0.000000 0.000000 0.000000 0.000000 0.000000 0.000000 0.000000 0.000000 0.000000 0.000000 0.000000 0.000000 0.000000 0.000000 0.000000 0.000000 0.000000 0.000000 0.000000 0.000000 0.000000 0.000000 0.000000 0.000000 0.000000 0.000000 0.000000 0.000000 0.000000 0.000000 0.000000 0.000000 0.000000 0.000000 0.000000 0.000000 0.000000 0.000000 0.000000 
Curling_All
24.487074 14.456103 1.672603 26.407654 27.227451 23.920161 13.591828 0.938136 24.905576 26.949256 25.084045 14.238687 0.504480 24.164737 26.531981 24.769667 13.677171 1.120893 24.193563 25.582394 25.074106 15.241945 1.505722 23.225852 26.758604 25.436959 14.885375 2.227285 23.068552 25.810560 23.682719 16.545008 1.920651 22.026223 27.278728 23.850797 18.214247 0.715681 21.746864 27.486770 24.349860 20.065273 1.038123 21.618534 27.108834 25.530562 21.591744 0.453542 20.823112 26.582109 25.116729 19.728520 1.142366 20.557784 25.989861 25.704803 19.376886 1.528202 20.097846 26.382968 28.265668 18.793712 1.458664 20.053568 26.922853 28.953786 18.629495 0.961665 19.611163 26.505264 29.701261 19.739192 1.086646 18.462123 24.934043 29.323141 20.962808 0.670820 17.112568 23.331498 28.670342 21.233605 0.670820 18.895767 21.339508 28.373898 19.546900 0.670820 15.414928 22.802246 28.414808 18.093935 0.670820 14.921461 24.058836 27.978681 20.355582 0.670820 14.045996 24.840099 27.694797 22.619253 4.927515 13.368994 27.958759 25.631857 24.097338 4.927515 NaN 24.745331 27.931781 24.424848 4.927515 NaN 24.088099 25.828459 25.011495 4.927515 NaN 28.281169 26.719830 25.534731 4.927515 8.544004 26.414566 26.596122 26.069724 4.927515 11.107205 27.293261 26.259950 26.418270 4.927515 12.448293 27.504511 26.676402 26.895029 4.927515 10.151847 27.018062 25.146326 26.631579 4.927515 9.381365 26.001063 24.257867 25.166035 4.927515 9.577056 25.177426 23.204366 24.833787 4.927515 7.877182 24.333931 23.831248 23.867578 4.927515 10.347947 22.350045 23.798055 24.110616 4.927515 11.682465 20.914265 25.349339 24.320403 4.927515 12.756175 20.696814 26.953211 22.879521 4.927515 10.221546 19.133439 24.947216 24.053582 4.927515 7.920227 18.220917 26.104185 23.861762 4.927515 8.697701 16.699284 26.598981 22.234613 4.927515 9.763708 18.480078 25.464189 22.112044 4.927515 10.290287 17.921306 27.309797 20.327740 4.927515 10.089599 15.453948 28.231389 21.238992 3.599403 6.862215 19.523038 26.486967 21.625786 3.599403 9.353609 18.182313 25.634590 20.614733 3.599403 11.140018 19.954862 25.038253 19.236717 3.599403 11.892855 21.031303 26.501315 20.785197 3.599403 13.559130 20.100274 25.481684 21.252882 3.599403 13.480300 22.781923 24.620246 22.041264 3.599403 14.150859 26.863010 25.199492 23.016214 3.599403 16.609828 25.745314 25.048261 21.377439 3.599403 18.048338 28.127175 24.889566 22.343243 3.599403 18.055941 29.007484 22.847593 21.098097 3.599403 18.798878 27.582279 23.095326 20.698816 3.599403 19.794807 26.997352 23.731266 20.708501 3.599403 19.832181 26.670712 22.653229 20.620196 3.599403 20.204903 24.855166 20.697604 22.409949 3.599403 20.248706 25.125750 18.899249 23.763544 3.599403 20.535201 25.219709 18.928172 25.347820 3.599403 20.226945 25.764600 18.424923 26.020294 3.599403 20.801262 25.470756 19.621035 26.343624 3.599403 21.901683 25.147509 20.988437 25.749456 3.599403 21.909021 26.289374 25.410952 26.245659 3.599403 21.660621 25.935755 24.982308 25.012927 3.599403 20.884200 22.730273 24.423859 25.536102 3.599403 20.389176 22.782524 23.586422 25.819057 3.599403 22.212366 22.168663 22.723156 25.902643 3.599403 21.417399 23.383935 24.232782 26.354981 3.599403 22.593627 25.214869 22.675317 25.581769 3.599403 22.086611 25.589609 25.184066 26.109071 3.599403 22.065040 26.148302 22.884722 26.424854 3.599403 20.778934 25.730257 25.343048 25.770194 3.599403 20.898880 25.242878 23.802321 25.436737 3.599403 20.456307 25.205603 22.912339 26.329894 3.599403 20.199134 23.433011 22.848871 25.935802 3.599403 21.201983 23.109981 21.684605 26.386743 3.599403 19.686447 24.661713 22.210459 24.838555 3.599403 20.699345 23.639057 22.034766 25.712653 3.599403 21.060451 24.018301 25.812797 25.524077 3.599403 23.233435 24.710973 26.254152 25.567436 3.599403 23.461159 25.880203 25.550648 25.618751 3.599403 23.841202 27.337185 26.287526 26.867054 3.599403 24.962838 29.525206 28.392451 29.371854 5.734710 27.480615 30.887153 26.656001 28.178126 5.734710 25.039365 30.822025 26.798645 29.035986 5.734710 26.421393 30.795332 27.010578 28.869460 5.734710 26.966946 28.942426 27.074979 28.950116 5.734710 25.932050 27.890366 27.449636 27.999695 5.734710 25.679885 27.866806 28.067479 26.388083 5.734710 27.004379 26.074432 26.309780 26.177704 5.734710 26.826334 25.569052 25.038023 26.205686 5.734710 24.786811 24.335047 25.329043 26.080408 5.734710 26.143225 22.046372 24.896837 25.419209 5.734710 27.076794 18.319765 26.702294 25.877654 5.734710 28.323483 19.004634 29.464843 26.146352 5.734710 27.704963 20.625763 28.568966 26.335835 5.734710 27.718342 20.392278 28.893061 25.430283 5.734710 28.757477 19.290093 28.548914 24.650673 5.734710 27.904197 22.435530 28.226096 24.260012 5.734710 28.775302 23.017231 27.224966 24.008040 5.734710 28.641610 23.490739 25.906760 21.460932 5.734710 29.573454 22.932337 25.236775 21.683178 5.734710 29.708103 22.170631 25.500384 23.276151 5.230421 29.845636 21.620444 23.848140 23.435059 5.230421 28.959449 21.016018 22.810441 20.745759 5.230421 29.843668 20.303143 25.347436 19.817449 5.230421 29.012613 20.767178 26.819114 17.893714 5.230421 29.041708 20.512213 28.401014 17.828205 5.230421 28.839504 20.595791 29.498220 19.265640 5.230421 28.790695 23.003326 27.407357 16.186355 5.230421 27.804478 23.315523 27.301755 17.069558 5.230421 28.966287 
Stretch_All
0.503294 0.911421 0.887028 0.616561 0.606033 0.505186 0.911421 0.887028 0.615978 0.611591 0.507006 0.911421 0.887028 0.614763 0.616822 0.508759 0.911421 0.887028 0.613149 0.621755 0.510448 0.911421 0.887028 0.611423 0.626413 0.512077 0.911421 0.887028 0.609807 0.630819 0.513649 0.911421 0.887028 0.608296 0.635066 0.515166 0.911421 0.887028 0.607065 0.639095 0.516632 0.911421 0.887028 0.606102 0.642922 0.518049 0.911421 0.887028 0.605239 0.646563 0.519420 0.911421 0.887028 0.604474 0.650030 0.520747 0.911421 0.887028 0.603756 0.653336 0.522031 0.911421 0.887028 0.603179 0.656492 0.523275 0.911421 0.887028 0.602620 0.659507 0.524481 0.911421 0.887028 0.602079 0.662391 0.525190 0.911421 0.887028 0.601553 0.665153 0.525878 0.911421 0.887028 0.601044 0.670338 0.526415 0.911421 0.887028 0.600549 0.672775 0.526936 0.911421 0.887028 0.600069 0.675117 0.527443 0.911421 0.887028 0.599602 0.677368 0.527935 0.911421 0.887028 0.599149 0.679534 0.528414 0.911421 0.887028 0.598708 0.681620 0.528879 0.911421 0.887028 0.598279 0.683631 0.529332 0.911421 0.887028 0.597862 0.685569 0.529773 0.911421 0.887028 0.597456 0.687440 0.530202 0.911421 0.887028 0.597061 0.689246 0.530620 0.911421 0.887028 0.596675 0.690991 0.531028 0.911006 0.887028 0.596300 0.694308 0.531425 0.910194 0.887028 0.595935 0.695887 0.531812 0.908868 0.887028 0.595578 0.697416 0.532189 0.907048 0.887028 0.595230 0.698462 0.532558 0.905069 0.887028 0.594891 0.699047 0.532924 0.902945 0.887028 0.594560 0.699055 0.533461 0.900871 0.887028 0.594237 0.698970 0.534162 0.898847 0.887028 0.593921 0.702209 0.534847 0.896131 0.886872 0.593613 0.705065 0.535516 0.893478 0.886566 0.593311 0.707889 0.536171 0.890885 0.884739 0.593017 0.710681 0.536810 0.888350 0.881442 0.592729 0.713234 0.537435 0.888350 0.876576 0.592448 0.715652 0.538046 0.883266 0.870804 0.592173 0.718004 0.538644 0.883266 0.865158 0.591904 0.720314 0.539230 0.878222 0.859633 0.591640 0.722624 0.539802 0.875650 0.854225 0.591382 0.724934 0.540363 0.873133 0.848932 0.591130 0.727244 0.540912 0.870668 0.843748 0.590883 0.729554 0.541450 0.868254 0.838672 0.590641 0.731864 0.541977 0.865859 0.833699 0.590404 0.733991 0.542493 0.863503 0.828826 0.590172 0.735435 0.542999 0.861195 0.824051 0.589944 0.736195 0.543494 0.858932 0.819371 0.589721 0.735143 0.544663 0.856172 0.814067 0.589777 0.734044 0.545831 0.853412 0.808763 0.589834 0.732898 0.546999 0.850652 0.803459 0.589830 0.732950 0.548167 0.847892 0.798155 0.589624 0.730294 0.549336 0.845132 0.792851 0.589216 0.727337 0.550504 0.842372 0.787547 0.588747 0.724380 0.551672 0.839612 0.782243 0.588076 0.721423 0.552841 0.836852 0.776939 0.587340 0.718466 0.554009 0.834066 0.771635 0.586603 0.715509 0.555177 0.831281 0.766331 0.585867 0.712552 0.556345 0.828495 0.761027 0.585130 0.709595 0.557514 0.825709 0.755724 0.584394 0.706637 0.558682 0.822924 0.750420 0.583657 0.703680 0.559850 0.820138 0.745117 0.582921 0.700723 0.561563 0.817352 0.739813 0.582184 0.697766 0.562514 0.814567 0.734510 0.581448 0.694809 0.564629 0.811781 0.729207 0.580697 0.691852 0.566120 0.808995 0.723903 0.579933 0.688895 0.568037 0.806210 0.718600 0.579151 0.685915 0.569101 0.803424 0.713296 0.578350 0.682789 0.571081 0.800643 0.707993 0.577504 0.679583 0.572083 0.798298 0.702690 0.576614 0.675889 0.574125 0.795954 0.697386 0.575598 0.672166 0.575064 0.793609 0.692083 0.574455 0.668442 0.576056 0.791264 0.686779 0.573243 0.664718 0.578292 0.788921 0.681476 0.571977 0.660665 0.580653 0.786579 0.676172 0.570651 0.656820 0.583139 0.784236 0.670869 0.569280 0.653075 0.585626 0.781893 0.665566 0.567803 0.649330 0.588113 0.779551 0.660262 0.566219 0.645684 0.590599 0.777208 0.654959 0.564256 0.642230 0.593086 0.774865 0.649655 0.562081 0.638967 0.595573 0.772523 0.644352 0.559905 0.635704 0.598059 0.770180 0.639049 0.557730 0.632671 0.600350 0.767837 0.633745 0.555554 0.629868 0.602489 0.765495 0.628442 0.553379 0.627207 0.604475 0.763152 0.623138 0.551336 0.624546 0.606361 0.760809 0.617835 0.549453 0.622028 0.608144 0.758466 0.612531 0.547715 0.619651 0.609927 0.756458 0.607228 0.546122 0.617415 0.611710 0.754451 0.601925 0.544534 0.615180 0.613451 0.752443 0.596621 0.542950 0.609560 0.615135 0.750469 0.591318 0.541539 0.607254 0.616802 0.748619 0.586014 0.540299 0.604947 0.618452 0.746950 0.580711 0.539060 0.603083 0.619917 0.745464 0.575408 0.537821 0.601660 0.621150 0.744191 0.570126 0.536582 0.600824 0.622383 0.743131 0.564866 0.535342 0.600086 0.623617 0.742071 0.559628 0.534103 0.598559 0.624850 0.741011 0.554412 0.532864 0.598809 0.626083 0.739951 0.549218 0.531625 0.599092 0.627317 0.738891 0.544045 0.530729 0.598757 0.628550 0.737831 0.538873 0.530176 0.599551 0.629783 0.736771 0.533700 0.529861 0.599632 0.631017 0.735712 0.528528 0.529639 0.600503 0.632250 0.734882 0.523355 0.529389 0.601374 0.633483 0.734235 0.518183 0.529113 0.602244 0.634717 0.733768 0.513010 0.528706 0.602426 0.635950 0.733301 0.507838 0.528167 0.603329 0.637183 0.732835 0.502665 0.527586 0.604231 0.638417 0.732368 0.497493 0.526965 0.604495 0.639650 0.731902 0.492320 0.526329 0.605432 0.640883 0.731435 0.487148 0.525620 0.606368 0.642116 0.730969 0.481975 0.524910 0.607305 0.643350 0.730502 0.476803 0.524201 0.607700 0.644884 0.730035 0.471630 0.523492 0.608673 0.646165 0.729625 0.466457 0.522782 0.609646 0.647280 0.729280 0.461285 0.522073 0.610620 0.648150 0.728934 0.456112 0.521364 0.611166 0.648973 0.728589 0.450940 0.520654 0.612179 0.649796 0.728243 0.445767 0.519945 0.613192 0.650619 0.727898 0.440595 0.519235 0.613726 0.651442 0.727553 0.435422 0.518526 0.613782 0.652266 0.727207 0.430250 0.517817 0.614486 0.653089 0.726862 0.425077 0.517107 0.614287 0.653912 0.726517 0.419905 0.516398 0.613941 0.654734 0.726171 0.414732 0.515689 0.613060 0.655188 0.726146 0.409560 0.514979 0.612852 0.655643 0.726440 0.404387 0.514270 0.615639 0.656098 0.727157 0.399215 0.513561 0.615465 0.656553 0.728148 0.394042 0.512828 0.616011 0.657008 0.729171 0.388870 0.511791 0.616929 0.657458 0.730353 0.383697 0.510755 0.617999 0.657758 0.731535 0.378525 0.509713 0.619362 0.657909 0.732671 0.373352 0.508661 0.618967 0.658060 0.734435 0.368312 0.507610 0.620135 0.658212 0.736199 0.363411 0.506503 0.621037 0.658363 0.737964 0.359846 0.505386 0.621676 0.658514 0.739618 0.357619 0.504268 0.622314 0.658665 0.741218 0.356861 0.503117 0.622634 0.658817 0.742868 0.357021 0.501939 0.622637 0.658968 0.744551 0.357187 0.500760 0.622442 0.659119 0.746189 0.357353 0.499581 0.622248 0.659271 0.747847 0.357520 0.498321 0.621856 0.659422 0.749309 0.357686 0.496980 0.621269 0.659573 0.750574 0.357852 0.495560 0.620486 0.659724 0.751552 0.358018 0.494085 0.619704 0.659876 0.752402 0.358184 0.492468 0.618921 0.660027 0.753108 0.358351 0.490825 0.618138 0.661379 0.753815 0.358517 0.489182 0.617356 0.664095 0.754522 0.358683 0.487539 0.616573 0.665622 0.755229 0.358849 0.485749 0.616308 0.668711 0.755947 0.359015 0.483825 0.615558 0.670450 0.756744 0.359181 0.481900 0.614807 0.672271 0.757540 0.359348 0.479976 0.613873 0.674179 0.758337 0.359514 0.477783 0.612756 0.677337 0.759134 0.359100 0.475577 0.611330 0.677194 0.759930 0.358107 0.473690 0.609499 0.680413 0.760727 0.356533 0.472159 0.607477 0.680262 0.761758 0.354380 0.470628 0.604472 0.682900 0.762818 0.351905 0.469097 0.598862 0.681597 0.763907 0.349426 0.467566 0.595257 0.680487 0.765127 0.346948 0.466035 0.591564 0.678779 0.766533 0.344469 0.464504 0.587870 0.677363 0.768119 0.341990 0.462973 0.582898 0.675603 0.769884 0.339511 0.461442 0.579029 0.674045 0.771650 0.337032 0.459911 0.574916 0.672232 0.773416 0.334553 0.458394 0.570804 0.669604 0.775181 0.332074 0.456890 0.565627 0.666976 0.776947 0.329596 0.455406 0.561826 0.664348 0.778712 0.327117 0.453939 0.558102 0.662384 0.780473 0.324638 0.452336 0.554379 0.659672 0.781798 0.322159 0.451108 0.550493 0.657490 0.783122 0.319680 0.450398 0.547047 0.654690 0.784447 0.317201 0.450336 0.543640 0.651890 0.785771 0.314722 0.451219 0.541025 0.649370 0.787094 0.312808 0.452396 0.538382 0.646475 0.788417 0.312129 0.453629 0.536215 0.643580 0.789739 0.312785 0.455298 0.534532 0.640680 0.791062 0.314818 0.455169 0.533332 0.637683 0.792384 0.318230 0.454782 0.532260 0.634686 0.793707 0.323020 0.453659 0.531581 0.631357 0.795029 0.327809 0.452473 0.530902 0.628252 0.796352 0.332599 0.451010 0.530223 0.625146 0.797675 0.337389 0.449889 0.528970 0.621332 0.798997 0.342179 0.448339 0.527375 0.618109 0.800320 0.346968 0.446879 0.525563 0.614886 0.801642 0.351758 0.445282 0.523752 0.610519 0.802965 0.356548 0.443679 0.521940 0.607170 0.804287 0.361338 0.442031 0.520128 0.603821 0.805275 0.366128 0.440382 0.518316 0.600471 0.806263 0.370917 0.438815 0.516505 0.596905 0.807251 0.375707 0.437796 0.514611 0.594971 0.808204 0.380497 0.437328 0.512637 0.593132 0.809035 0.385287 0.436859 0.510580 0.590902 0.809683 0.390076 0.436986 0.507207 0.588918 0.810149 0.394866 0.437709 0.505081 0.586867 0.810402 0.399634 0.438549 0.502955 0.584817 0.810342 0.404380 0.439507 0.500829 0.582574 0.810281 0.409104 0.440465 0.496996 0.580606 0.810221 0.413807 0.441423 0.494795 0.579090 0.810160 0.418488 0.442381 0.492595 0.577574 0.810100 0.423147 0.443339 0.488322 0.576058 0.810039 0.427805 0.444297 0.486042 0.574542 0.809978 0.432464 0.445255 0.483761 0.573026 0.809918 0.437123 0.446212 0.481481 0.571509 0.809627 0.441782 0.447170 0.477135 0.569993 0.809154 0.446441 0.448128 0.475106 0.568477 0.808425 0.451100 0.449086 0.473674 0.566961 0.807619 0.455759 0.450044 0.472375 0.565445 0.806693 0.460417 0.451002 0.470558 0.563449 0.805726 0.465076 0.451960 0.471124 0.561863 0.804758 0.469735 0.452955 0.471690 0.560896 0.803791 0.474394 0.454438 0.472256 0.559380 0.802823 0.479053 0.455921 0.473118 0.557864 0.801856 0.483712 0.457412 0.473802 0.556348 0.800888 0.488371 
Attenuation_All
67.048397 55.609938 13.135974 84.869475 49.880503 67.118324 55.637656 13.254475 84.813982 49.982055 67.176562 55.680924 13.802028 84.691935 50.077634 67.232643 55.722589 14.453358 84.555790 50.167751 67.286685 55.762739 15.286338 84.417162 50.288440 67.338797 55.821983 16.104269 84.285618 50.407778 67.389081 55.899316 16.893502 84.160765 50.551564 67.450352 55.977761 17.655520 84.076390 50.721480 67.543637 56.057263 18.391706 84.028717 50.915565 67.658920 56.150798 19.103353 84.002120 51.121102 67.795118 56.257675 19.791667 83.995276 51.337271 67.931351 56.374714 20.457778 84.023717 51.568192 68.063259 56.491160 21.102742 84.087584 51.828993 68.191045 56.606118 21.727551 84.173029 52.148654 68.314899 56.729842 22.333136 84.255844 52.523336 68.415844 56.881430 22.920369 84.336150 52.927108 68.513776 57.032900 23.490073 84.414058 53.733513 68.622782 57.179915 24.115465 84.489675 54.144012 68.743269 57.322668 24.708289 84.563100 54.538413 68.860313 57.461343 25.275629 84.634428 54.917645 68.974060 57.596112 25.826988 84.703746 55.282566 69.084648 57.727137 26.363031 84.771138 55.633971 69.160245 57.854572 26.884388 84.836685 55.972598 69.233798 57.978563 27.391655 84.900459 56.299131 69.300439 58.099248 27.885394 84.962534 56.614207 69.365327 58.216757 28.287226 85.022974 56.918419 69.428528 58.331213 28.609971 85.081845 57.212318 69.490110 58.427202 28.924440 85.139206 57.771208 69.550132 58.504254 29.230948 85.178009 58.037131 69.608654 58.555833 29.529794 85.205425 58.294612 69.665730 58.578156 29.821260 85.221875 58.518415 69.721415 58.589140 30.101479 85.236001 58.702231 69.776076 58.589117 30.370797 85.236594 58.826163 69.837414 58.589094 30.633703 85.237174 58.941992 69.904793 58.589071 30.890423 85.237740 59.015572 69.970606 58.535057 31.141173 85.238292 59.073071 70.034906 58.472359 31.386158 85.238833 59.102331 70.097744 58.405433 31.584358 85.239360 59.184952 70.159171 58.340012 31.754095 85.239876 59.338205 70.219232 58.340012 32.037245 85.240381 59.493717 70.277973 58.213482 32.444334 85.240874 59.709443 70.335438 58.213482 32.988209 85.241357 59.976190 70.391666 58.092395 33.684678 85.241829 60.245791 70.446698 58.033784 34.366328 85.242291 60.518246 70.500572 57.976406 35.033628 85.242744 60.788888 70.553323 57.920224 35.687026 85.243187 61.059529 70.604987 57.856763 36.326952 85.243621 61.300673 70.655596 57.784259 36.953818 85.244046 61.471782 70.705183 57.704530 37.568020 85.244462 61.566513 70.753778 57.616359 38.169938 85.244870 61.622643 70.801411 57.529934 38.759937 85.245270 61.668812 70.887033 57.444146 39.516791 85.247946 61.744451 70.963153 57.358357 40.273644 85.237749 61.844195 71.039273 57.272568 41.030498 85.214478 62.136156 71.115394 57.186780 41.787352 85.174652 62.150071 71.192885 57.104571 42.544205 85.124603 62.146664 71.298164 57.031290 43.301059 85.073183 62.143256 71.403442 56.966937 44.034752 85.015623 62.139849 71.508721 56.902584 44.723103 84.955720 62.136442 71.615865 56.836150 45.366114 84.909239 62.148893 71.727631 56.769716 45.963784 84.851358 62.184276 71.839397 56.703282 46.516113 84.787790 62.219659 71.951163 56.636848 47.043694 84.724223 62.240615 72.069568 56.570414 47.571275 84.660655 62.261572 72.194612 56.503980 48.098855 84.597087 62.282529 72.301234 56.437546 48.626436 84.537140 62.303486 72.490317 56.372990 49.154017 84.477192 62.324442 72.557052 56.321612 49.681598 84.416707 62.345399 72.720151 56.278604 50.209179 84.355683 62.346651 72.842327 56.235596 50.736760 84.293940 62.343219 73.029510 56.192589 51.264340 84.231476 62.313813 73.158198 56.149931 51.791921 84.167233 62.257930 73.314525 56.138923 52.319502 84.101182 62.185571 73.449214 56.127915 52.847083 84.048556 62.105913 73.552854 56.116907 53.374664 83.990828 62.055809 73.568372 56.105900 53.902245 83.908253 62.029039 73.680934 56.095029 54.429826 83.768721 61.990563 73.801336 56.084157 54.957406 83.603791 61.922731 73.932175 56.073286 55.484987 83.413835 61.813058 74.063015 56.068869 56.012568 83.176655 61.670821 74.211978 56.070906 56.561243 82.890045 61.529974 74.370201 56.111784 57.171039 82.545328 61.376049 74.526992 56.200119 57.841956 82.135407 61.222764 74.658911 56.315586 58.573993 81.724403 61.069478 74.767915 56.458186 59.306031 81.312317 60.929981 74.862273 56.626170 60.038068 80.864446 60.809669 74.946084 56.819540 60.770105 80.380789 60.697080 75.019965 57.026481 61.502142 79.885402 60.608017 75.087496 57.243579 62.234180 79.390015 60.549281 75.148917 57.460676 62.966217 78.894628 60.526213 75.210338 57.688491 63.698254 78.399241 60.543154 75.281637 57.945672 64.430292 77.912561 60.594911 75.356275 58.219385 65.162329 77.425882 60.161148 75.427632 58.505836 65.894366 76.939203 60.338726 75.498044 58.796283 66.626403 76.452523 60.552950 75.567516 59.090480 67.358441 75.965844 60.793214 75.626897 59.388246 68.090478 75.479165 61.067843 75.674627 59.689970 68.835579 74.972307 61.399665 75.722357 59.995442 69.592453 74.443967 61.736170 75.770086 60.301733 70.359992 73.862978 61.686737 75.817816 60.608841 71.144756 73.220592 62.146446 75.865546 60.920899 71.946614 72.498194 62.607285 75.914765 61.200204 72.578398 71.796203 62.740179 75.968734 61.453247 72.982688 71.140785 63.254822 76.022702 61.720086 73.320652 70.504903 63.521547 76.076671 61.998691 73.546800 69.873070 64.035314 76.130639 62.273650 73.764797 69.240053 64.496927 76.184608 62.540045 73.982793 68.605866 64.882632 76.231271 62.801071 74.200790 67.950906 65.222669 76.258019 63.059926 74.418787 67.276177 65.656226 76.269853 63.308871 74.636783 66.589872 66.123610 76.280167 63.547905 74.854780 65.905000 66.523308 76.287764 63.767470 75.072776 65.206792 67.052180 76.295360 63.985086 75.290773 64.485924 67.570798 76.302957 64.196761 75.508769 63.750118 68.076271 76.310553 64.376045 75.726766 63.014313 68.568218 76.330667 64.513856 75.944763 62.278507 69.079854 76.342469 64.649991 76.162759 61.542702 69.591489 76.335932 64.787554 76.331981 60.809427 70.103125 76.319367 64.925117 76.511069 60.124349 70.717017 76.339947 65.062680 76.696079 59.482217 71.268672 76.372221 65.200244 76.881090 58.878519 71.820328 76.404495 65.337807 77.066101 58.330385 72.357880 76.483363 65.468129 77.251112 57.782252 72.880226 76.562232 65.586314 77.436122 57.224828 73.658367 76.643404 65.712575 77.621133 56.629337 74.195568 76.723016 65.840507 77.865525 56.033847 74.733604 76.802575 65.968439 78.162253 55.438356 75.255680 76.855637 66.108367 78.458982 54.842866 75.772743 76.892881 66.271597 78.755711 54.218035 76.671347 76.930125 66.441716 79.052439 53.601455 77.083718 76.967369 66.634705 79.349168 52.993126 77.483129 77.004613 66.831150 79.649257 52.386360 77.879326 77.041595 67.038389 79.952755 51.818326 78.190751 77.071942 67.240017 80.256253 51.334813 78.419255 77.095990 67.436619 80.559751 50.911655 78.129614 77.120037 67.675315 80.863249 50.523225 78.283322 77.144085 67.919361 81.166746 50.157477 78.365330 77.166896 68.165131 81.506156 49.819586 78.378362 77.189707 68.405739 81.866723 49.481695 78.367494 77.191687 68.638626 82.122868 49.161306 78.297369 77.172837 68.871409 82.261737 48.857198 78.225698 77.141302 69.104086 82.267949 48.553090 78.101290 77.111512 69.334341 82.122883 48.248981 77.932272 77.081721 69.562121 81.977817 47.944873 77.717668 77.051931 69.788898 81.832752 47.640764 77.453737 77.037680 70.009369 81.687686 47.336656 77.134474 77.024793 70.228127 81.542620 47.032548 76.767060 77.031515 70.451206 81.397554 46.728439 76.215737 77.057845 70.677038 81.252488 46.419496 75.615293 77.088010 70.912806 81.107423 46.094201 75.014849 77.144361 71.142766 80.962357 45.767304 74.414119 77.197482 71.351077 80.817291 45.440408 73.806755 77.196319 71.554212 80.672225 45.126384 73.230167 77.178493 71.755133 80.527159 44.823829 72.653578 77.154335 71.956054 80.382094 44.524479 72.065051 77.104777 72.156975 80.237028 44.204926 71.463834 76.944711 72.357896 80.106478 43.859691 70.901924 76.862724 72.558817 80.016684 43.538868 70.226772 76.755818 72.759737 79.971570 43.252621 69.538671 76.716314 72.971491 79.953528 42.967918 68.791438 76.768992 73.184421 79.967776 42.694530 67.707568 76.712339 73.398518 80.187173 42.426830 66.915911 76.650147 73.617796 80.431317 42.159130 66.089150 76.609558 73.844106 80.675462 41.891429 65.227286 76.536880 74.076886 80.919606 41.623729 64.148437 76.526795 74.315846 81.163751 41.352408 63.275657 76.566685 74.552928 81.407896 41.081087 62.412759 76.651790 74.772972 81.652040 40.810304 61.562528 76.706990 74.967816 81.896185 40.540060 60.650121 76.762191 75.145830 82.140329 40.270534 59.841944 76.817391 75.323844 82.384474 40.001730 58.918754 76.904509 75.501509 82.628618 39.227127 57.995563 76.945627 75.647523 82.872763 38.399819 56.927338 76.987917 75.788704 83.116907 37.178853 55.992726 76.997369 75.919249 83.361052 36.218899 55.092299 76.995031 76.047409 83.605197 35.975305 54.298064 77.040430 76.175433 83.414695 35.801584 53.563986 77.038013 76.303457 82.782239 35.751447 52.656028 77.035596 76.431480 81.707828 35.585224 51.711357 77.084011 76.553050 80.416238 35.603272 50.774579 77.081509 76.668165 79.124647 35.622283 49.857847 77.079008 76.744439 77.833057 35.642336 49.016920 77.130762 76.773257 76.541467 35.692223 48.218926 77.099594 76.774943 75.249877 35.984952 47.420932 77.068427 76.749495 73.958287 36.535125 46.383101 77.121734 76.698663 72.666697 37.137865 45.629932 77.081032 76.622446 71.375106 37.891887 44.988090 77.014800 76.532657 70.083516 38.481892 44.398101 77.015035 76.432712 68.791926 39.287156 43.834576 76.946206 76.332766 67.500336 39.895891 43.289555 76.877377 76.222104 66.208746 40.504626 42.786380 76.808548 76.082075 64.917156 41.123232 42.323526 76.853077 75.925514 63.625565 41.782260 41.896923 76.817061 75.756216 62.333975 42.480101 41.524543 76.704482 75.582921 61.042385 43.177942 41.132910 76.555904 75.405877 59.750795 43.924013 40.465916 76.359731 75.225264 58.459205 44.711627 40.107031 76.148010 75.040691 57.154551 45.506779 39.756849 75.903888 74.848253 55.838124 46.309270 39.415369 75.643456 74.654997 54.511032 47.107703 38.695066 75.408532 74.460924 53.166715 47.828868 38.356000 75.221901 74.261899 51.805305 48.481184 38.041816 75.018088 74.079151 50.429507 49.056586 37.260293 74.784220 73.913957 49.053710 49.541693 36.960471 74.550353 73.734966 47.677913 50.026800 36.688706 74.316485 73.544210 46.302116 50.516579 36.416940 74.082617 73.345717 44.926319 51.050520 35.579115 73.848749 73.144407 43.550521 51.584462 35.349327 73.614881 72.943118 42.174724 52.118404 35.210761 73.381014 72.738588 40.798927 52.652345 35.174909 73.149921 72.528742 39.423130 53.248518 34.719428 72.979376 72.317049 38.047333 53.846967 34.923768 72.835390 72.116471 36.671535 54.445416 35.197879 72.596904 71.915893 35.295738 55.043865 35.574603 72.487789 71.719894 33.919941 55.597599 35.575242 72.374757 71.548368 32.544144 56.015829 35.972486 72.261725 71.397656 31.168347 
Traveling_Speed_All
0.000000 0.000000 0.000000 0.000000 0.000000 0.001064 0.005690 0.000330 0.000000 0.003306 0.001641 0.011419 0.000757 0.000000 0.005872 0.002334 0.016844 0.001203 0.000000 0.008498 0.003170 0.022273 0.001545 0.000000 0.010909 0.004165 0.027755 0.002013 0.000000 0.013737 0.004872 0.032946 0.002458 0.000000 0.015976 0.005838 0.038060 0.002614 0.000000 0.017908 0.007096 0.043187 0.003078 0.000000 0.020387 0.008119 0.047812 0.003476 0.000000 0.022535 0.009180 0.052579 0.003865 0.000000 0.025157 0.010864 0.057069 0.004174 0.000000 0.027351 0.012817 0.061791 0.004563 0.000000 0.029417 0.014342 0.066258 0.004945 0.000000 0.031996 0.015967 0.070430 0.005165 0.000000 0.034765 0.017948 0.074907 0.005406 0.000000 0.038126 0.019817 0.079466 0.005676 0.000000 0.043040 0.021928 0.084387 0.005945 0.000000 0.045557 0.023878 0.089279 0.006215 0.000000 0.048075 0.026501 0.093825 0.006484 0.000000 0.049979 0.028819 0.096761 0.006754 0.000000 0.053115 0.031399 0.099639 0.007174 0.000000 0.055971 0.033923 0.102767 0.007595 0.000000 0.058110 0.036126 0.105900 0.008015 0.000000 0.059367 0.038279 0.108512 0.008436 0.000000 0.061268 0.040301 0.111276 0.008856 0.000999 0.063016 0.042280 0.113633 0.009277 0.001881 0.065166 0.044070 0.115515 0.009697 0.002547 0.068342 0.045795 0.116987 0.010118 0.003375 0.071195 0.047479 0.118256 0.010538 0.004632 0.074150 0.049292 0.120235 0.010688 0.006565 0.077012 0.051190 0.121821 0.010838 0.007435 0.079938 0.052935 0.123358 0.010988 0.008721 0.082713 0.054870 0.124533 0.011138 0.010564 0.085366 0.056666 0.125291 0.011288 0.011739 0.088368 0.058587 0.126661 0.011438 0.013232 0.090926 0.060431 0.127334 0.011588 0.015005 0.093640 0.061980 0.127511 0.011738 0.016803 0.096441 0.063548 0.127783 0.011888 0.017643 0.099734 0.065349 0.128092 0.012038 0.019028 0.102733 0.067064 0.128484 0.012188 0.020693 0.106104 0.069309 0.129113 0.012539 0.022341 0.109592 0.071529 0.129447 0.012890 0.023878 0.112076 0.073801 0.129774 0.013241 0.025399 0.114431 0.075249 0.130394 0.013593 0.027143 0.116775 0.077146 0.130879 0.013944 0.028532 0.119997 0.079090 0.131524 0.014295 0.030181 0.123012 0.081032 0.131989 0.014647 0.031610 0.125968 0.083076 0.132473 0.014998 0.033482 0.129086 0.085585 0.132901 0.015349 0.035293 0.131865 0.088621 0.134292 0.015654 0.037581 0.133319 0.092471 0.135153 0.015958 0.038525 0.136155 0.097089 0.135654 0.016263 0.040395 0.137890 0.101590 0.136485 0.016567 0.042206 0.139761 0.105134 0.137124 0.016872 0.043692 0.140630 0.107965 0.137752 0.017176 0.045076 0.141771 0.110820 0.138174 0.017481 0.046468 0.143324 0.113520 0.138742 0.017786 0.047840 0.145631 0.116116 0.139777 0.018090 0.049205 0.147897 0.119023 0.140845 0.018395 0.050688 0.150818 0.121445 0.142417 0.018699 0.051816 0.154418 0.124273 0.143829 0.019004 0.052592 0.158402 0.127719 0.145832 0.019308 0.053622 0.163259 0.130311 0.147621 0.019613 0.054877 0.167862 0.132233 0.149569 0.019917 0.056131 0.172838 0.134038 0.151929 0.020222 0.057191 0.177440 0.135955 0.153966 0.020526 0.058416 0.181810 0.138066 0.156056 0.020831 0.060029 0.185586 0.139776 0.157734 0.021136 0.061416 0.189349 0.141862 0.159392 0.021440 0.063013 0.192779 0.143592 0.161534 0.021780 0.065235 0.196159 0.146516 0.163622 0.022119 0.067250 0.199347 0.148163 0.165740 0.022459 0.069178 0.202593 0.151091 0.168141 0.022799 0.071901 0.204826 0.151589 0.170605 0.023138 0.074386 0.207059 0.152831 0.173631 0.023478 0.076830 0.208944 0.154676 0.176697 0.023818 0.079407 0.210672 0.155847 0.179902 0.024157 0.082570 0.212489 0.156991 0.183405 0.024497 0.085627 0.214075 0.157829 0.187035 0.024837 0.089206 0.215985 0.158941 0.190607 0.025176 0.092597 0.217826 0.159248 0.193673 0.025223 0.095847 0.220639 0.159799 0.197310 0.025270 0.099474 0.223850 0.160403 0.200828 0.025317 0.103145 0.227973 0.160631 0.204375 0.025364 0.106594 0.232596 0.160925 0.207732 0.025411 0.110142 0.237410 0.161348 0.210928 0.025458 0.113319 0.242415 0.162134 0.213837 0.025505 0.116515 0.247507 0.163385 0.216996 0.025552 0.119331 0.252301 0.165472 0.219705 0.025600 0.122943 0.257267 0.167803 0.222187 0.025849 0.126186 0.261365 0.170897 0.224869 0.026098 0.128903 0.265677 0.173305 0.227397 0.026348 0.131119 0.267334 0.175286 0.229839 0.026597 0.133516 0.270827 0.177145 0.232188 0.026846 0.135937 0.273926 0.178907 0.234484 0.027096 0.138022 0.276894 0.180618 0.236681 0.027345 0.140319 0.279606 0.182324 0.238907 0.027594 0.142329 0.281632 0.184097 0.241073 0.027844 0.144373 0.284285 0.185879 0.243319 0.028093 0.146379 0.285024 0.187739 0.245611 0.028342 0.148443 0.287496 0.189845 0.248956 0.028519 0.150683 0.290303 0.192376 0.252381 0.028695 0.152719 0.291328 0.194903 0.256069 0.028872 0.154944 0.294643 0.197466 0.260649 0.029048 0.157128 0.295763 0.199401 0.265351 0.029225 0.159315 0.299140 0.200596 0.270391 0.029401 0.161463 0.303834 0.202382 0.275284 0.029577 0.163683 0.308629 0.203733 0.280110 0.029754 0.166054 0.312175 0.205399 0.285070 0.029930 0.168384 0.316205 0.207251 0.289964 0.030005 0.170895 0.320339 0.209076 0.294794 0.030080 0.173692 0.323741 0.210799 0.299578 0.030154 0.176518 0.327653 0.213052 0.303915 0.030229 0.179356 0.332194 0.214705 0.308019 0.030303 0.182277 0.335123 0.216031 0.311750 0.030378 0.185168 0.337500 0.217243 0.315826 0.030453 0.188101 0.340310 0.218458 0.319778 0.030527 0.191128 0.342737 0.219960 0.323811 0.030602 0.193831 0.345164 0.221278 0.327335 0.030677 0.196708 0.346640 0.222507 0.330844 0.030751 0.199419 0.348626 0.224124 0.334134 0.030874 0.201858 0.350220 0.225421 0.337222 0.030997 0.204216 0.350981 0.226410 0.340697 0.031120 0.206448 0.352003 0.227730 0.343392 0.031243 0.208463 0.352700 0.229198 0.346368 0.031366 0.210421 0.353816 0.230546 0.349149 0.031488 0.212277 0.354556 0.231783 0.351861 0.031611 0.214024 0.356157 0.232707 0.354276 0.031734 0.215576 0.357655 0.233677 0.356770 0.031857 0.216876 0.358540 0.234787 0.358780 0.032025 0.218014 0.360532 0.236467 0.361249 0.032192 0.219087 0.362444 0.238253 0.363743 0.032360 0.220170 0.363907 0.240355 0.365958 0.032527 0.221555 0.365433 0.242311 0.367984 0.032695 0.223063 0.367098 0.244077 0.370148 0.032863 0.224733 0.370039 0.245640 0.372783 0.033030 0.226804 0.372104 0.247625 0.375630 0.033198 0.228814 0.374148 0.248295 0.378234 0.033366 0.230766 0.376618 0.248654 0.381243 0.033533 0.232823 0.378208 0.249280 0.384195 0.033701 0.234939 0.379742 0.250737 0.387299 0.033762 0.237226 0.380749 0.252258 0.389960 0.033822 0.239427 0.383762 0.253947 0.393071 0.033883 0.241468 0.386065 0.254884 0.396434 0.033944 0.243375 0.388657 0.256402 0.399824 0.034005 0.245280 0.390644 0.257555 0.403196 0.034065 0.247208 0.392740 0.258124 0.406674 0.034126 0.248816 0.394458 0.259205 0.409866 0.034187 0.250375 0.396626 0.260698 0.413311 0.034248 0.251605 0.398738 0.261015 0.416973 0.034480 0.252936 0.401342 0.263352 0.420561 0.034711 0.254209 0.403625 0.263677 0.424043 0.034943 0.255632 0.407863 0.266130 0.427345 0.035175 0.257217 0.409680 0.266891 0.430487 0.035406 0.259055 0.411252 0.267681 0.433248 0.035638 0.260864 0.412953 0.268321 0.435869 0.035870 0.262335 0.415057 0.269434 0.438486 0.036101 0.263405 0.418785 0.271416 0.441438 0.036333 0.264933 0.421491 0.272851 0.444467 0.036565 0.266434 0.423086 0.274957 0.447119 0.036797 0.268435 0.425460 0.275685 0.449445 0.036926 0.269545 0.431554 0.278015 0.451717 0.037056 0.271884 0.436928 0.278994 0.454373 0.037186 0.273520 0.442053 0.282850 0.456539 0.037316 0.275274 0.446986 0.283806 0.458428 0.037445 0.276303 0.454448 0.286920 0.460169 0.037575 0.277795 0.460826 0.287621 0.461980 0.037705 0.279665 0.466440 0.290582 0.463558 0.037835 0.280830 0.472672 0.293956 0.465377 0.037964 0.282701 0.481744 0.298010 0.467392 0.038576 0.284326 0.486796 0.302050 0.469528 0.039187 0.284683 0.491538 0.303335 0.471365 0.039799 0.284947 0.496391 0.307370 0.473113 0.040410 0.285180 0.506076 0.309019 0.474679 0.041022 0.286052 0.511421 0.312325 0.476442 0.041633 0.287758 0.515950 0.315484 0.478216 0.042245 0.288097 0.520493 0.316325 0.480020 0.042856 0.288312 0.529340 0.320280 0.481881 0.043468 0.288640 0.535311 0.325140 0.483759 0.044079 0.290396 0.540442 0.327876 0.485505 0.044691 0.290647 0.545374 0.332457 0.487274 0.045245 0.290826 0.551007 0.335611 0.489151 0.045799 0.291619 0.555451 0.336988 0.491007 0.046354 0.292148 0.559379 0.339692 0.493029 0.046908 0.295703 0.563020 0.343148 0.495164 0.047462 0.296809 0.566152 0.345326 0.497321 0.048017 0.300122 0.570457 0.351986 0.499361 0.048571 0.301905 0.574419 0.359424 0.501622 0.049125 0.306060 0.577762 0.361964 0.503767 0.049679 0.307571 0.580772 0.371332 0.506319 0.049862 0.309656 0.582969 0.381225 0.508805 0.050045 0.312549 0.585535 0.391907 0.511427 0.050228 0.314994 0.586968 0.394499 0.514119 0.050411 0.317832 0.588264 0.405698 0.516924 0.050594 0.319494 0.589235 0.416298 0.519581 0.050776 0.321159 0.590340 0.420980 0.522334 0.050959 0.322756 0.591207 0.434339 0.525306 0.051142 0.324090 0.592940 0.447853 0.528138 0.051325 0.325423 0.594082 0.460529 0.531241 0.051508 0.326375 0.595486 0.472810 0.534015 0.051690 0.328570 0.596182 0.478431 0.536580 0.052020 0.329630 0.597585 0.491330 0.539065 0.052351 0.330806 0.599651 0.504610 0.541793 0.052681 0.332151 0.600850 0.517034 0.544125 0.053011 0.333518 0.602377 0.531152 0.546616 0.053341 0.334749 0.603769 0.544336 0.548700 0.053671 0.335972 0.605354 0.556400 0.551071 0.054001 0.337241 0.607059 0.568638 0.553667 0.054332 0.337704 0.608433 0.581108 0.555899 0.054662 0.339260 0.609935 0.594289 0.557834 0.054845 0.340003 0.611339 0.605527 0.559674 0.055028 0.340552 0.612429 0.615462 0.562056 0.055212 0.341123 0.613554 0.622526 0.564122 0.055395 0.341402 0.614463 0.623450 0.566278 0.055579 0.341723 0.615842 0.624471 0.568405 0.055762 0.342718 0.616647 0.626854 0.570571 0.055945 0.343190 0.618191 0.628993 0.572281 0.056129 
Brush_Stroke_All
0.085559 0.076143 0.024830 0.048968 0.089450 0.086962 0.076842 0.024810 0.049690 0.086676 0.088200 0.076882 0.024627 0.050467 0.083005 0.090122 0.076488 0.024618 0.051566 0.081224 0.092089 0.076194 0.024581 0.051839 0.079566 0.092578 0.076275 0.024610 0.052342 0.075031 0.093418 0.076314 0.024564 0.052820 0.072754 0.093591 0.076193 0.024060 0.053073 0.070453 0.093681 0.075378 0.024048 0.052816 0.071769 0.093987 0.075031 0.024001 0.053003 0.072443 0.094602 0.074611 0.023968 0.052925 0.074676 0.095316 0.074940 0.023847 0.052701 0.075803 0.095475 0.074412 0.023784 0.052685 0.075563 0.095010 0.074603 0.023417 0.052802 0.075659 0.094674 0.074403 0.023353 0.052755 0.076373 0.094864 0.073817 0.022769 0.053013 0.078706 0.094267 0.073497 0.022781 0.052723 0.079841 0.095143 0.072308 0.022794 0.052503 0.080998 0.094715 0.070882 0.022806 0.052498 0.082263 0.096399 0.067480 0.022818 0.051834 0.084186 0.096021 0.066443 0.020858 0.051570 0.084543 0.095914 0.066236 0.020857 0.051281 0.084643 0.096731 0.065877 0.020856 0.050707 0.086931 0.096972 0.065892 0.020855 0.050479 0.087936 0.097495 0.065959 0.020854 0.050011 0.088704 0.098525 0.065677 0.020853 0.049034 0.089782 0.098679 0.065379 0.020852 0.047786 0.091318 0.098631 0.065050 0.020851 0.047404 0.090782 0.098792 0.064396 0.020850 0.045748 0.091700 0.099144 0.064713 0.020849 0.044600 0.090938 0.099460 0.064608 0.021341 0.043242 0.090105 0.099155 0.064233 0.021341 0.042331 0.090301 0.098686 0.064158 0.021341 0.042246 0.087628 0.098513 0.064304 0.021341 0.041407 0.085793 0.098044 0.063352 0.021341 0.041107 0.085314 0.097626 0.063181 0.021341 0.041168 0.085127 0.097356 0.062125 0.021341 0.041370 0.085020 0.097900 0.061414 0.021341 0.041420 0.084675 0.098620 0.060799 0.021341 0.042011 0.084801 0.099010 0.060338 0.021341 0.042220 0.085196 0.099308 0.059868 0.020898 0.042321 0.085683 0.100232 0.059491 0.020899 0.042355 0.085942 0.099910 0.058778 0.020900 0.042668 0.086956 0.100059 0.058555 0.020901 0.043017 0.088269 0.099938 0.058227 0.020902 0.043420 0.092310 0.100347 0.057876 0.020903 0.043623 0.093643 0.100528 0.057350 0.020904 0.044081 0.093568 0.100791 0.056864 0.020905 0.044050 0.094447 0.101806 0.056659 0.020906 0.044677 0.093547 0.102638 0.056201 0.020907 0.045299 0.093641 0.103127 0.055623 0.021249 0.044905 0.095178 0.103952 0.054567 0.021246 0.045142 0.093948 0.104289 0.053635 0.021243 0.045519 0.092030 0.105597 0.053334 0.021240 0.047073 0.090411 0.106009 0.052810 0.021237 0.047960 0.089695 0.106598 0.052019 0.021234 0.049166 0.089061 0.107247 0.051248 0.021231 0.050602 0.088973 0.107059 0.051129 0.021227 0.050164 0.089048 0.106627 0.051007 0.021224 0.050521 0.092311 0.105074 0.050541 0.021221 0.050389 0.092903 0.104273 0.049864 0.021218 0.050359 0.093269 0.103644 0.049363 0.021215 0.050309 0.093860 0.102903 0.049937 0.021212 0.049808 0.092861 0.102973 0.049787 0.021209 0.049765 0.093306 0.101419 0.049406 0.021206 0.049699 0.095420 0.101406 0.049109 0.021203 0.049966 0.096323 0.100609 0.047525 0.021200 0.049556 0.096965 0.099271 0.047284 0.021197 0.049560 0.098593 0.097259 0.046086 0.021194 0.049211 0.098208 0.096444 0.045825 0.021191 0.049531 0.097223 0.094890 0.046141 0.021299 0.049495 0.097544 0.095037 0.046702 0.021309 0.049563 0.098074 0.093856 0.046702 0.021320 0.049755 0.099252 0.093482 0.047184 0.021330 0.049944 0.099909 0.092568 0.046860 0.021340 0.050258 0.101676 0.091948 0.047218 0.021351 0.050532 0.104634 0.091642 0.047459 0.021361 0.050608 0.106503 0.091495 0.047962 0.021371 0.050654 0.108263 0.091608 0.048097 0.021382 0.050543 0.109211 0.091687 0.048590 0.021392 0.050567 0.109536 0.092406 0.048323 0.021056 0.050152 0.109306 0.093089 0.048708 0.021066 0.050190 0.109961 0.093577 0.049020 0.021075 0.050059 0.109555 0.095572 0.048953 0.021084 0.049899 0.107656 0.097003 0.049129 0.021093 0.049896 0.106903 0.097798 0.048397 0.021102 0.049045 0.105456 0.099011 0.048477 0.021112 0.048871 0.103199 0.101238 0.048705 0.021121 0.048402 0.100750 0.103549 0.049122 0.021130 0.048209 0.096560 0.105681 0.049430 0.021139 0.048193 0.091435 0.106359 0.049416 0.022221 0.047511 0.090512 0.108167 0.049908 0.022212 0.047557 0.088595 0.108420 0.050734 0.022202 0.047603 0.086223 0.108801 0.051325 0.022192 0.047815 0.085814 0.108784 0.051572 0.022183 0.046661 0.085338 0.109650 0.052337 0.022173 0.046793 0.083749 0.109781 0.053799 0.022163 0.046669 0.082924 0.109858 0.055399 0.022153 0.045655 0.080834 0.110258 0.056980 0.022144 0.045563 0.079037 0.110859 0.057301 0.022134 0.045189 0.079162 0.111197 0.057527 0.021828 0.045278 0.078143 0.111460 0.058082 0.021823 0.044857 0.078625 0.111790 0.058407 0.021818 0.045205 0.077810 0.112248 0.059129 0.021812 0.044730 0.076021 0.111890 0.060018 0.021807 0.044794 0.075128 0.112289 0.060446 0.021802 0.044482 0.074057 0.111675 0.061396 0.021797 0.044607 0.072390 0.110429 0.062974 0.021791 0.044429 0.071772 0.109580 0.063356 0.021786 0.044660 0.071809 0.107967 0.063395 0.021781 0.044162 0.071055 0.106467 0.063463 0.021919 0.043998 0.069802 0.105712 0.063628 0.021910 0.043707 0.070079 0.104782 0.062856 0.021900 0.043497 0.070067 0.105045 0.062737 0.021891 0.043294 0.068990 0.105112 0.062332 0.021881 0.043102 0.068967 0.104804 0.061793 0.021872 0.042817 0.068156 0.104793 0.061811 0.021862 0.042466 0.067963 0.104534 0.061497 0.021853 0.042019 0.067665 0.104353 0.061252 0.021843 0.041791 0.067702 0.105033 0.061130 0.021834 0.041673 0.067960 0.105700 0.060295 0.021530 0.041528 0.066619 0.106578 0.060047 0.021507 0.040842 0.067109 0.105826 0.059521 0.021485 0.040515 0.066780 0.106670 0.059653 0.021462 0.039877 0.067279 0.107235 0.059475 0.021439 0.039198 0.067516 0.108211 0.058971 0.021417 0.039127 0.066791 0.107683 0.058888 0.021394 0.038867 0.066260 0.107857 0.058690 0.021372 0.038516 0.066999 0.107799 0.058352 0.021349 0.038332 0.066719 0.107829 0.058179 0.021327 0.038073 0.066536 0.107710 0.057996 0.021751 0.037936 0.067538 0.109003 0.057471 0.021737 0.037558 0.066209 0.109718 0.057475 0.021724 0.037538 0.065976 0.109566 0.057171 0.021710 0.037271 0.065981 0.109243 0.056701 0.021697 0.037195 0.067920 0.108891 0.056423 0.021684 0.037326 0.070008 0.107785 0.057061 0.021670 0.037069 0.070404 0.104936 0.056546 0.021657 0.036957 0.071433 0.102542 0.056261 0.021644 0.036848 0.072795 0.101511 0.055944 0.021630 0.037565 0.073221 0.100774 0.055976 0.021520 0.037779 0.073839 0.099862 0.055904 0.021526 0.038590 0.074148 0.098296 0.055736 0.021531 0.039251 0.074061 0.097590 0.056125 0.021536 0.040369 0.075367 0.097191 0.056219 0.021541 0.040805 0.075298 0.096104 0.056794 0.021546 0.041547 0.073781 0.095103 0.056495 0.021551 0.041912 0.073897 0.094326 0.055909 0.021556 0.042448 0.072650 0.094139 0.055589 0.021561 0.042382 0.072826 0.094536 0.055607 0.021566 0.042388 0.073704 0.095020 0.056151 0.021629 0.042343 0.074654 0.096713 0.055670 0.021643 0.042280 0.078020 0.097758 0.055168 0.021658 0.042312 0.081730 0.098219 0.053609 0.021672 0.042295 0.082479 0.098354 0.053042 0.021687 0.042430 0.084339 0.098880 0.053005 0.021701 0.042408 0.085314 0.098800 0.053382 0.021716 0.042415 0.087149 0.097846 0.054455 0.021730 0.042948 0.087787 0.097600 0.055576 0.021745 0.043270 0.088647 0.096275 0.055453 0.021759 0.043512 0.088489 0.095864 0.055041 0.021287 0.043642 0.089042 0.095573 0.054986 0.021305 0.043797 0.089172 0.098751 0.054293 0.021323 0.043875 0.090026 0.103569 0.053958 0.021342 0.043763 0.090140 0.108143 0.053434 0.021360 0.043575 0.090311 0.111966 0.052947 0.021378 0.043269 0.091063 0.115413 0.052146 0.021397 0.043163 0.090950 0.120122 0.052063 0.021415 0.043201 0.090021 0.122039 0.051494 0.021434 0.043072 0.089476 0.124558 0.050873 0.021452 0.042833 0.088824 0.125581 0.050653 0.022479 0.043163 0.090125 0.126486 0.051091 0.022523 0.043758 0.088937 0.127747 0.051340 0.022568 0.044085 0.087879 0.128353 0.051812 0.022613 0.044490 0.088008 0.129422 0.052457 0.022658 0.045355 0.087024 0.129774 0.052777 0.022703 0.045823 0.085387 0.130852 0.053087 0.022749 0.045775 0.083594 0.130613 0.053522 0.022794 0.046214 0.081925 0.131857 0.053437 0.022840 0.046516 0.080404 0.132109 0.053391 0.022886 0.046966 0.078850 0.131550 0.053303 0.022731 0.047399 0.078564 0.131723 0.053162 0.022767 0.047891 0.078014 0.131946 0.053244 0.022803 0.048441 0.076719 0.132149 0.053215 0.022839 0.048311 0.076801 0.132029 0.052873 0.022875 0.048208 0.076023 0.131577 0.052779 0.022912 0.048732 0.075419 0.131484 0.052857 0.022948 0.048571 0.074305 0.130451 0.053021 0.022985 0.048822 0.073689 0.129571 0.052979 0.023021 0.049136 0.073185 0.127647 0.053613 0.023058 0.049023 0.073540 0.127667 0.054746 0.023222 0.049347 0.073061 0.125447 0.054311 0.023234 0.049339 0.072575 0.124745 0.054464 0.023246 0.049086 0.073939 0.124394 0.054129 0.023257 0.048792 0.072894 0.123978 0.054347 0.023269 0.048712 0.073211 0.125092 0.054264 0.023280 0.048696 0.071532 0.124498 0.054764 0.023292 0.048119 0.070646 0.123031 0.055264 0.023304 0.046992 0.069196 0.120371 0.055237 0.023315 0.046282 0.069098 0.119591 0.055489 0.023327 0.045261 0.067713 0.118472 0.055139 0.022469 0.044592 0.066471 0.116809 0.055242 0.022470 0.045095 0.066281 0.116642 0.055884 0.022471 0.046408 0.065687 0.114582 0.056420 0.022472 0.046374 0.065115 0.113267 0.056403 0.022473 0.047732 0.064832 0.112324 0.056632 0.022474 0.048506 0.065569 0.112233 0.057141 0.022476 0.049271 0.066002 0.111426 0.057297 0.022477 0.050417 0.067942 0.110780 0.058286 0.022478 0.050989 0.069343 0.110046 0.058636 0.022479 0.051590 0.071137 0.109595 0.058895 0.022827 0.051882 0.075073 0.110381 0.059532 0.022817 0.052555 0.077259 0.110066 0.059000 0.022806 0.053284 0.079783 0.106889 0.059318 0.022796 0.054112 0.080537 0.102853 0.059179 0.022786 0.054816 0.083096 0.099382 0.059429 0.022776 0.055549 0.086801 0.097652 0.059348 0.022765 0.056305 0.089657 0.094657 0.058507 0.022755 
Activity_Index_All
0.000000 0.000000 0.000000 0.000000 0.000000 37.234741 36.929745 9.730388 0.000000 93.899032 43.054411 37.246772 9.655783 0.000000 89.595776 42.499971 37.360177 9.655016 0.000000 87.341235 42.157013 40.347729 9.645944 0.000000 85.221276 41.302266 43.162470 9.663368 0.000000 80.048943 40.746999 45.678565 9.653913 0.000000 77.318809 40.018615 47.877827 9.472247 0.000000 74.593563 40.259724 50.365379 9.486018 0.000000 75.470909 40.568005 53.199352 9.503589 0.000000 75.652947 40.982367 56.027200 9.542252 0.000000 77.471571 41.423153 59.484196 9.555326 0.000000 78.176070 41.618653 62.299405 9.597482 0.000000 77.539198 41.544226 65.704657 9.519208 0.000000 77.307899 39.975460 68.705414 9.566513 0.000000 77.760229 38.620179 71.122343 9.400984 0.000000 79.887243 36.932496 73.539627 9.478910 0.000000 80.822010 32.533368 74.829642 9.552547 0.000000 81.837693 27.608648 75.597877 9.616884 0.000000 83.046072 27.989532 73.932522 9.668326 0.000000 84.990882 27.699605 72.573274 8.870071 0.000000 85.431088 32.419099 71.957642 8.895542 0.000000 85.671405 37.509705 71.015665 8.914272 0.000000 88.175016 42.460211 70.316797 8.918510 0.000000 89.410991 47.602027 69.544635 8.905055 0.000000 90.438395 53.125010 68.268296 8.866790 16.228307 91.788027 58.303139 66.841703 8.809977 16.431053 93.599015 60.031470 65.263341 8.745799 16.742022 93.264931 61.909855 63.277482 8.682799 16.793847 94.388163 63.940767 62.207824 8.621238 16.928605 93.757604 65.985531 60.751179 8.758433 17.061122 93.044721 67.639329 59.208344 8.685497 17.124924 93.381926 69.194888 58.137450 8.606840 17.030686 90.732422 71.000300 57.436125 8.524958 19.175976 88.925069 72.654105 55.923814 8.442841 21.258313 88.497700 72.295180 55.272687 8.363865 23.295405 88.344232 72.110221 54.025417 8.286972 25.431149 88.250198 67.485324 53.254471 8.209527 27.637866 87.908808 62.877241 52.726829 8.129058 29.761261 88.075189 57.952051 52.482073 8.047582 32.063770 88.566109 52.892545 52.353878 7.803573 34.031891 89.204332 48.050937 52.430555 7.738533 36.018642 89.658842 42.523694 52.336017 7.685700 38.138324 90.935081 40.598110 52.801541 7.641241 39.745644 92.552717 38.544574 53.275034 7.597798 41.615357 97.070528 36.661761 53.786601 7.551553 43.436021 98.760232 34.650849 54.137115 7.502523 43.598373 98.946594 32.629687 54.482687 7.453768 44.036936 100.133547 30.797565 55.030234 7.408250 44.246978 99.437703 28.841336 55.256134 7.368279 42.045215 102.311129 26.746661 55.276801 7.454642 39.642663 106.775867 26.958285 54.728972 7.425435 37.971910 108.089693 27.057571 54.192846 7.402133 35.316725 108.462533 27.432232 54.176124 7.384860 33.128954 109.027339 27.604647 53.826721 7.375099 30.851748 110.567592 27.854580 53.104892 7.374095 28.950592 112.118758 28.150373 52.314635 7.380701 27.631526 114.286615 28.254728 52.105015 7.391503 25.836147 116.610774 28.321444 51.810100 7.402339 24.400683 123.154223 28.115750 51.086030 7.410990 23.176088 126.190852 28.125486 50.078380 7.419699 22.023105 128.914143 28.188485 49.195406 7.432143 20.785082 131.952772 28.216101 49.353232 7.451670 20.944193 132.744728 28.457561 48.782285 7.479221 20.917457 135.605988 28.239790 47.996370 7.515676 20.843444 140.966711 30.579021 47.312720 7.561752 20.741406 142.017877 32.636870 45.421640 7.617161 20.780520 142.683185 34.439037 44.845883 7.681422 20.839582 144.808665 38.477484 43.390410 7.753895 20.924859 143.991248 42.840579 42.841209 7.833791 20.912011 142.296598 46.743747 42.829788 7.961852 21.024152 142.487509 51.397118 43.030433 8.057777 20.917938 142.947918 55.261974 42.694083 8.154972 21.151160 144.315735 59.510548 42.776953 8.250416 21.417028 144.908273 63.344914 42.106178 8.342131 21.245291 147.119563 67.296729 42.019530 8.428642 21.413704 148.725881 71.419116 41.797803 8.508435 21.678475 148.667637 75.644476 41.781669 8.579936 22.537816 148.389303 80.116636 41.432318 8.641247 24.399346 146.963792 84.632277 41.391343 8.690016 28.625150 144.694058 89.855529 40.717011 8.583714 33.237234 141.723717 93.222478 40.617759 8.603018 36.756125 139.954610 96.500748 40.488476 8.608002 40.921138 136.917097 101.466398 40.080740 8.598865 44.782642 132.151823 103.405487 39.904317 8.576216 48.790643 128.923407 104.677107 39.027619 8.540931 52.821062 124.968223 109.054215 38.849473 8.493784 56.358236 120.186053 114.653992 38.831419 8.436279 60.371894 115.314938 120.494532 39.000278 8.371380 64.331278 108.612995 126.262260 39.114216 8.301588 68.709138 101.058241 130.365967 39.002083 8.645544 72.109578 98.260646 135.924011 39.321740 8.558382 76.045108 96.403643 139.602023 39.937370 8.470265 79.376235 94.050462 143.494212 40.393118 8.382711 83.748947 93.835664 146.898625 40.589093 8.297185 85.872823 93.549193 151.542438 41.189166 8.214012 86.042406 92.042545 155.194258 42.327448 8.131510 86.367571 91.356116 158.764465 43.557309 8.047799 86.901643 89.248295 162.796700 44.756773 7.962106 87.581542 89.364125 167.142478 44.953246 7.881581 88.114030 91.563613 171.106400 45.064531 7.710977 88.226443 92.379354 174.958971 45.421956 7.670793 88.221266 94.923793 175.920386 45.594689 7.656311 87.900271 95.869775 177.060993 46.088042 7.667294 87.811559 95.546988 176.902956 46.760304 7.703018 86.988868 96.286035 177.951067 47.147450 7.762769 86.990734 96.749269 177.416045 48.027048 7.845817 86.737798 96.364580 172.168825 49.487215 7.950809 86.469826 97.329908 167.606463 50.093895 8.076626 86.507596 99.176050 161.931060 50.509993 8.222267 85.098511 98.132766 156.469328 51.024489 8.442117 85.174074 96.366380 152.085899 51.682917 8.624313 84.704742 96.677628 147.401992 51.626779 8.823786 84.705763 96.561984 144.315021 52.139107 9.039272 84.732366 94.957993 140.854646 52.433743 9.269123 83.576346 93.107809 134.178982 52.614616 9.505446 83.692005 90.228358 127.925393 53.275379 9.740731 83.804211 88.209669 121.425918 53.666741 9.967837 84.216675 86.088588 115.109060 54.135735 10.183148 82.226028 84.419889 109.794875 54.721464 10.384060 82.483354 83.019957 104.475009 54.616906 10.914459 82.150386 79.675958 99.359604 54.949859 11.572660 80.221127 78.510220 92.784148 54.916906 12.223967 79.888755 76.353283 91.252654 55.387693 12.871760 79.047166 75.113195 89.483817 55.478110 13.519060 78.989990 73.543183 88.011123 55.197647 14.158949 78.024189 72.596509 85.266780 55.275344 14.794013 78.356344 71.874808 83.056261 55.242891 15.420963 77.267884 72.538369 80.658596 55.083028 16.037042 77.118692 72.098880 78.326437 55.097021 16.639787 76.328718 71.840088 75.878134 55.114866 17.587627 76.290973 72.885898 77.132640 54.831888 18.176380 75.748754 71.439494 77.893216 55.086583 18.742161 75.923204 71.172156 77.956912 55.093481 19.279822 74.878504 71.148181 77.819992 54.985372 19.222970 74.419025 73.199423 77.595943 55.104077 19.149649 73.763612 75.409268 76.768410 56.177840 18.570144 73.354250 75.810513 74.630086 56.190446 17.965850 72.960129 76.915086 72.751502 56.505016 17.339219 72.573761 78.401335 71.781147 56.830304 16.689540 72.021335 78.897875 70.972275 57.497444 15.946780 71.356180 79.622996 70.010419 57.999774 15.281375 70.535230 80.034156 68.580563 58.307641 14.605753 70.113530 80.030901 67.736038 59.080146 13.926976 69.872011 81.540822 67.077121 59.422873 13.252157 69.584132 81.553556 63.827185 60.163679 12.587922 68.400734 79.900460 60.728122 59.877940 11.938524 67.837804 79.976626 57.867092 59.185973 11.307756 66.765200 78.548169 55.443430 58.677183 10.700103 65.615762 78.655186 53.408527 58.506858 10.119622 65.472234 79.526435 51.446641 58.796536 10.158166 65.006914 80.482353 50.115335 57.895819 10.193859 64.381007 84.047012 48.394590 56.834575 10.848725 64.033517 90.219501 46.356518 54.562667 11.523796 63.561220 93.269074 44.156595 53.198489 12.215190 63.296288 97.693096 42.129567 52.280512 12.918794 62.628569 101.233662 39.847829 51.737983 13.628213 62.560167 105.937356 37.257257 51.851896 14.336548 62.087800 106.489336 34.989934 52.334086 15.036370 61.951021 107.290832 32.416913 51.721420 15.719818 62.168892 106.842688 30.255246 50.932051 15.459613 61.760470 107.262989 30.310622 50.554496 15.541368 61.611309 107.194070 31.500359 49.676020 15.610321 61.493665 108.014369 33.247209 49.212841 15.664538 62.784594 107.974639 34.928664 48.655560 15.700720 63.278097 108.046060 36.354449 48.112052 15.716008 64.808850 108.857243 37.630304 47.321603 15.710258 66.110293 108.667856 39.288543 47.247631 15.685766 68.190366 107.524198 40.016455 46.821747 15.049699 69.114660 104.408553 40.945331 46.444278 14.393923 70.535858 101.192668 41.417287 46.531564 14.364662 71.302935 100.152119 41.904012 47.335356 13.659619 70.840088 96.286657 42.580788 48.065744 12.940402 69.359715 92.565936 48.593180 49.090890 12.210330 67.990797 92.890174 54.860714 50.047674 11.473820 66.541982 92.050199 60.892363 50.707045 10.736028 65.070507 90.536394 67.316916 51.356735 10.592501 63.749393 88.882069 73.044903 52.113727 10.438630 62.311097 87.399543 79.567844 52.326079 10.273034 60.985661 86.114763 85.489086 52.507532 10.098883 59.313964 84.821466 90.846016 52.576706 9.834721 57.568295 84.900058 96.712497 52.528352 9.657498 56.419054 84.673216 102.664510 52.648965 9.484839 54.898126 83.597245 108.644777 52.618637 9.317716 53.226071 83.967065 114.369669 52.245316 9.162256 51.431901 83.338892 119.770784 52.084688 9.024917 49.713044 82.849317 125.451379 52.061456 8.911292 47.962564 81.761888 130.156508 52.086541 8.822279 47.627321 81.194037 129.323781 51.872828 8.759029 47.261717 80.727648 121.959679 52.289011 8.722269 46.811676 81.198985 122.048579 53.164867 8.760532 46.613275 80.744387 119.996120 52.521166 8.767911 46.602261 80.279549 119.383602 52.474787 8.801760 46.428959 81.839334 119.115056 52.002668 8.861585 46.144957 80.686244 118.795576 52.127004 8.947231 46.536429 80.975153 119.951189 52.052001 9.058223 47.291901 78.992631 119.477382 52.632274 9.193585 47.853749 77.833294 118.165088 53.297159 9.350431 48.587604 76.023432 115.714906 53.514961 9.525658 49.897188 75.684013 115.102338 54.036743 9.714617 50.818042 73.945867 114.209446 53.989038 9.538211 51.174331 72.393128 112.822430 54.376861 9.714476 52.079372 72.011689 112.881501 55.257307 9.879669 52.831826 71.208745 111.092708 55.969701 10.033403 53.752489 70.442989 114.875176 56.059150 10.175013 54.642092 70.012690 118.922543 56.336674 10.304003 55.578557 70.691524 118.984633 56.839404 10.419676 56.545539 71.035432 118.277506 56.934182 10.521550 56.676804 72.988439 117.730390 57.782919 10.609147 56.779205 74.355297 117.080403 57.900336 10.682012 57.603099 76.148788 116.729057 57.814367 10.905520 57.578168 80.250622 117.684548 57.981634 10.941048 57.984002 82.502749 117.432932 56.909333 10.955510 58.400909 85.152101 114.072139 56.583721 10.946787 58.248991 85.959636 109.727483 55.808552 10.915134 58.557298 88.743587 105.909428 55.383613 10.861384 58.415308 92.794290 103.860781 54.633082 10.786454 57.918829 95.966863 100.387027 53.192329 10.691207 
usability
0.983456 1.000000 0.965074 0.994485 0.988971 
status
valid
valid
valid
valid
valid
highThr
67.000000 66.000000 70.000000 68.000000 71.000000 
lowThr
51.000000 48.000000 46.000000 49.000000 52.000000 
prevThr
25.000000 25.000000 25.000000 25.000000 25.000000 
highThrDef
67.000000 66.000000 70.000000 68.000000 71.000000 
lowThrDef
51.000000 51.000000 46.000000 49.000000 52.000000 
prevThrDef
25.000000 25.000000 25.000000 25.000000 25.000000 
manualSeparators
482

341  360

395  396  397  398  399  400
separators
1  213  214  482  491  492  545
1    2    3  545
1   21   22   81   82  161  162  201  202  261  262  341  360  441  442  501  502  545
1   22   25  545
1  338  339  387  388  395  396  397  398  399  400  408  409  422  423  493  494  497  498  503  504  541  542  545
