fields 34
worms 5
Wave_Initiation_Rate_Median
33.851640 67.460957 67.636832 18.888571 83.327624 
Wave_Initiation_Rate_Range
23.639316 53.436902 16.089632 24.717478 22.319298 
Body_Wave_Number_Median
0.831625 0.662331 0.453333 1.202822 0.600994 
Body_Wave_Number_Range
0.676485 0.369190 0.343935 0.691380 0.362006 
Asymmetry_Median
-0.045483 0.008895 -0.021716 -0.005360 -0.015178 
Asymmetry_Range
0.094279 0.144901 0.059325 0.158823 0.055423 
Reverse_Swimming
0.000000 0.717571 5.574977 6.292548 0.000000 
Curling
0.000000 2.099448 0.000000 0.000000 0.000000 
Stretch_Median
0.399100 0.565449 0.517243 0.485624 0.410092 
Stretch_Range
0.189257 0.331978 0.148379 0.201524 0.146461 
Attenuation_Median
54.544937 67.138092 63.295951 55.195298 58.254893 
Attenuation_Range
45.826995 19.697676 23.382826 36.966166 18.968148 
Traveling_Speed_Mean
4.141307 7.670541 4.628614 3.631417 12.550022 
Brush_Stroke_Median
0.100591 0.090354 0.212016 0.085080 0.195628 
Brush_Stroke_Range
0.045366 0.017232 0.041998 0.036970 0.057297 
Activity_Index_Median
100.669119 301.850733 224.817917 45.557640 204.805679 
Activity_Index_Range
87.749498 213.329019 49.011008 77.890842 65.507581 
Wave_Initiation_Rate_10
11.180722 32.057600 52.236547 9.817329 67.368774 
Body_Wave_Number_10
0.684514 0.431196 0.272113 0.878484 0.475770 
Asymmetry_10
-0.121226 -0.020502 -0.040904 -0.107403 -0.051289 
Stretch_10
0.328978 0.419421 0.436637 0.362388 0.344215 
Attenuation_10
42.006544 55.006104 47.774453 40.997470 50.125460 
Brush_Stroke_10
0.067522 0.082324 0.196900 0.066542 0.172318 
Activity_Index_10
29.831171 153.608590 201.865495 25.569246 170.792208 
usability
1.000000 0.998162 0.957721 1.000000 1.000000 
status
valid
valid
valid
valid
valid
highThr
76.000000 73.000000 73.000000 84.000000 71.000000 
lowThr
64.000000 57.000000 40.000000 47.000000 49.000000 
prevThr
25.000000 25.000000 25.000000 25.000000 25.000000 
highThrDef
76.000000 73.000000 73.000000 84.000000 71.000000 
lowThrDef
64.000000 57.000000 36.000000 47.000000 49.000000 
prevThrDef
25.000000 25.000000 25.000000 25.000000 25.000000 
manualSeparators


292  293  416  417  468  469


separators
1  481  482  545
1   35   41   42   54   55  363  364  545
1  279  280  292  293  297  298  313  314  320  321  336  337  373  374  416  417  418  468  469  474  475  488  492  493  545
1   60   64   73   75   97  100  139  145  335  339  353  354  545
1   86   87  102  103  275  276  396  400  545
