fields 34
worms 5
Wave_Initiation_Rate_Median
106.822016 76.748801 92.767563 123.313295 135.671711 
Wave_Initiation_Rate_Range
65.219780 100.373754 68.119729 66.610494 90.495538 
Body_Wave_Number_Median
0.418532 0.469532 0.305993 0.508969 0.461665 
Body_Wave_Number_Range
0.440716 0.470653 0.413110 0.301504 0.333004 
Asymmetry_Median
0.001300 -0.017471 0.011213 0.019771 0.004967 
Asymmetry_Range
0.054572 0.150712 0.065915 0.082594 0.104749 
Reverse_Swimming
0.000000 3.206578 2.429907 0.000000 0.000000 
Curling
0.000000 0.233010 0.470588 0.225564 0.000000 
Stretch_Median
0.319908 0.351659 0.348820 0.371320 0.245877 
Stretch_Range
0.206258 0.213940 0.298627 0.165249 0.179283 
Attenuation_Median
72.865013 69.893717 70.369134 68.679226 75.578168 
Attenuation_Range
17.469509 32.704624 15.190050 21.759349 16.945700 
Traveling_Speed_Mean
11.627620 6.535118 7.052613 11.154043 10.723460 
Brush_Stroke_Median
0.288806 0.046315 0.129289 0.300414 0.286584 
Brush_Stroke_Range
0.070289 0.049719 0.102488 0.061821 0.073768 
Activity_Index_Median
291.795396 226.210604 182.745255 329.224651 313.706963 
Activity_Index_Range
157.034492 332.389911 275.475954 186.040256 213.672343 
Wave_Initiation_Rate_10
67.917888 24.043629 35.935188 69.665794 62.222966 
Body_Wave_Number_10
0.209023 0.206962 0.126169 0.352119 0.342660 
Asymmetry_10
-0.012274 -0.080414 -0.016597 0.000125 -0.019826 
Stretch_10
0.244664 0.292580 0.278767 0.295035 0.190356 
Attenuation_10
63.134707 47.595164 62.541031 56.228388 65.066797 
Brush_Stroke_10
0.252410 0.035668 0.103901 0.277065 0.241981 
Activity_Index_10
189.664889 37.706241 90.780327 196.460812 145.291855 
usability
0.976103 0.946691 0.937500 0.977941 0.988971 
status
valid
valid
valid
valid
valid
highThr
68.000000 78.000000 69.000000 60.000000 62.000000 
lowThr
45.000000 27.000000 32.000000 28.000000 39.000000 
prevThr
25.000000 25.000000 25.000000 25.000000 25.000000 
highThrDef
68.000000 78.000000 69.000000 60.000000 62.000000 
lowThrDef
45.000000 27.000000 32.000000 28.000000 39.000000 
prevThrDef
25.000000 25.000000 25.000000 25.000000 25.000000 
manualSeparators





separators
1   96   98  207  208  309  310  367  369  402  403  410  416  545
1  261  262  381  382  406  407  442  444  445  446  447  450  453  454  462  463  465  466  539  544  545
1   42   43   57   59   68   69  119  120  121  122  255  256  284  285  308  309  359  361  422  423  481  489  491  493  494  498  499  500  501  502  522  523  545
1    5    6  146  147  182  183  189  190  197  198  199  222  223  308  309  355  358  382  383  545
1  539  540  541  544  545
