fields 34
worms 5
Wave_Initiation_Rate_Median
169.607391 174.929538 170.096410 88.383688 163.648249 
Wave_Initiation_Rate_Range
124.776735 119.762941 116.439396 118.002191 93.663338 
Body_Wave_Number_Median
0.397750 0.339628 0.470268 0.307861 0.424375 
Body_Wave_Number_Range
0.390509 0.445489 0.408994 0.424702 0.375228 
Asymmetry_Median
-0.004741 -0.005492 -0.004709 -0.014332 -0.002056 
Asymmetry_Range
0.095418 0.054595 0.072271 0.149809 0.034087 
Reverse_Swimming
0.163934 0.000000 1.931923 6.531646 0.000000 
Curling
1.345291 0.613497 0.917782 3.364486 0.000000 
Stretch_Median
0.300004 0.296453 0.346028 0.460543 0.347522 
Stretch_Range
0.233570 0.242065 0.185478 0.321856 0.225153 
Attenuation_Median
62.046367 64.153643 60.410074 56.449037 67.020249 
Attenuation_Range
26.472922 27.205211 31.944863 31.078591 27.715980 
Traveling_Speed_Mean
14.998268 11.325712 13.705154 1.635139 14.782679 
Brush_Stroke_Median
0.070589 0.346539 0.377358 0.058631 0.056264 
Brush_Stroke_Range
0.110244 0.099423 0.109846 0.084913 0.089004 
Activity_Index_Median
564.910502 494.439706 436.623254 405.824542 459.504974 
Activity_Index_Range
1072.791913 118.539016 356.140582 517.171550 1006.968475 
Wave_Initiation_Rate_10
67.490440 67.425470 62.316996 58.557711 77.301131 
Body_Wave_Number_10
0.231007 0.182790 0.313580 0.123653 0.282132 
Asymmetry_10
-0.026132 -0.042709 -0.061097 -0.067216 -0.021770 
Stretch_10
0.230812 0.233475 0.270713 0.290484 0.281289 
Attenuation_10
48.689378 47.715476 41.731863 39.609450 50.871898 
Brush_Stroke_10
0.056860 0.303130 0.328221 0.052683 0.050066 
Activity_Index_10
158.915928 425.589240 160.947694 273.413124 91.508444 
usability
0.819853 0.898897 0.961397 0.590074 0.847426 
status
valid
valid
valid
valid
valid
highThr
58.000000 50.000000 54.000000 59.000000 59.000000 
lowThr
14.000000 12.000000 19.000000 14.000000 8.000000 
prevThr
10.000000 10.000000 10.000000 10.000000 10.000000 
highThrDef
58.000000 50.000000 54.000000 59.000000 59.000000 
lowThrDef
14.000000 12.000000 19.000000 14.000000 8.000000 
prevThrDef
25.000000 25.000000 25.000000 25.000000 25.000000 
manualSeparators





separators
1    2    3   21   22  150  151  211  212  218  221  222  282  283  284  301  302  364  365  370  371  377  378  380  381  384  385  389  390  392  393  398  399  456  461  462  483  484  485  486  489  490  501  502  510  511  512  520  521  522  541  545
1   19   20   38   39   55   56   64   65   66   81   82  104  105  109  110  118  119  126  127  184  185  223  224  225  227  228  229  230  234  235  236  237  238  240  241  242  276  277  290  291  402  403  421  422  433  434  484  485  487  488  492  501  502  533  534  542  543  545
1   27   28   58   59   67   68   70   71  252  253  254  255  286  287  304  305  311  312  316  317  335  336  341  342  348  349  368  369  374  375  376  377  385  386  410  411  423  424  425  545
1   17   18   69   81   83   84   85   86   87  101  102  106  108  111  112  118  119  120  123  128  129  132  161  162  167  168  213  214  228  229  261  262  268  281  282  283  284  285  286  288  301  302  318  321  335  336  347  348  356  357  358  359  361  362  364  365  366  367  401  402  425  441  442  452  454  459  460  468  469  480  481  482  522  523  545
1   88   89  145  146  149  150  153  154  158  159  160  203  204  207  208  209  210  211  212  213  215  216  217  219  220  221  222  223  241  242  282  284  285  287  289  291  297  298  300  301  302  311  341  342  406  407  410  411  412  413  414  415  416  417  419  420  421  422  545
