fields 34
worms 5
Wave_Initiation_Rate_Median
33.683132 5.793211 8.532631 11.753035 45.160979 
Wave_Initiation_Rate_Range
36.441990 0.825315 7.886028 26.943979 29.236838 
Body_Wave_Number_Median
0.948965 1.745043 1.570637 1.572236 0.736153 
Body_Wave_Number_Range
0.554227 0.438802 0.552744 0.969474 0.553695 
Asymmetry_Median
0.027954 -0.056307 -0.036814 0.016026 0.037438 
Asymmetry_Range
0.231357 0.052390 0.297139 0.150204 0.130285 
Reverse_Swimming
0.000000 0.000000 0.000000 0.000000 1.370407 
Curling
1.888889 0.000000 16.183206 0.000000 0.000000 
Stretch_Median
0.594473 0.401616 0.541565 0.651184 0.506756 
Stretch_Range
0.216423 0.163882 0.256470 0.219633 0.289805 
Attenuation_Median
62.514205 78.958991 40.326633 60.824444 58.228557 
Attenuation_Range
19.626977 26.357088 62.587823 33.633200 23.697152 
Traveling_Speed_Mean
3.315203 0.495214 1.279555 2.337342 4.389959 
Brush_Stroke_Median
0.095296 0.027857 0.039551 0.052052 0.072572 
Brush_Stroke_Range
0.033914 0.003445 0.034049 0.021583 0.031004 
Activity_Index_Median
83.030111 8.001378 16.306247 24.490741 160.996867 
Activity_Index_Range
66.075432 1.600733 33.720213 86.565544 125.408313 
Wave_Initiation_Rate_10
13.946195 5.446726 6.429350 7.754379 30.199680 
Body_Wave_Number_10
0.728022 1.521120 1.284481 0.778918 0.509920 
Asymmetry_10
-0.054002 -0.081925 -0.277825 -0.078176 -0.030820 
Stretch_10
0.499823 0.337769 0.423279 0.520670 0.385226 
Attenuation_10
51.997281 58.910982 -7.197745 45.733391 44.184008 
Brush_Stroke_10
0.081600 0.026179 0.025715 0.039773 0.061424 
Activity_Index_10
37.644500 7.329967 8.946186 16.816457 97.226289 
usability
0.992647 1.000000 0.722426 0.852941 0.926471 
status
valid
valid
valid
valid
valid
highThr
66.000000 54.000000 64.000000 65.000000 64.000000 
lowThr
47.000000 41.000000 38.000000 48.000000 46.000000 
prevThr
25.000000 25.000000 25.000000 25.000000 25.000000 
highThrDef
66.000000 54.000000 64.000000 65.000000 64.000000 
lowThrDef
47.000000 41.000000 38.000000 48.000000 46.000000 
prevThrDef
25.000000 25.000000 25.000000 25.000000 25.000000 
manualSeparators
517  518

418  394


separators
1   87   88  501  517  518  519  520  545
1  103  104  545
1  394  418  421  422  545
1   41   42   81   82  449  450  545
1   41   42  522  523  545
