fields 34
worms 4
Wave_Initiation_Rate_Median
102.013797 102.344895 101.347074 101.639753 
Wave_Initiation_Rate_Range
26.313168 3.186067 51.020841 71.897201 
Body_Wave_Number_Median
0.518865 0.548622 0.527017 0.510264 
Body_Wave_Number_Range
0.197373 0.166207 0.250747 0.358931 
Asymmetry_Median
0.000835 -0.007011 0.010286 0.005921 
Asymmetry_Range
0.027426 0.019127 0.082065 0.098115 
Reverse_Swimming
0.000000 0.000000 0.000000 0.000000 
Curling
0.000000 0.000000 0.661765 1.120332 
Stretch_Median
0.338217 0.349797 0.382970 0.360995 
Stretch_Range
0.106069 0.099915 0.177915 0.149868 
Attenuation_Median
66.210726 65.761463 59.972953 66.138128 
Attenuation_Range
17.482900 17.299405 19.541411 25.119192 
Traveling_Speed_Mean
10.388215 9.227904 10.308498 8.181319 
Brush_Stroke_Median
0.250321 0.232402 0.226814 0.258328 
Brush_Stroke_Range
0.033977 0.029765 0.037290 0.233958 
Activity_Index_Median
254.903394 236.405682 250.996603 283.155863 
Activity_Index_Range
53.134865 35.757329 150.829080 249.015354 
Wave_Initiation_Rate_10
87.554932 100.307813 52.739626 47.465960 
Body_Wave_Number_10
0.425427 0.499623 0.368876 0.256130 
Asymmetry_10
-0.010201 -0.016326 -0.007649 -0.022157 
Stretch_10
0.299793 0.303272 0.319416 0.314652 
Attenuation_10
56.933296 57.260325 51.756612 51.219013 
Brush_Stroke_10
0.236044 0.220000 0.206116 0.225093 
Activity_Index_10
231.764098 217.568957 117.406200 231.544027 
usability
1.000000 1.000000 1.000000 0.886029 
status
valid
valid
valid
valid
highThr
54.000000 52.000000 51.000000 52.000000 
lowThr
37.000000 37.000000 36.000000 33.000000 
prevThr
10.000000 25.000000 25.000000 25.000000 
highThrDef
54.000000 51.000000 51.000000 52.000000 
lowThrDef
38.000000 37.000000 36.000000 33.000000 
prevThrDef
25.000000 25.000000 25.000000 25.000000 
manualSeparators




separators
1  545
1  545
1  468  469  470  545
1   61   62  246  247  260  261  545
