fields 34
worms 5
Wave_Initiation_Rate_Median
45.208453 21.404893 6.563711 6.792312 6.468840 
Wave_Initiation_Rate_Range
52.534190 21.027755 5.986773 1.825641 1.508555 
Body_Wave_Number_Median
1.483720 1.340513 1.816641 2.275596 1.903850 
Body_Wave_Number_Range
0.684023 0.844159 0.540831 0.682803 0.180531 
Asymmetry_Median
0.010864 0.015614 -0.093578 -0.091218 -0.056852 
Asymmetry_Range
0.085774 0.140601 0.201781 0.020206 0.038855 
Reverse_Swimming
0.000000 0.000000 0.000000 0.000000 0.000000 
Curling
0.000000 0.000000 0.000000 0.000000 0.000000 
Stretch_Median
0.400912 0.565514 0.487855 0.414580 0.372267 
Stretch_Range
0.209406 0.288447 0.325270 0.227023 0.198893 
Attenuation_Median
63.050472 51.482592 69.950494 84.079578 78.785806 
Attenuation_Range
30.109390 24.728720 26.662293 13.320450 16.892214 
Traveling_Speed_Mean
2.032551 2.513860 0.669252 0.302212 0.168516 
Brush_Stroke_Median
0.045839 0.068573 0.036396 0.026001 0.026520 
Brush_Stroke_Range
0.011311 0.029410 0.017284 0.001048 0.001967 
Activity_Index_Median
98.970130 48.034287 12.450005 8.848887 8.711599 
Activity_Index_Range
116.294099 51.063558 16.482016 2.629393 1.985146 
Wave_Initiation_Rate_10
9.714221 12.670884 5.929397 6.199906 5.874556 
Body_Wave_Number_10
1.072170 0.739804 1.363432 1.922536 1.786738 
Asymmetry_10
-0.024721 -0.059893 -0.167770 -0.104121 -0.080469 
Stretch_10
0.347805 0.450258 0.360271 0.320429 0.304830 
Attenuation_10
45.903913 41.417880 54.730633 75.587227 68.231249 
Brush_Stroke_10
0.041038 0.058877 0.033861 0.025456 0.025657 
Activity_Index_10
24.935238 31.010168 10.318122 8.031065 7.978370 
usability
1.000000 1.000000 0.998162 1.000000 0.966912 
status
valid
valid
valid
valid
valid
highThr
66.000000 71.000000 61.000000 50.000000 53.000000 
lowThr
47.000000 54.000000 46.000000 40.000000 39.000000 
prevThr
25.000000 25.000000 25.000000 25.000000 25.000000 
highThrDef
65.000000 71.000000 61.000000 50.000000 53.000000 
lowThrDef
49.000000 55.000000 46.000000 40.000000 39.000000 
prevThrDef
25.000000 25.000000 25.000000 25.000000 25.000000 
manualSeparators




129  130
separators
1  545
1  545
1  103  104  536  537  545
1  545
1    6    7   62   64  125  127  128  129  130  134  135  161  162  188  189  282  284  342  344  461  462  545
