fields 34
worms 6
Wave_Initiation_Rate_Median
8.183453 8.012384 10.355509 7.806256 9.927136 NaN 
Wave_Initiation_Rate_Range
4.399981 4.795279 15.997641 4.239797 10.158488 NaN 
Body_Wave_Number_Median
1.810029 1.728988 1.409678 1.766836 1.651438 NaN 
Body_Wave_Number_Range
1.179650 0.467536 1.263813 0.281148 0.573545 NaN 
Asymmetry_Median
0.033749 -0.016429 0.030144 0.033517 -0.025368 NaN 
Asymmetry_Range
0.207178 0.192903 0.299724 0.127185 0.144355 NaN 
Reverse_Swimming
0.000000 0.000000 8.207254 0.000000 1.490340 NaN 
Curling
0.000000 0.000000 0.000000 0.000000 0.000000 NaN 
Stretch_Median
0.367827 0.571551 0.547451 0.336154 0.443525 NaN 
Stretch_Range
0.169646 0.207870 0.163353 0.081445 0.103583 NaN 
Attenuation_Median
65.175840 75.063280 73.973426 78.442106 67.173681 NaN 
Attenuation_Range
35.645638 18.923361 50.539605 29.195199 37.577998 NaN 
Traveling_Speed_Mean
0.492926 0.962678 1.081420 0.768690 1.099020 NaN 
Brush_Stroke_Median
0.030790 0.043356 0.045708 0.033867 0.040134 NaN 
Brush_Stroke_Range
0.012031 0.017974 0.018994 0.012232 0.013773 NaN 
Activity_Index_Median
12.797979 17.844680 24.682198 13.874011 21.479691 NaN 
Activity_Index_Range
5.888881 13.469670 51.297470 12.899044 23.429029 NaN 
Wave_Initiation_Rate_10
6.529659 6.455330 7.801162 6.346787 7.933367 NaN 
Body_Wave_Number_10
1.309996 1.480494 0.488223 1.621203 1.280952 NaN 
Asymmetry_10
-0.087060 -0.155495 -0.168458 -0.057443 -0.106831 NaN 
Stretch_10
0.300600 0.441192 0.480726 0.298832 0.376524 NaN 
Attenuation_10
43.786392 65.008812 29.908155 54.653865 45.727505 NaN 
Brush_Stroke_10
0.028490 0.034635 0.039454 0.030118 0.034800 NaN 
Activity_Index_10
10.268740 12.761494 16.533277 9.545657 15.405630 NaN 
usability
0.992647 0.998162 0.963235 0.998162 0.998162 0.000000 
status
valid
valid
valid
valid
valid
rejected
highThr
60.000000 56.000000 62.000000 64.000000 59.000000 NaN 
lowThr
45.000000 40.000000 32.000000 49.000000 37.000000 0.000000 
prevThr
25.000000 25.000000 25.000000 25.000000 25.000000 25.000000 
highThrDef
60.000000 56.000000 62.000000 64.000000 59.000000 NaN 
lowThrDef
45.000000 40.000000 32.000000 49.000000 37.000000 0.000000 
prevThrDef
25.000000 25.000000 25.000000 25.000000 25.000000 25.000000 
manualSeparators






separators
1   70   71  341  342  465  466  467  468  545
1  401  402  545
1  501  514  515  521  545
1  241  242  545
1  396  397  545
1  545
