fields 34
worms 5
Wave_Initiation_Rate_Median
67.542526 67.170151 67.471075 NaN 14.114403 
Wave_Initiation_Rate_Range
72.761580 90.663472 79.987794 NaN 13.194823 
Body_Wave_Number_Median
0.907891 0.985382 0.752670 NaN 1.346607 
Body_Wave_Number_Range
0.619841 0.957000 0.549379 NaN 0.795398 
Asymmetry_Median
-0.040023 -0.010063 0.004681 NaN -0.090913 
Asymmetry_Range
0.212596 0.170833 0.249094 NaN 0.109007 
Reverse_Swimming
0.000000 0.000000 8.407258 NaN 0.000000 
Curling
8.023256 0.000000 6.309278 NaN 0.711462 
Stretch_Median
0.446883 0.457211 0.529414 NaN 0.511389 
Stretch_Range
0.326250 0.319370 0.318341 NaN 0.298638 
Attenuation_Median
54.945249 77.329740 71.608420 NaN 85.444962 
Attenuation_Range
18.997412 20.771423 39.305206 NaN 7.855666 
Traveling_Speed_Mean
4.934252 4.590592 4.075417 NaN 1.519642 
Brush_Stroke_Median
0.174271 0.235430 0.082239 NaN 0.042425 
Brush_Stroke_Range
0.055053 0.136884 0.043992 NaN 0.028418 
Activity_Index_Median
180.642044 150.559923 219.949058 NaN 31.744627 
Activity_Index_Range
180.702773 253.520979 272.793233 NaN 50.626815 
Wave_Initiation_Rate_10
10.354663 10.999040 16.714695 NaN 8.375198 
Body_Wave_Number_10
0.787948 0.636767 0.422293 NaN 0.896746 
Asymmetry_10
-0.238847 -0.034838 -0.125990 NaN -0.142724 
Stretch_10
0.383776 0.333546 0.369739 NaN 0.393989 
Attenuation_10
46.156786 69.655191 41.522506 NaN 80.999003 
Brush_Stroke_10
0.136231 0.160653 0.048566 NaN 0.032852 
Activity_Index_10
35.975756 19.404033 41.204004 NaN 14.287962 
usability
0.948529 0.996324 0.891544 0.996324 0.930147 
status
valid
valid
valid
rejected
valid
highThr
76.000000 71.000000 68.000000 67.000000 73.000000 
lowThr
48.000000 54.000000 45.000000 53.000000 50.000000 
prevThr
25.000000 25.000000 25.000000 25.000000 25.000000 
highThrDef
76.000000 71.000000 68.000000 67.000000 73.000000 
lowThrDef
48.000000 54.000000 45.000000 53.000000 50.000000 
prevThrDef
25.000000 25.000000 25.000000 25.000000 25.000000 
manualSeparators
170




separators
1  148  151  170  176  177  191  192  193  201  202  511  512  545
1   21   22  302  303  545
1    2    9   10   11   12  122  123  147  148  209  210  256  281  282  301  302  332  333  545
1   43   44   62   63  545
1  301  302  314  315  324  328  329  330  331  332  335  338  339  545
