fields 34
worms 5
Wave_Initiation_Rate_Median
6.909295 26.836868 33.581319 6.642114 NaN 
Wave_Initiation_Rate_Range
2.095417 18.065082 33.147698 2.202961 NaN 
Body_Wave_Number_Median
1.850189 1.404188 0.999564 1.867273 NaN 
Body_Wave_Number_Range
0.688609 0.477707 0.714809 0.210391 NaN 
Asymmetry_Median
0.128392 0.019330 -0.012487 -0.079461 NaN 
Asymmetry_Range
0.047448 0.106544 0.169440 0.027521 NaN 
Reverse_Swimming
0.000000 0.000000 4.385787 0.000000 NaN 
Curling
0.655022 0.000000 0.112360 0.000000 NaN 
Stretch_Median
0.370657 0.618742 0.573170 0.244902 NaN 
Stretch_Range
0.138354 0.124995 0.256393 0.075019 NaN 
Attenuation_Median
58.912333 52.123312 45.954343 74.851648 NaN 
Attenuation_Range
34.261753 13.093267 27.123227 36.213713 NaN 
Traveling_Speed_Mean
0.186893 3.310264 3.303930 0.417514 NaN 
Brush_Stroke_Median
0.027874 0.068276 0.110502 0.027472 NaN 
Brush_Stroke_Range
0.001768 0.028188 0.035925 0.009364 NaN 
Activity_Index_Median
9.098924 60.706302 76.599883 9.123910 NaN 
Activity_Index_Range
2.746626 47.713573 74.021674 7.072819 NaN 
Wave_Initiation_Rate_10
5.663692 15.338355 14.000010 6.130354 NaN 
Body_Wave_Number_10
1.247944 1.127541 0.761834 1.714011 NaN 
Asymmetry_10
0.105847 -0.017860 -0.087809 -0.087457 NaN 
Stretch_10
0.310410 0.587101 0.469583 0.210982 NaN 
Attenuation_10
42.143615 48.003937 34.361662 45.309435 NaN 
Brush_Stroke_10
0.027167 0.060652 0.096355 0.026313 NaN 
Activity_Index_10
7.692845 31.748277 35.467913 8.123410 NaN 
usability
0.841912 0.963235 0.981618 0.886029 0.924632 
status
valid
valid
valid
valid
rejected
highThr
50.000000 81.000000 70.000000 71.000000 60.000000 
lowThr
29.000000 40.000000 45.000000 60.000000 38.000000 
prevThr
25.000000 25.000000 25.000000 25.000000 25.000000 
highThrDef
50.000000 81.000000 70.000000 71.000000 60.000000 
lowThrDef
29.000000 40.000000 45.000000 60.000000 33.000000 
prevThrDef
25.000000 25.000000 25.000000 25.000000 25.000000 
manualSeparators
263  264

516  517


separators
1   43   44   65   66   97  121  183  184  204  205  246  247  248  263  264  270  271  276  279  280  292  293  413  427  428  444  445  463  464  496  497  531  532  534  535  537  538  545
1  361  381  545
1  398  399  516  517  521  522  525  526  545
1   81   82  401  402  461  462  467  528  545
1   40   41   48   50   73   78   80   81  121  141  144  146  158  159  243  244  245  307  310  311  312  314  319  321  344  346  521  541  545
