fields 34
worms 4
Wave_Initiation_Rate_Median
131.310713 126.678335 130.950894 134.668064 
Wave_Initiation_Rate_Range
85.889684 62.428406 65.787557 94.680221 
Body_Wave_Number_Median
0.578948 0.512121 0.552935 0.531791 
Body_Wave_Number_Range
0.531445 0.242503 0.350688 0.314876 
Asymmetry_Median
0.010947 0.009006 -0.006846 0.009268 
Asymmetry_Range
0.043487 0.063965 0.072183 0.101269 
Reverse_Swimming
0.000000 0.000000 0.000000 2.567164 
Curling
0.452830 0.000000 0.000000 0.851927 
Stretch_Median
0.355651 0.342094 0.353432 0.367819 
Stretch_Range
0.251598 0.187225 0.158672 0.219119 
Attenuation_Median
67.595474 67.903056 63.605647 60.866460 
Attenuation_Range
24.389799 19.737095 16.601759 28.807439 
Traveling_Speed_Mean
13.301671 12.691640 11.455221 12.089928 
Brush_Stroke_Median
0.276323 0.272435 0.109145 0.242346 
Brush_Stroke_Range
0.084569 0.047326 0.021808 0.152727 
Activity_Index_Median
276.605570 311.182348 667.544896 419.523582 
Activity_Index_Range
225.634241 167.211538 321.146072 413.364722 
Wave_Initiation_Rate_10
49.126618 73.051697 68.872303 56.395364 
Body_Wave_Number_10
0.263882 0.374699 0.331990 0.339576 
Asymmetry_10
-0.012339 -0.011670 -0.059484 -0.009569 
Stretch_10
0.286469 0.282036 0.291526 0.285705 
Attenuation_10
57.877158 57.569244 56.235716 44.880326 
Brush_Stroke_10
0.229526 0.252221 0.098548 0.158402 
Activity_Index_10
102.279073 174.753312 415.344740 167.281994 
usability
0.974265 1.000000 0.926471 0.906250 
status
valid
valid
valid
valid
highThr
56.000000 50.000000 53.000000 50.000000 
lowThr
24.000000 37.000000 37.000000 33.000000 
prevThr
25.000000 25.000000 25.000000 25.000000 
highThrDef
56.000000 50.000000 53.000000 50.000000 
lowThrDef
24.000000 37.000000 37.000000 33.000000 
prevThrDef
25.000000 25.000000 25.000000 25.000000 
manualSeparators




separators
1  150  151  510  512  513  514  522  533  534  545
1  355  357  499  500  545
1   41   57   58  418  419  487  488  545
1   41   42  121  122  138  144  145  277  278  490  491  493  494  545
