fields 34
worms 5
Wave_Initiation_Rate_Median
64.645120 133.972661 125.591635 67.910860 117.858197 
Wave_Initiation_Rate_Range
44.307645 69.364446 79.009640 69.968351 51.982633 
Body_Wave_Number_Median
0.761798 0.721790 0.519857 0.562138 0.535979 
Body_Wave_Number_Range
0.844597 0.854774 0.586506 0.368798 0.406651 
Asymmetry_Median
-0.006050 -0.005099 0.001334 -0.006447 -0.003659 
Asymmetry_Range
0.115733 0.048809 0.045800 0.110572 0.051427 
Reverse_Swimming
1.600736 1.324747 9.372497 4.139834 9.494020 
Curling
3.756906 0.000000 0.000000 0.000000 0.111111 
Stretch_Median
0.498143 0.322670 0.304564 0.386045 0.331387 
Stretch_Range
0.320397 0.208579 0.194377 0.333371 0.132057 
Attenuation_Median
72.972706 68.592195 68.885093 75.552765 57.813326 
Attenuation_Range
22.781580 22.191838 20.800631 17.589551 37.642559 
Traveling_Speed_Mean
3.676921 8.096037 5.875289 3.613056 8.019358 
Brush_Stroke_Median
0.115620 0.277769 0.274871 0.090693 0.256485 
Brush_Stroke_Range
0.035068 0.070067 0.227409 0.041141 0.050688 
Activity_Index_Median
143.877260 274.181428 327.625066 200.482095 260.889959 
Activity_Index_Range
116.818055 166.163687 251.342953 228.413988 125.414142 
Wave_Initiation_Rate_10
29.018503 65.809131 56.211569 19.436478 68.052837 
Body_Wave_Number_10
0.135702 0.192184 0.118019 0.305628 0.255835 
Asymmetry_10
-0.070412 -0.044091 -0.024615 -0.069322 -0.036157 
Stretch_10
0.400177 0.269029 0.241531 0.315855 0.288406 
Attenuation_10
54.640892 58.128435 57.670657 62.732177 30.358708 
Brush_Stroke_10
0.093273 0.247066 0.250118 0.061583 0.233328 
Activity_Index_10
54.575109 152.216985 291.076266 37.992509 166.773240 
usability
0.998162 0.983456 0.825368 0.996324 0.992647 
status
valid
valid
valid
valid
valid
highThr
57.000000 56.000000 59.000000 56.000000 48.000000 
lowThr
43.000000 36.000000 23.000000 42.000000 30.000000 
prevThr
25.000000 25.000000 25.000000 25.000000 25.000000 
highThrDef
57.000000 56.000000 59.000000 56.000000 48.000000 
lowThrDef
43.000000 36.000000 23.000000 42.000000 30.000000 
prevThrDef
25.000000 25.000000 25.000000 25.000000 25.000000 
manualSeparators





separators
1  440  441  545
1   77   78   85   86   87  225  226  311  313  320  322  325  326  545
1  100  102  161  162  163  171  172  173  180  181  219  220  308  309  328  329  378  381  401  402  424  425  434  435  545
1  226  227  261  262  545
1  179  180  245  246  408  409  483  484  545
