fields 34
worms 5
Wave_Initiation_Rate_Median
35.035695 6.525043 7.543939 11.038310 7.027161 
Wave_Initiation_Rate_Range
34.657755 2.227770 3.880023 11.214088 3.078860 
Body_Wave_Number_Median
1.217796 1.901163 1.768106 1.636139 1.815085 
Body_Wave_Number_Range
0.752550 0.274865 0.577521 0.557011 0.371587 
Asymmetry_Median
0.015134 -0.008843 -0.004605 0.009190 0.004879 
Asymmetry_Range
0.102024 0.176521 0.265263 0.116988 0.034802 
Reverse_Swimming
4.305428 0.000000 0.000000 13.693495 0.000000 
Curling
0.000000 2.017937 4.469274 0.000000 0.000000 
Stretch_Median
0.505270 0.477567 0.513847 0.574802 0.328836 
Stretch_Range
0.267373 0.235835 0.314285 0.221177 0.211356 
Attenuation_Median
56.331308 74.180153 70.672068 58.881133 69.977434 
Attenuation_Range
30.152483 12.696049 35.410236 25.010441 15.184911 
Traveling_Speed_Mean
4.244035 0.395215 0.732975 2.119736 0.514087 
Brush_Stroke_Median
0.065707 0.031332 0.035629 0.047726 0.026629 
Brush_Stroke_Range
0.012942 0.009777 0.011186 0.019698 0.002789 
Activity_Index_Median
113.120989 10.505867 13.748986 29.868941 9.595729 
Activity_Index_Range
122.117368 5.571445 8.076583 33.306770 4.480562 
Wave_Initiation_Rate_10
15.860392 5.851513 6.328463 8.429327 6.130663 
Body_Wave_Number_10
0.779624 1.663354 1.379051 1.268856 1.546659 
Asymmetry_10
-0.061938 -0.074913 -0.201225 -0.046357 -0.015397 
Stretch_10
0.451999 0.342115 0.404189 0.479442 0.268886 
Attenuation_10
44.504862 70.126627 46.675199 45.900549 63.152789 
Brush_Stroke_10
0.061130 0.027030 0.032205 0.039788 0.025343 
Activity_Index_10
52.307022 7.893664 10.613398 20.967037 7.936450 
usability
1.000000 0.819853 0.987132 0.955882 0.998162 
status
valid
valid
valid
valid
valid
highThr
76.000000 56.000000 56.000000 88.000000 43.000000 
lowThr
52.000000 39.000000 38.000000 32.000000 30.000000 
prevThr
25.000000 25.000000 25.000000 25.000000 25.000000 
highThrDef
71.000000 56.000000 56.000000 88.000000 43.000000 
lowThrDef
55.000000 28.000000 38.000000 32.000000 30.000000 
prevThrDef
25.000000 25.000000 25.000000 25.000000 25.000000 
manualSeparators


451  452  450  449  446
361  350   41   28

separators
1  263  264  473  474  545
1    4    5    7    8   21   22   23   24   27   31   32   42   47   62   65   82  101  102  107  142  143  146  147  155  156  165  166  184  186  223  224  243  244  247  248  251  252  385  386  425  426  481  485  486  488  489  493  497  521  522  523  545
1  446  449  450  451  452  453  545
1    9   10   12   19   20   28   41  350  361  545
1  364  365  545
