fields 34
worms 4
Wave_Initiation_Rate_Median
17.119759 27.491331 118.695084 102.132892 
Wave_Initiation_Rate_Range
55.867468 26.211194 18.349471 35.688097 
Body_Wave_Number_Median
1.013945 1.147093 0.467875 0.404631 
Body_Wave_Number_Range
0.747469 0.860604 0.352370 0.581932 
Asymmetry_Median
0.019086 -0.020927 0.009085 0.019729 
Asymmetry_Range
0.194368 0.093519 0.026425 0.022728 
Reverse_Swimming
0.000000 0.000000 0.000000 0.000000 
Curling
1.935484 0.000000 0.000000 0.000000 
Stretch_Median
0.543807 0.575123 0.323502 0.373076 
Stretch_Range
0.336467 0.200167 0.135640 0.147088 
Attenuation_Median
69.983278 51.286496 68.595155 69.845687 
Attenuation_Range
30.774594 21.381607 18.641560 17.366917 
Traveling_Speed_Mean
2.328632 2.295825 9.911908 8.039368 
Brush_Stroke_Median
0.064768 0.058554 0.306232 0.260447 
Brush_Stroke_Range
0.016391 0.027116 0.050602 0.048909 
Activity_Index_Median
121.258361 68.057400 321.482553 236.348132 
Activity_Index_Range
178.581926 100.232522 76.818270 107.655207 
Wave_Initiation_Rate_10
10.800954 8.235607 102.741842 83.340324 
Body_Wave_Number_10
0.622612 0.892022 0.243504 0.208192 
Asymmetry_10
-0.117479 -0.068682 -0.004447 0.009935 
Stretch_10
0.383268 0.487068 0.271592 0.316985 
Attenuation_10
47.621585 38.004364 58.974095 60.976503 
Brush_Stroke_10
0.055969 0.042873 0.279546 0.232791 
Activity_Index_10
33.392902 18.831442 274.330687 177.400883 
usability
0.854779 1.000000 0.998162 0.992647 
status
valid
valid
valid
valid
highThr
58.000000 50.000000 57.000000 56.000000 
lowThr
39.000000 36.000000 38.000000 36.000000 
prevThr
25.000000 25.000000 10.000000 25.000000 
highThrDef
58.000000 50.000000 57.000000 56.000000 
lowThrDef
39.000000 36.000000 38.000000 36.000000 
prevThrDef
25.000000 25.000000 25.000000 25.000000 
manualSeparators




separators
1  281  283  284  286  321  322  345  346  350  361  362  381  382  476  477  545
1  545
1  252  253  545
1   75   76  213  214  223  224  433  434  545
