fields 34
worms 5
Wave_Initiation_Rate_Median
112.216853 101.730064 85.941772 102.150378 NaN 
Wave_Initiation_Rate_Range
35.105402 34.453321 34.350332 57.578792 NaN 
Body_Wave_Number_Median
0.473662 0.461940 0.506562 0.482600 NaN 
Body_Wave_Number_Range
0.270439 0.188439 0.254288 0.325455 NaN 
Asymmetry_Median
0.001083 0.005088 -0.022621 -0.010431 NaN 
Asymmetry_Range
0.069887 0.064512 0.078313 0.093320 NaN 
Reverse_Swimming
0.000000 2.614240 0.000000 0.000000 NaN 
Curling
0.110294 0.239044 0.000000 0.375000 NaN 
Stretch_Median
0.345800 0.383383 0.389805 0.365657 NaN 
Stretch_Range
0.119408 0.121565 0.128016 0.172189 NaN 
Attenuation_Median
53.601374 63.529243 54.156739 58.627862 NaN 
Attenuation_Range
25.161060 28.704042 30.147271 24.535855 NaN 
Traveling_Speed_Mean
11.857677 9.010890 10.400850 8.271502 NaN 
Brush_Stroke_Median
0.258163 0.245261 0.217208 0.321370 NaN 
Brush_Stroke_Range
0.033445 0.059167 0.033439 0.270016 NaN 
Activity_Index_Median
293.911529 251.815553 257.995230 338.830604 NaN 
Activity_Index_Range
98.261957 90.656921 105.412484 319.461826 NaN 
Wave_Initiation_Rate_10
86.478881 68.625636 68.830642 63.798324 NaN 
Body_Wave_Number_10
0.334215 0.377976 0.382377 0.349058 NaN 
Asymmetry_10
-0.044739 -0.027695 -0.062755 -0.082768 NaN 
Stretch_10
0.288914 0.342234 0.324819 0.310827 NaN 
Attenuation_10
39.564344 46.920686 40.266002 47.577634 NaN 
Brush_Stroke_10
0.244763 0.223118 0.204992 0.267460 NaN 
Activity_Index_10
220.628517 196.647056 201.906069 174.300486 NaN 
usability
1.000000 0.922794 1.000000 0.882353 0.261029 
status
valid
valid
valid
valid
rejected
highThr
45.000000 44.000000 44.000000 43.000000 41.000000 
lowThr
23.000000 19.000000 21.000000 20.000000 23.000000 
prevThr
25.000000 25.000000 25.000000 25.000000 25.000000 
highThrDef
45.000000 44.000000 44.000000 43.000000 41.000000 
lowThrDef
23.000000 19.000000 23.000000 20.000000 23.000000 
prevThrDef
25.000000 25.000000 25.000000 25.000000 25.000000 
manualSeparators





separators
1  545
1  322  323  410  412  441  442  448  449  451  453  454  457  458  459  464  465  545
1  545
1   61   62  207  208  381  382  456  457  545
1  401  402  530  531  545
