fields 34
worms 5
Wave_Initiation_Rate_Median
134.655106 135.307797 150.644781 134.857561 127.947700 
Wave_Initiation_Rate_Range
55.294571 4.755328 55.572651 8.529291 94.570978 
Body_Wave_Number_Median
0.538281 0.484064 0.596607 0.611606 0.566808 
Body_Wave_Number_Range
0.323206 0.212639 0.238601 0.231644 0.529418 
Asymmetry_Median
0.007122 -0.011110 -0.006518 -0.010370 -0.002116 
Asymmetry_Range
0.090666 0.022981 0.035775 0.044328 0.159284 
Reverse_Swimming
2.649494 0.000000 0.000000 0.000000 0.000000 
Curling
0.000000 0.000000 0.110701 0.000000 0.344168 
Stretch_Median
0.418130 0.353338 0.368439 0.350208 0.382434 
Stretch_Range
0.208661 0.117286 0.147418 0.143772 0.245792 
Attenuation_Median
71.482925 57.365455 71.872364 74.018030 76.818433 
Attenuation_Range
21.259558 23.151251 15.340070 15.514679 33.157323 
Traveling_Speed_Mean
13.559431 7.823636 16.842641 16.933314 8.539753 
Brush_Stroke_Median
0.338682 0.370144 0.322387 0.305471 0.126616 
Brush_Stroke_Range
0.060425 0.095183 0.045451 0.039979 0.046280 
Activity_Index_Median
313.674535 398.885530 379.348036 326.695516 329.965783 
Activity_Index_Range
126.288691 105.566416 138.220802 41.373680 327.423270 
Wave_Initiation_Rate_10
95.165015 130.921339 98.030366 127.231058 40.907492 
Body_Wave_Number_10
0.384936 0.406095 0.441522 0.533133 0.235832 
Asymmetry_10
-0.014525 -0.021901 -0.030423 -0.037957 -0.094558 
Stretch_10
0.331731 0.316850 0.308023 0.299340 0.290876 
Attenuation_10
58.940715 44.037919 63.407412 66.410903 53.285455 
Brush_Stroke_10
0.314068 0.311873 0.302548 0.286291 0.103752 
Activity_Index_10
226.603910 334.166619 267.434805 306.145402 101.932320 
usability
0.998162 0.981618 0.996324 0.985294 0.961397 
status
valid
valid
valid
valid
valid
highThr
66.000000 62.000000 60.000000 61.000000 61.000000 
lowThr
44.000000 32.000000 40.000000 40.000000 36.000000 
prevThr
25.000000 10.000000 25.000000 25.000000 25.000000 
highThrDef
66.000000 62.000000 60.000000 61.000000 61.000000 
lowThrDef
44.000000 32.000000 40.000000 40.000000 36.000000 
prevThrDef
25.000000 25.000000 25.000000 25.000000 25.000000 
manualSeparators





separators
1  168  169  545
1   16   17   18  300  301  302  329  330  331  402  405  406  545
1  265  266  290  291  545
1  248  251  262  263  374  377  379  380  545
1   22   23   30   31  102  103  112  113  115  116  130  131  183  186  191  192  224  227  243  244  265  266  374  377  379  380  396  397  404  405  545
