fields 34
worms 5
Wave_Initiation_Rate_Median
83.674725 66.724496 72.102205 83.568568 101.880742 
Wave_Initiation_Rate_Range
3.879873 72.116294 42.251619 24.865172 13.683222 
Body_Wave_Number_Median
0.457516 0.628570 0.459585 0.457719 0.502278 
Body_Wave_Number_Range
0.220448 0.825217 0.328898 0.294030 0.122941 
Asymmetry_Median
-0.005948 -0.009416 0.008702 0.005628 -0.002996 
Asymmetry_Range
0.041820 0.109619 0.082197 0.071826 0.044558 
Reverse_Swimming
0.000000 11.646734 0.000000 2.343195 0.000000 
Curling
0.000000 0.447761 0.000000 0.362903 0.330882 
Stretch_Median
0.426577 0.456945 0.474604 0.412276 0.391008 
Stretch_Range
0.093766 0.224920 0.165497 0.172058 0.108648 
Attenuation_Median
64.947745 57.029929 71.510069 60.336866 59.723411 
Attenuation_Range
17.344553 46.109703 24.722646 41.790507 13.501026 
Traveling_Speed_Mean
9.064375 5.797123 7.485010 5.219544 13.765163 
Brush_Stroke_Median
0.216415 0.110370 0.166669 0.213021 0.280428 
Brush_Stroke_Range
0.047941 0.055587 0.051163 0.055058 0.032579 
Activity_Index_Median
217.818524 178.217749 181.412297 213.353028 284.468447 
Activity_Index_Range
46.176527 248.572138 121.683725 53.373260 60.033445 
Wave_Initiation_Rate_10
81.982974 13.647860 42.271608 66.637865 89.272270 
Body_Wave_Number_10
0.323954 0.358550 0.305495 0.327952 0.441914 
Asymmetry_10
-0.027739 -0.086675 -0.020798 -0.043399 -0.014061 
Stretch_10
0.398109 0.393243 0.421164 0.364281 0.354204 
Attenuation_10
55.819379 19.600562 57.999132 28.101456 52.650797 
Brush_Stroke_10
0.192848 0.082849 0.149373 0.191568 0.264956 
Activity_Index_10
193.992223 22.269878 93.585757 186.075497 242.627000 
usability
0.996324 0.985294 0.983456 0.911765 1.000000 
status
valid
valid
valid
valid
valid
highThr
56.000000 61.000000 53.000000 55.000000 56.000000 
lowThr
39.000000 29.000000 34.000000 36.000000 40.000000 
prevThr
25.000000 25.000000 25.000000 25.000000 25.000000 
highThrDef
56.000000 61.000000 53.000000 55.000000 56.000000 
lowThrDef
39.000000 29.000000 34.000000 30.000000 40.000000 
prevThrDef
25.000000 25.000000 25.000000 25.000000 25.000000 
manualSeparators

331  332  333  185  186
198  199
16  17  18  15  47  48

separators
1   80   81  151  153  293  294  424  425  542  544  545
1  185  186  327  328  331  332  333  340  341  545
1  190  192  194  198  199  418  419  524  526  542  544  545
1   15   16   17   18   21   22   34   35   42   47   48   49   51   61   75   76  103  104  127  128  131  132  133  414  416  501  521  536  537  545
1  160  161  163  301  302  446  447  464  465  545
