fields 34
worms 4
Wave_Initiation_Rate_Median
119.079829 120.651579 119.939216 127.805154 
Wave_Initiation_Rate_Range
23.634751 38.169268 41.009760 16.938687 
Body_Wave_Number_Median
0.597296 0.518739 0.412812 0.512382 
Body_Wave_Number_Range
0.332218 0.267328 0.368902 0.163067 
Asymmetry_Median
-0.005073 0.007244 -0.002041 0.006880 
Asymmetry_Range
0.024804 0.079282 0.063570 0.035059 
Reverse_Swimming
0.000000 0.000000 4.084637 0.000000 
Curling
0.000000 0.110497 1.231343 0.831409 
Stretch_Median
0.335555 0.358329 0.315520 0.324144 
Stretch_Range
0.138089 0.148454 0.148889 0.093641 
Attenuation_Median
66.433365 63.340064 58.870644 57.440910 
Attenuation_Range
17.417445 17.170484 25.634407 28.243467 
Traveling_Speed_Mean
9.851759 10.727198 9.888891 8.088425 
Brush_Stroke_Median
0.265646 0.257854 0.256520 0.089456 
Brush_Stroke_Range
0.041589 0.031467 0.054163 0.010851 
Activity_Index_Median
282.208420 282.824885 278.761841 550.087791 
Activity_Index_Range
68.998642 84.491265 129.839114 122.622033 
Wave_Initiation_Rate_10
102.990777 96.215319 86.689997 118.205426 
Body_Wave_Number_10
0.463865 0.378121 0.198024 0.428066 
Asymmetry_10
-0.018202 -0.035197 -0.021742 -0.007465 
Stretch_10
0.292981 0.305305 0.279560 0.280674 
Attenuation_10
56.535904 56.095289 44.557584 41.794000 
Brush_Stroke_10
0.240886 0.242414 0.229033 0.082367 
Activity_Index_10
249.606362 234.269492 184.975779 504.480415 
usability
0.988971 0.998162 0.985294 0.795956 
status
valid
valid
valid
valid
highThr
49.000000 48.000000 48.000000 49.000000 
lowThr
29.000000 32.000000 20.000000 25.000000 
prevThr
25.000000 25.000000 10.000000 25.000000 
highThrDef
49.000000 48.000000 48.000000 49.000000 
lowThrDef
29.000000 32.000000 20.000000 25.000000 
prevThrDef
25.000000 25.000000 25.000000 25.000000 
manualSeparators




separators
1   14   16   23   24  275  277  499  500  545
1  445  446  518  519  545
1   15   16  148  149  150  151  388  389  390  391  392  393  410  411  412  545
1   41  122  123  152  156  161  162  221  222  545
