fields 34
worms 5
Wave_Initiation_Rate_Median
50.823796 67.850714 61.900712 47.451712 NaN 
Wave_Initiation_Rate_Range
53.067018 93.189869 37.204193 94.000126 NaN 
Body_Wave_Number_Median
0.478643 0.821192 0.496312 1.406480 NaN 
Body_Wave_Number_Range
0.593443 1.131789 0.404864 2.627982 NaN 
Asymmetry_Median
-0.005420 -0.003526 0.022421 -0.006641 NaN 
Asymmetry_Range
0.130953 0.056464 0.134521 0.030581 NaN 
Reverse_Swimming
0.000000 2.562278 0.000000 4.817001 NaN 
Curling
0.111524 0.000000 1.045752 0.267261 NaN 
Stretch_Median
0.394757 0.374591 0.464370 0.383080 NaN 
Stretch_Range
0.267641 0.267818 0.167429 0.240728 NaN 
Attenuation_Median
70.726069 74.431354 64.095591 74.918767 NaN 
Attenuation_Range
18.286141 19.425521 26.579041 40.825386 NaN 
Traveling_Speed_Mean
5.468411 3.968423 5.883041 0.979832 NaN 
Brush_Stroke_Median
0.145292 0.060911 0.156599 0.080766 NaN 
Brush_Stroke_Range
0.051628 0.025163 0.105206 0.112060 NaN 
Activity_Index_Median
131.554234 159.257678 189.623576 138.063566 NaN 
Activity_Index_Range
134.304873 308.337741 210.965406 141.484217 NaN 
Wave_Initiation_Rate_10
15.299133 10.265165 30.822823 8.588839 NaN 
Body_Wave_Number_10
0.252917 0.311761 0.366150 0.232641 NaN 
Asymmetry_10
-0.077212 -0.026576 -0.040764 -0.017479 NaN 
Stretch_10
0.278207 0.276775 0.394677 0.291380 NaN 
Attenuation_10
63.123436 61.647221 53.315647 41.802514 NaN 
Brush_Stroke_10
0.113432 0.045300 0.129497 0.066858 NaN 
Activity_Index_10
41.559944 28.708934 83.160203 46.499080 NaN 
usability
0.988971 0.838235 0.843750 0.825368 
status
valid
valid
valid
valid
rejected
highThr
70.000000 60.000000 61.000000 58.000000 NaN 
lowThr
42.000000 39.000000 25.000000 7.000000 0.000000 
prevThr
25.000000 25.000000 25.000000 19.000000 25.000000 
highThrDef
70.000000 60.000000 61.000000 58.000000 NaN 
lowThrDef
42.000000 39.000000 25.000000 7.000000 0.000000 
prevThrDef
25.000000 25.000000 25.000000 25.000000 25.000000 
manualSeparators





separators
1  380  381  499  504  545
1    7    9   20   78   79   85   86   88   91   94   97   98  101  112  113  116  122  139  140  141  143  144  146  147  149  161  181  182  545
1   61   62  106  107  184  185  189  190  216  217  301  321  545
1   43   61   62  121  122  155  156  166  167  213  214  261  262  269  270  311  312  316  317  325  326  354  355  434  435  474  475  484  485  494  495  514  515  523  524  530  531  545
1  545
