fields 34
worms 5
Wave_Initiation_Rate_Median
56.564693 61.131400 83.450899 68.791273 NaN 
Wave_Initiation_Rate_Range
55.263735 20.208681 18.571901 8.521158 NaN 
Body_Wave_Number_Median
0.841641 0.766518 0.627595 0.500769 NaN 
Body_Wave_Number_Range
0.532317 0.281200 0.232013 0.378250 NaN 
Asymmetry_Median
-0.010073 -0.024763 -0.005495 0.001119 NaN 
Asymmetry_Range
0.110277 0.047873 0.038691 0.060312 NaN 
Reverse_Swimming
0.000000 0.000000 0.154839 0.000000 NaN 
Curling
0.000000 0.000000 0.000000 0.000000 NaN 
Stretch_Median
0.398836 0.504326 0.414818 0.411056 NaN 
Stretch_Range
0.214215 0.250016 0.142563 0.153407 NaN 
Attenuation_Median
67.563907 62.519876 68.930974 69.872660 NaN 
Attenuation_Range
15.050481 13.282315 17.655664 19.814800 NaN 
Traveling_Speed_Mean
5.635679 5.269748 6.226072 11.224000 NaN 
Brush_Stroke_Median
0.130486 0.142389 0.213192 0.191436 NaN 
Brush_Stroke_Range
0.052491 0.040148 0.058141 0.066117 NaN 
Activity_Index_Median
149.883731 152.162694 212.831547 197.667369 NaN 
Activity_Index_Range
129.635858 52.595591 75.465419 69.048508 NaN 
Wave_Initiation_Rate_10
12.425302 47.116688 68.201540 62.944408 NaN 
Body_Wave_Number_10
0.650653 0.600925 0.527917 0.244840 NaN 
Asymmetry_10
-0.092365 -0.056537 -0.024533 -0.026504 NaN 
Stretch_10
0.347083 0.432091 0.362643 0.329495 NaN 
Attenuation_10
59.909248 55.022258 59.801556 58.936852 NaN 
Brush_Stroke_10
0.116905 0.125445 0.194392 0.163819 NaN 
Activity_Index_10
40.824907 121.521911 166.308676 164.672307 NaN 
usability
1.000000 1.000000 0.840074 0.994485 0.343750 
status
valid
valid
valid
valid
rejected
highThr
58.000000 64.000000 69.000000 64.000000 72.000000 
lowThr
38.000000 47.000000 43.000000 40.000000 40.000000 
prevThr
25.000000 25.000000 25.000000 25.000000 25.000000 
highThrDef
57.000000 64.000000 69.000000 64.000000 72.000000 
lowThrDef
42.000000 47.000000 29.000000 40.000000 8.000000 
prevThrDef
25.000000 25.000000 25.000000 25.000000 25.000000 
manualSeparators


443  444  442
351

separators
1  545
1  545
1   81   83  365  384  385  387  388  390  391  393  394  399  402  403  421  426  430  431  442  443  444  451  452  453  454  455  458  481  545
1   84   85  259  261  350  351  352  353  475  477  545
1  129  136  142  147  157  221  235  238  240  241  243  255  257  267  268  269  270  287  288  299  307  312  313  315  316  319  336  337  353  354  359  360  361  367  368  373  384  385  390  391  397  441  442  444  545
