fields 34
worms 5
Wave_Initiation_Rate_Median
45.533074 67.740759 20.177040 48.786462 33.908138 
Wave_Initiation_Rate_Range
43.622535 45.192303 39.339650 47.798268 33.062096 
Body_Wave_Number_Median
0.281577 0.607550 0.976161 0.762788 0.162153 
Body_Wave_Number_Range
0.714451 0.536575 0.967729 0.543413 0.475062 
Asymmetry_Median
-0.053778 0.003335 0.034605 -0.008444 -0.028289 
Asymmetry_Range
0.141973 0.073143 0.152371 0.103122 0.245349 
Reverse_Swimming
6.116208 0.000000 8.500460 2.704692 0.000000 
Curling
0.000000 0.000000 0.000000 0.000000 0.000000 
Stretch_Median
0.628435 0.332516 0.473479 0.402227 0.552056 
Stretch_Range
0.266184 0.259301 0.221245 0.279207 0.155205 
Attenuation_Median
64.664623 71.083887 71.966695 64.767836 63.790290 
Attenuation_Range
41.223883 15.248711 27.635142 19.865711 22.744367 
Traveling_Speed_Mean
7.092647 6.748887 1.954452 3.420721 5.449502 
Brush_Stroke_Median
0.161425 0.199869 0.103564 0.183357 0.206917 
Brush_Stroke_Range
0.059397 0.048035 0.057726 0.084467 0.099348 
Activity_Index_Median
169.297387 198.555293 77.462301 118.094822 126.061468 
Activity_Index_Range
190.131840 140.652682 156.711717 147.547493 148.252706 
Wave_Initiation_Rate_10
23.272270 35.022618 9.671144 19.402930 28.728986 
Body_Wave_Number_10
0.067150 0.330276 0.453761 0.477442 0.049098 
Asymmetry_10
-0.110555 -0.031477 -0.056010 -0.055017 -0.145321 
Stretch_10
0.536505 0.263338 0.339673 0.302438 0.482520 
Attenuation_10
33.681426 64.761896 54.599332 56.030577 54.077262 
Brush_Stroke_10
0.141270 0.176852 0.074600 0.134834 0.172067 
Activity_Index_10
63.289024 107.154358 25.966611 51.319614 71.301576 
usability
0.974265 0.992647 0.976103 0.994485 0.987132 
status
valid
valid
valid
valid
valid
highThr
66.000000 75.000000 86.000000 74.000000 73.000000 
lowThr
40.000000 56.000000 45.000000 55.000000 41.000000 
prevThr
25.000000 25.000000 25.000000 25.000000 25.000000 
highThrDef
66.000000 75.000000 86.000000 74.000000 73.000000 
lowThrDef
40.000000 56.000000 45.000000 55.000000 41.000000 
prevThrDef
25.000000 25.000000 25.000000 25.000000 25.000000 
manualSeparators





separators
1  161  162  273  281  282  283  284  285  326  327  545
1  246  247  249  250  462  463  490  491  545
1  504  505  512  521  538  541  545
1  163  164  402  403  465  466  545
1  274  275  421  422  502  503  517  521  545
