fields 34
worms 5
Wave_Initiation_Rate_Median
160.198239 136.089600 165.829158 169.510751 171.982792 
Wave_Initiation_Rate_Range
102.407532 82.893716 121.036558 69.896490 50.054711 
Body_Wave_Number_Median
0.452778 0.376112 0.429231 0.481191 0.485355 
Body_Wave_Number_Range
0.382434 0.445496 0.493453 0.310082 0.232492 
Asymmetry_Median
0.003649 0.000716 0.007641 -0.004940 0.000812 
Asymmetry_Range
0.091760 0.048603 0.073852 0.062147 0.023771 
Reverse_Swimming
0.000000 5.919283 8.445262 0.000000 0.000000 
Curling
0.757895 0.235294 1.468927 0.711462 0.000000 
Stretch_Median
0.348613 0.328997 0.379900 0.320789 0.284574 
Stretch_Range
0.207497 0.194141 0.274314 0.188215 0.141767 
Attenuation_Median
68.620969 67.811842 69.253462 66.486684 67.654251 
Attenuation_Range
23.449935 38.681525 45.603560 24.711069 26.187378 
Traveling_Speed_Mean
10.870566 6.546993 16.768311 11.555158 15.670548 
Brush_Stroke_Median
0.052563 0.408812 0.182947 0.387326 0.404806 
Brush_Stroke_Range
0.062680 0.517571 0.182305 0.129249 0.083538 
Activity_Index_Median
394.736624 320.400952 396.866914 377.630127 430.486417 
Activity_Index_Range
513.286779 627.166622 603.202404 249.688512 97.870069 
Wave_Initiation_Rate_10
73.696810 71.747902 49.275034 103.115700 136.737836 
Body_Wave_Number_10
0.249418 0.086927 0.133848 0.316729 0.381941 
Asymmetry_10
-0.024843 -0.027317 -0.012884 -0.052321 -0.009547 
Stretch_10
0.265123 0.248011 0.303899 0.243445 0.236824 
Attenuation_10
56.230208 41.713358 31.853954 54.082474 52.420403 
Brush_Stroke_10
0.044731 0.312318 0.157834 0.349939 0.365397 
Activity_Index_10
171.768413 79.682405 188.059409 235.865965 380.109537 
usability
0.873162 0.937500 0.976103 0.930147 0.906250 
status
valid
valid
valid
valid
valid
highThr
54.000000 50.000000 54.000000 54.000000 52.000000 
lowThr
18.000000 21.000000 21.000000 23.000000 21.000000 
prevThr
10.000000 25.000000 10.000000 25.000000 10.000000 
highThrDef
54.000000 50.000000 54.000000 54.000000 52.000000 
lowThrDef
18.000000 21.000000 21.000000 23.000000 21.000000 
prevThrDef
25.000000 25.000000 25.000000 25.000000 25.000000 
manualSeparators



405

separators
1  141  142  179  180  211  212  213  256  257  278  279  408  409  412  413  417  418  444  461  545
1   34   35   65   66  102  103  176  177  184  185  230  232  233  243  244  262  263  269  270  291  292  313  314  326  327  343  344  349  350  357  358  400  401  403  404  406  407  421  422  502  503  543  545
1    4    5   33   37   38   40   42   43  254  255  337  338  357  358  508  509  545
1   70   71   86   87  174  175  203  204  206  207  212  213  254  255  323  324  335  336  337  341  342  343  348  349  353  354  358  359  373  374  394  395  397  398  405  421  422  430  431  448  449  475  476  545
1   41   72   73   78   79   81   82  150  151  166  167  353  354  358  359  449  450  473  474  545
