fields 34
worms 5
Wave_Initiation_Rate_Median
67.641104 87.827266 84.339375 66.850993 55.199789 
Wave_Initiation_Rate_Range
50.484759 40.946658 49.625237 34.248227 60.180669 
Body_Wave_Number_Median
0.489413 0.532744 0.596610 0.548443 0.414647 
Body_Wave_Number_Range
0.489613 0.295763 0.458832 0.409442 0.445663 
Asymmetry_Median
-0.018128 0.011003 -0.011914 0.013304 -0.009318 
Asymmetry_Range
0.113958 0.067875 0.078138 0.121253 0.178439 
Reverse_Swimming
12.727273 1.795167 4.139834 3.360656 15.212355 
Curling
2.727273 0.581395 1.468927 1.690141 3.733333 
Stretch_Median
0.447477 0.403343 0.397836 0.514906 0.551944 
Stretch_Range
0.226897 0.203974 0.264444 0.242763 0.322296 
Attenuation_Median
55.424445 72.149982 63.978665 64.845832 54.199657 
Attenuation_Range
33.399650 21.103455 29.560876 39.438515 62.758908 
Traveling_Speed_Mean
4.122519 7.058432 8.258665 4.225445 2.761478 
Brush_Stroke_Median
0.178895 0.056396 0.153768 0.058644 0.097046 
Brush_Stroke_Range
0.119799 0.033872 0.043254 0.017010 0.041195 
Activity_Index_Median
198.856717 226.309736 238.188150 169.829806 140.571404 
Activity_Index_Range
184.924343 274.810022 165.143160 105.633879 273.627104 
Wave_Initiation_Rate_10
32.963636 60.801161 49.845043 34.554402 25.171726 
Body_Wave_Number_10
0.145883 0.375965 0.284873 0.369003 0.173343 
Asymmetry_10
-0.086339 -0.009259 -0.066309 -0.029760 -0.137314 
Stretch_10
0.371182 0.286399 0.334662 0.411949 0.370158 
Attenuation_10
35.450694 62.907494 44.903118 38.325515 11.926524 
Brush_Stroke_10
0.160421 0.049446 0.132396 0.048802 0.069409 
Activity_Index_10
108.262652 157.276529 141.560615 99.672112 91.982250 
usability
0.889706 0.948529 0.976103 0.783088 0.827206 
status
valid
valid
valid
valid
valid
highThr
59.000000 58.000000 58.000000 57.000000 60.000000 
lowThr
38.000000 32.000000 34.000000 33.000000 38.000000 
prevThr
25.000000 25.000000 25.000000 25.000000 25.000000 
highThrDef
59.000000 58.000000 58.000000 57.000000 60.000000 
lowThrDef
38.000000 28.000000 34.000000 33.000000 38.000000 
prevThrDef
25.000000 25.000000 25.000000 25.000000 25.000000 
manualSeparators
70   71   72   73   82   83   84   85   86   87   88   90   91  242  243  246  247  248  253  254  256  257  530  531  536  537

269  270  273  274  275  282  283  285  286  287
484  485  489  490  491  492
143  144  239  240  269  270  268  374  375  376  378  379  401  402  403  404  405  406  407  408  463  464  465  477  478  479  480  481
separators
1   70   71   72   73   82   83   84   85   86   87   88   90   91  121  122  129  130  242  243  246  247  248  249  250  252  253  254  255  256  257  425  426  522  523  524  530  531  535  536  537  545
1  161  175  176  289  290  311  312  314  317  319  321  325  327  545
1  174  175  269  270  272  273  274  275  282  283  284  285  286  287  321  322  326  327  545
1   49   50  282  301  302  324  325  339  341  353  359  361  367  372  373  374  401  414  415  420  421  425  434  463  472  473  474  475  476  477  484  485  489  490  491  492  493  496  509  510  545
1   24   25   32   33  137  138  143  144  145  146  163  164  238  239  240  268  269  270  271  353  361  367  371  372  374  375  376  378  379  401  402  403  404  405  406  407  408  411  412  415  416  417  420  421  422  425  432  433  434  463  464  465  467  469  472  473  474  475  476  477  478  479  480  481  489  490  491  492  493  496  509  510  545
