fields 34
worms 5
Wave_Initiation_Rate_Median
78.347125 69.057316 69.480783 101.420727 100.566824 
Wave_Initiation_Rate_Range
14.457021 11.719306 13.059859 8.554185 15.070284 
Body_Wave_Number_Median
0.668772 0.515282 0.650571 0.666406 0.567949 
Body_Wave_Number_Range
0.137272 0.293802 0.252333 0.178036 0.167787 
Asymmetry_Median
0.024427 -0.019771 -0.000521 -0.004285 -0.000587 
Asymmetry_Range
0.028255 0.044613 0.027729 0.021649 0.024664 
Reverse_Swimming
0.000000 0.000000 0.000000 0.000000 0.000000 
Curling
0.000000 0.000000 0.000000 0.000000 0.000000 
Stretch_Median
0.430570 0.408046 0.387219 0.447202 0.430055 
Stretch_Range
0.073755 0.127173 0.143870 0.115701 0.112673 
Attenuation_Median
68.904465 61.041819 68.740626 66.465045 69.826944 
Attenuation_Range
12.606038 14.013847 12.898824 15.226636 12.796364 
Traveling_Speed_Mean
9.164525 8.047541 10.872895 13.660679 12.103902 
Brush_Stroke_Median
0.210726 0.204149 0.188073 0.256411 0.099281 
Brush_Stroke_Range
0.027526 0.042957 0.056467 0.038062 0.012716 
Activity_Index_Median
213.619177 198.940327 187.352359 283.064388 489.626038 
Activity_Index_Range
51.340372 54.479868 62.344504 51.567815 87.742214 
Wave_Initiation_Rate_10
68.905806 67.792407 68.098310 93.481578 86.266797 
Body_Wave_Number_10
0.620062 0.389538 0.547104 0.560381 0.481378 
Asymmetry_10
0.010707 -0.044796 -0.012486 -0.016594 -0.013547 
Stretch_10
0.393912 0.370554 0.316900 0.403189 0.375753 
Attenuation_10
62.575830 54.497575 61.685851 58.462692 63.331724 
Brush_Stroke_10
0.196103 0.190059 0.153185 0.239142 0.091926 
Activity_Index_10
182.298666 181.684798 151.390887 257.033174 429.099149 
usability
1.000000 1.000000 1.000000 1.000000 0.926471 
status
valid
valid
valid
valid
valid
highThr
63.000000 68.000000 67.000000 58.000000 60.000000 
lowThr
47.000000 50.000000 44.000000 42.000000 44.000000 
prevThr
25.000000 25.000000 25.000000 25.000000 25.000000 
highThrDef
63.000000 68.000000 67.000000 58.000000 60.000000 
lowThrDef
47.000000 50.000000 44.000000 42.000000 44.000000 
prevThrDef
25.000000 25.000000 25.000000 25.000000 25.000000 
manualSeparators





separators
1  290  291  545
1  150  152  183  184  545
1  219  221  354  357  545
1  148  149  354  355  381  382  545
1   41   42  545
