fields 34
worms 5
Wave_Initiation_Rate_Median
136.200341 143.253134 131.615883 73.355600 153.329753 
Wave_Initiation_Rate_Range
2.372939 133.779941 102.244423 92.861626 93.846342 
Body_Wave_Number_Median
0.588749 0.655362 0.432657 0.342692 0.527222 
Body_Wave_Number_Range
0.275981 0.506661 0.448102 0.574510 0.371099 
Asymmetry_Median
0.014628 -0.010848 -0.001822 0.006877 -0.014290 
Asymmetry_Range
0.027557 0.098105 0.062339 0.098933 0.044993 
Reverse_Swimming
2.318307 0.000000 0.000000 1.931923 0.000000 
Curling
0.000000 1.245283 0.815534 0.563910 0.652174 
Stretch_Median
0.322722 0.361295 0.329611 0.398772 0.305610 
Stretch_Range
0.160476 0.292804 0.371429 0.306872 0.139637 
Attenuation_Median
76.045179 76.178551 71.650494 67.892708 74.185653 
Attenuation_Range
19.745822 22.604250 27.049162 21.938887 16.150589 
Traveling_Speed_Mean
11.650897 9.240266 5.013622 9.466987 12.699771 
Brush_Stroke_Median
0.322700 0.072401 0.087276 0.248715 0.114345 
Brush_Stroke_Range
0.108071 0.045412 0.037669 0.088204 0.022478 
Activity_Index_Median
351.324779 344.524924 113.764352 215.803895 912.273109 
Activity_Index_Range
61.824624 496.376036 333.314858 273.743367 474.994078 
Wave_Initiation_Rate_10
134.983100 34.392277 33.994902 33.967526 75.069070 
Body_Wave_Number_10
0.433304 0.329593 0.188805 0.082595 0.320493 
Asymmetry_10
0.005329 -0.089384 -0.030723 -0.021941 -0.047082 
Stretch_10
0.275578 0.281942 0.247661 0.274828 0.256308 
Attenuation_10
64.080955 63.033307 57.733512 55.539574 65.121898 
Brush_Stroke_10
0.296583 0.050352 0.071879 0.207233 0.098602 
Activity_Index_10
318.708073 97.478100 70.846493 94.482339 502.503296 
usability
0.968750 0.974265 0.946691 0.977941 0.676471 
status
valid
valid
valid
valid
valid
highThr
63.000000 66.000000 62.000000 69.000000 67.000000 
lowThr
41.000000 37.000000 42.000000 43.000000 27.000000 
prevThr
25.000000 25.000000 25.000000 25.000000 10.000000 
highThrDef
63.000000 66.000000 62.000000 69.000000 67.000000 
lowThrDef
41.000000 37.000000 42.000000 43.000000 27.000000 
prevThrDef
25.000000 25.000000 25.000000 25.000000 25.000000 
manualSeparators





separators
1   29   30   35   36   87   88  104  105  134  135  142  143  241  242  272  273  280  281  287  289  290  333  334  440  441  462  463  517  518  540  541  545
1   46   47   52   53  101  103  214  215  266  267  282  283  292  293  294  295  301  302  314  315  350  351  384  385  447  448  545
1    3    4    9   10   30   31   43   44   75   76  100  102  108  109  151  152  165  166  173  174  184  185  199  200  228  229  348  349  359  360  392  393  422  423  425  427  442  443  458  459  495  496  499  500  506  507  522  523  539  542  545
1    6    7   12   14   88   89  142  143  283  284  287  292  304  305  545
1  161  162  197  198  222  235  236  545
