fields 34
worms 4
Wave_Initiation_Rate_Median
126.907973 101.732437 NaN 103.920423 
Wave_Initiation_Rate_Range
59.888621 98.688293 NaN 74.503325 
Body_Wave_Number_Median
0.544177 0.568374 NaN 0.325971 
Body_Wave_Number_Range
0.516350 0.477348 NaN 0.416554 
Asymmetry_Median
-0.006689 0.018630 NaN 0.001456 
Asymmetry_Range
0.072820 0.151806 NaN 0.169400 
Reverse_Swimming
0.275989 0.000000 NaN 1.671827 
Curling
0.787992 0.338983 NaN 2.121807 
Stretch_Median
0.384298 0.393745 NaN 0.449707 
Stretch_Range
0.193822 0.265381 NaN 0.262259 
Attenuation_Median
61.600834 70.868013 NaN 67.766147 
Attenuation_Range
27.278933 24.159784 NaN 24.867869 
Traveling_Speed_Mean
16.405536 10.213604 NaN 16.913536 
Brush_Stroke_Median
0.370863 0.118964 NaN 0.390570 
Brush_Stroke_Range
0.232262 0.056934 NaN 0.209577 
Activity_Index_Median
382.048441 301.101438 NaN 372.183874 
Activity_Index_Range
325.255737 295.994972 NaN 309.182627 
Wave_Initiation_Rate_10
75.539953 34.614230 NaN 61.706393 
Body_Wave_Number_10
0.220213 0.210646 NaN 0.124267 
Asymmetry_10
-0.058875 -0.049396 NaN -0.071432 
Stretch_10
0.304683 0.320988 NaN 0.319132 
Attenuation_10
45.962548 57.129887 NaN 49.866496 
Brush_Stroke_10
0.315974 0.092218 NaN 0.302345 
Activity_Index_10
218.743827 81.279431 NaN 167.814060 
usability
0.979779 0.976103 0.755515 0.935662 
status
valid
valid
rejected
valid
highThr
63.000000 71.000000 98.000000 68.000000 
lowThr
38.000000 44.000000 22.000000 35.000000 
prevThr
10.000000 25.000000 25.000000 10.000000 
highThrDef
63.000000 71.000000 98.000000 68.000000 
lowThrDef
38.000000 44.000000 22.000000 35.000000 
prevThrDef
25.000000 25.000000 25.000000 25.000000 
manualSeparators



324
separators
1   39   40  131  132  179  180  202  204  221  222  262  263  298  299  397  399  531  532  545
1   81   83  140  146  180  181  196  197  202  203  247  248  431  432  545
1  355  356  357  358  374  375  386  387  389  390  391  392  395  396  398  399  402  403  421  423  545
1   18   19   33   34   57   59  171  172  312  313  324  329  330  397  398  412  413  444  445  461  462  474  475  504  505  506  545
