fields 34
worms 5
Wave_Initiation_Rate_Median
6.869692 8.269711 8.879387 8.906782 7.664297 
Wave_Initiation_Rate_Range
1.348025 3.339769 5.161770 5.192079 4.640932 
Body_Wave_Number_Median
1.877742 1.746800 1.752822 1.650363 1.855592 
Body_Wave_Number_Range
0.147553 0.203197 0.868012 0.779038 0.383608 
Asymmetry_Median
-0.007926 -0.018453 -0.093239 0.015213 0.010039 
Asymmetry_Range
0.017857 0.020322 0.132275 0.080960 0.068540 
Reverse_Swimming
0.000000 0.000000 0.000000 0.000000 0.000000 
Curling
0.000000 0.000000 0.000000 0.000000 0.000000 
Stretch_Median
0.281952 0.360610 0.476331 0.351687 0.329247 
Stretch_Range
0.287647 0.110269 0.099686 0.141937 0.164973 
Attenuation_Median
60.205668 79.193504 74.522404 57.338651 63.072879 
Attenuation_Range
42.797421 7.654186 33.284746 31.924733 21.568381 
Traveling_Speed_Mean
0.549134 0.502103 0.303108 0.048069 0.594669 
Brush_Stroke_Median
0.026840 0.026706 0.029671 0.031396 0.029259 
Brush_Stroke_Range
0.002021 0.001675 0.002153 0.001985 0.004990 
Activity_Index_Median
9.216827 11.140590 12.775587 13.878023 12.694091 
Activity_Index_Range
1.900000 4.767546 3.547787 2.138845 8.056245 
Wave_Initiation_Rate_10
6.230365 6.897107 7.451106 7.402050 5.987003 
Body_Wave_Number_10
1.785517 1.647243 0.986931 1.105824 1.589290 
Asymmetry_10
-0.015689 -0.028408 -0.109774 -0.013194 -0.038905 
Stretch_10
0.220906 0.339877 0.444721 0.321418 0.281009 
Attenuation_10
38.928930 75.412390 47.887794 41.389699 55.567065 
Brush_Stroke_10
0.025782 0.025826 0.028481 0.030364 0.028314 
Activity_Index_10
8.146873 9.087353 10.895566 12.307890 8.996051 
usability
0.998162 1.000000 0.990809 0.955882 0.998162 
status
valid
valid
valid
valid
valid
highThr
39.000000 55.000000 41.000000 29.000000 50.000000 
lowThr
26.000000 39.000000 26.000000 15.000000 29.000000 
prevThr
25.000000 25.000000 25.000000 25.000000 25.000000 
highThrDef
39.000000 55.000000 41.000000 29.000000 50.000000 
lowThrDef
26.000000 39.000000 26.000000 15.000000 29.000000 
prevThrDef
25.000000 25.000000 25.000000 25.000000 25.000000 
manualSeparators





separators
1  141  142  545
1  545
1  183  184  244  245  303  304  521  523  545
1   22   23  101  102  115  116  181  182  217  218  266  267  268  269  281  282  321  322  341  342  381  382  401  402  408  409  421  422  441  442  448  449  461  462  496  497  498  499  508  509  529  530  535  536  537  538  541  542  545
1  365  366  545
