fields 34
worms 5
Wave_Initiation_Rate_Median
12.545697 12.494594 68.650542 9.562394 NaN 
Wave_Initiation_Rate_Range
11.654600 43.627339 51.718315 10.838469 NaN 
Body_Wave_Number_Median
1.205600 1.143453 0.698252 1.529161 NaN 
Body_Wave_Number_Range
0.882798 1.747805 0.467360 0.758083 NaN 
Asymmetry_Median
-0.021616 0.009886 0.004145 -0.009574 NaN 
Asymmetry_Range
0.265275 0.312278 0.123332 0.136416 NaN 
Reverse_Swimming
0.000000 5.078197 0.000000 0.000000 NaN 
Curling
0.000000 0.000000 0.442804 0.000000 NaN 
Stretch_Median
0.649483 0.486568 0.334884 0.495622 NaN 
Stretch_Range
0.220978 0.284031 0.283455 0.245551 NaN 
Attenuation_Median
68.632395 70.896692 60.363184 84.513280 NaN 
Attenuation_Range
11.494360 15.437523 22.803901 10.576478 NaN 
Traveling_Speed_Mean
2.233331 2.394300 5.784397 1.148910 NaN 
Brush_Stroke_Median
0.064799 0.067835 0.139164 0.042713 NaN 
Brush_Stroke_Range
0.026008 0.048759 0.049382 0.025188 NaN 
Activity_Index_Median
42.345530 22.868239 154.935663 21.662666 NaN 
Activity_Index_Range
41.769167 133.160874 132.219941 37.189186 NaN 
Wave_Initiation_Rate_10
8.452546 6.465814 28.357585 6.959950 NaN 
Body_Wave_Number_10
0.766093 0.097320 0.496959 1.087599 NaN 
Asymmetry_10
-0.138793 -0.139934 -0.028504 -0.078559 NaN 
Stretch_10
0.471261 0.373599 0.233099 0.350821 NaN 
Attenuation_10
62.379991 65.015301 50.715410 77.734386 NaN 
Brush_Stroke_10
0.049269 0.047541 0.115415 0.031048 NaN 
Activity_Index_10
24.714929 10.127873 64.283831 13.434699 NaN 
usability
1.000000 0.998162 0.996324 1.000000 
status
valid
valid
valid
valid
rejected
highThr
65.000000 62.000000 71.000000 65.000000 70.000000 
lowThr
49.000000 43.000000 41.000000 52.000000 17.000000 
prevThr
25.000000 25.000000 25.000000 25.000000 25.000000 
highThrDef
65.000000 62.000000 67.000000 64.000000 70.000000 
lowThrDef
49.000000 43.000000 45.000000 52.000000 17.000000 
prevThrDef
25.000000 25.000000 25.000000 25.000000 25.000000 
manualSeparators





separators
1   18   19  149  150  545
1   44   45  209  215  545
1  302  303  306  307  545
1  545
1  101  102  130  131  132  133  141  142  157  158  163  164  240  261  262  341  342  441  545
