fields 34
worms 5
Wave_Initiation_Rate_Median
10.072142 32.132317 10.149400 NaN NaN 
Wave_Initiation_Rate_Range
40.721962 25.062106 4.240419 NaN NaN 
Body_Wave_Number_Median
1.493172 1.147862 1.438052 NaN NaN 
Body_Wave_Number_Range
0.630508 0.815067 0.917929 NaN NaN 
Asymmetry_Median
0.046734 0.063084 -0.124662 NaN NaN 
Asymmetry_Range
0.293671 0.243039 0.360440 NaN NaN 
Reverse_Swimming
0.000000 1.251241 0.000000 NaN NaN 
Curling
1.663586 8.061420 20.174672 NaN NaN 
Stretch_Median
0.543233 0.667655 0.655410 NaN NaN 
Stretch_Range
0.297043 0.290963 0.303949 NaN NaN 
Attenuation_Median
63.799421 57.099277 68.455536 NaN NaN 
Attenuation_Range
53.519131 25.370381 39.565841 NaN NaN 
Traveling_Speed_Mean
1.816026 3.396369 1.079686 NaN NaN 
Brush_Stroke_Median
0.056951 0.064915 0.055689 NaN NaN 
Brush_Stroke_Range
0.036074 0.032674 0.025062 NaN NaN 
Activity_Index_Median
18.717254 89.042809 27.574364 NaN NaN 
Activity_Index_Range
113.865894 98.965867 20.791103 NaN NaN 
Wave_Initiation_Rate_10
7.265618 9.830592 8.263676 NaN NaN 
Body_Wave_Number_10
1.159259 0.835163 1.154352 NaN NaN 
Asymmetry_10
-0.079012 -0.052267 -0.314520 NaN NaN 
Stretch_10
0.348451 0.569616 0.563460 NaN NaN 
Attenuation_10
25.766106 43.546704 44.861145 NaN NaN 
Brush_Stroke_10
0.042329 0.047422 0.038553 NaN NaN 
Activity_Index_10
9.638941 27.926279 17.829581 NaN NaN 
usability
0.994485 0.957721 0.841912 0.575368 0.000000 
status
valid
valid
valid
rejected
rejected
highThr
69.000000 73.000000 78.000000 87.000000 NaN 
lowThr
50.000000 49.000000 35.000000 42.000000 0.000000 
prevThr
25.000000 25.000000 25.000000 25.000000 25.000000 
highThrDef
69.000000 73.000000 78.000000 87.000000 NaN 
lowThrDef
50.000000 49.000000 35.000000 23.000000 0.000000 
prevThrDef
25.000000 25.000000 25.000000 25.000000 25.000000 
manualSeparators
510  511  508  509
22  23
221  222  224  225  226  355  356  365  366


separators
1  323  324  508  509  510  511  545
1   11   15   22   23   41   42   64   65   78   79  153  154  161  162  205  206  545
1   41   42   50   51   71   72  221  222  223  224  225  226  241  242  267  268  322  323  354  355  356  365  366  367  480  481  484  492  493  539  540  541  542  545
1  161  162  259  273  274  278  279  293  294  300  301  313  314  330  545
1  421  422  545
