fields 34
worms 4
Wave_Initiation_Rate_Median
102.409208 69.193199 12.418990 66.446355 
Wave_Initiation_Rate_Range
56.434266 63.736865 56.391104 57.178588 
Body_Wave_Number_Median
0.347514 0.458719 1.242433 0.318598 
Body_Wave_Number_Range
0.239037 0.286186 1.288917 0.356070 
Asymmetry_Median
-0.050271 0.044111 0.047972 -0.066690 
Asymmetry_Range
0.101776 0.135260 0.198619 0.171790 
Reverse_Swimming
0.000000 1.821527 0.055198 6.292548 
Curling
0.221811 0.448598 0.000000 0.449438 
Stretch_Median
0.374593 0.461259 0.584602 0.436347 
Stretch_Range
0.168068 0.238430 0.186035 0.161403 
Attenuation_Median
55.790981 68.593991 86.993458 52.999607 
Attenuation_Range
21.553463 17.688266 6.287960 49.595917 
Traveling_Speed_Mean
8.049996 8.446038 1.657404 6.041716 
Brush_Stroke_Median
0.352260 0.164108 0.068992 0.202582 
Brush_Stroke_Range
0.076246 0.055585 0.022759 0.074013 
Activity_Index_Median
290.178579 188.342126 30.589362 250.931381 
Activity_Index_Range
189.045670 136.163397 137.221778 193.582215 
Wave_Initiation_Rate_10
68.621680 45.612072 10.285691 36.342675 
Body_Wave_Number_10
0.207669 0.295343 0.190206 0.145538 
Asymmetry_10
-0.110316 -0.021136 -0.111858 -0.125693 
Stretch_10
0.292667 0.346377 0.488619 0.357016 
Attenuation_10
44.945421 60.071590 84.160912 35.789176 
Brush_Stroke_10
0.311527 0.139217 0.063137 0.157157 
Activity_Index_10
184.531303 119.569296 25.153252 141.024330 
usability
0.994485 0.983456 0.998162 0.981618 
status
valid
valid
valid
valid
highThr
53.000000 55.000000 54.000000 58.000000 
lowThr
35.000000 35.000000 38.000000 39.000000 
prevThr
25.000000 25.000000 25.000000 25.000000 
highThrDef
53.000000 55.000000 54.000000 58.000000 
lowThrDef
35.000000 35.000000 38.000000 39.000000 
prevThrDef
25.000000 25.000000 25.000000 25.000000 
manualSeparators




separators
1  135  136  241  242  541  542  545
1  126  130  131  133  409  410  515  516  545
1  501  502  545
1  166  167  302  306  307  532  533  541  544  545
