fields 34
worms 5
Wave_Initiation_Rate_Median
85.237037 8.729472 33.245565 54.695813 35.301041 
Wave_Initiation_Rate_Range
31.925521 3.515517 51.943223 65.796767 37.062803 
Body_Wave_Number_Median
0.780905 1.743229 0.942790 0.882104 1.102081 
Body_Wave_Number_Range
0.489813 0.502652 1.135666 0.974979 0.524887 
Asymmetry_Median
0.002095 -0.024584 -0.018768 0.000479 -0.012687 
Asymmetry_Range
0.038516 0.211667 0.131721 0.101025 0.067701 
Reverse_Swimming
0.000000 0.000000 17.884085 4.691812 0.000000 
Curling
0.000000 0.000000 0.992647 0.000000 0.000000 
Stretch_Median
0.354256 0.444191 0.541785 0.499400 0.509372 
Stretch_Range
0.221656 0.116997 0.296756 0.350670 0.241915 
Attenuation_Median
65.405623 79.432334 51.016819 69.723918 68.287256 
Attenuation_Range
25.471955 13.439436 58.950977 34.041582 14.379333 
Traveling_Speed_Mean
8.082121 1.180532 3.200221 4.992509 4.120770 
Brush_Stroke_Median
0.166315 0.039501 0.125022 0.128887 0.116769 
Brush_Stroke_Range
0.055559 0.013534 0.044263 0.049815 0.076843 
Activity_Index_Median
191.987956 17.078602 68.350837 129.112124 77.162728 
Activity_Index_Range
100.331710 12.165865 107.356561 182.789872 107.877332 
Wave_Initiation_Rate_10
67.303610 7.450384 10.209061 13.861474 14.332295 
Body_Wave_Number_10
0.533462 1.444651 0.237897 0.350750 0.760224 
Asymmetry_10
-0.008402 -0.142327 -0.060581 -0.034626 -0.057822 
Stretch_10
0.269018 0.388734 0.409568 0.329449 0.402550 
Attenuation_10
51.719878 71.704489 16.110600 44.972657 62.395915 
Brush_Stroke_10
0.137816 0.035943 0.103458 0.103570 0.088016 
Activity_Index_10
144.435318 14.120918 22.840549 28.040570 36.557704 
usability
1.000000 1.000000 1.000000 1.000000 0.851103 
status
valid
valid
valid
valid
valid
highThr
60.000000 68.000000 62.000000 65.000000 66.000000 
lowThr
43.000000 49.000000 40.000000 45.000000 30.000000 
prevThr
25.000000 25.000000 25.000000 25.000000 25.000000 
highThrDef
60.000000 68.000000 62.000000 65.000000 66.000000 
lowThrDef
43.000000 49.000000 40.000000 45.000000 30.000000 
prevThrDef
25.000000 25.000000 25.000000 25.000000 25.000000 
manualSeparators





separators
1  545
1    2  545
1  256  260  300  301  545
1   69   70  545
1  414  415  461  477  481  482  541  542  545
