fields 34
worms 6
Wave_Initiation_Rate_Median
100.878655 118.923331 119.866065 115.886857 77.402160 NaN 
Wave_Initiation_Rate_Range
35.592514 52.902038 68.810770 18.922422 60.313079 NaN 
Body_Wave_Number_Median
0.618295 0.601050 0.632763 0.545235 0.476105 NaN 
Body_Wave_Number_Range
0.339800 0.313539 0.310198 0.182716 0.387742 NaN 
Asymmetry_Median
-0.005697 -0.005182 -0.016111 -0.001654 -0.024963 NaN 
Asymmetry_Range
0.089538 0.080189 0.093124 0.033724 0.128179 NaN 
Reverse_Swimming
0.000000 0.000000 0.000000 0.000000 0.331187 NaN 
Curling
0.000000 0.449438 0.000000 0.123203 0.112360 NaN 
Stretch_Median
0.414330 0.366323 0.314056 0.353937 0.388778 NaN 
Stretch_Range
0.183995 0.163959 0.120164 0.076896 0.247384 NaN 
Attenuation_Median
51.909809 63.484220 62.294278 50.145202 61.236546 NaN 
Attenuation_Range
19.355701 22.935937 26.716223 27.986340 22.871102 NaN 
Traveling_Speed_Mean
7.091205 14.736206 9.192647 10.406261 10.540152 NaN 
Brush_Stroke_Median
0.249085 0.314666 0.293210 0.290474 0.277178 NaN 
Brush_Stroke_Range
0.047289 0.048545 0.088156 0.047739 0.119819 NaN 
Activity_Index_Median
236.191062 293.706562 318.792079 296.506179 243.175910 NaN 
Activity_Index_Range
91.205809 99.722955 228.594028 45.862999 194.708556 NaN 
Wave_Initiation_Rate_10
66.546702 67.989395 66.479417 101.273178 53.721254 NaN 
Body_Wave_Number_10
0.460614 0.420047 0.433444 0.473771 0.267468 NaN 
Asymmetry_10
-0.020116 -0.036373 -0.088004 -0.023341 -0.099265 NaN 
Stretch_10
0.348262 0.316770 0.272499 0.320172 0.306468 NaN 
Attenuation_10
42.031367 53.876863 50.404815 36.304607 49.296350 NaN 
Brush_Stroke_10
0.226545 0.289064 0.243676 0.268302 0.246438 NaN 
Activity_Index_10
170.119445 218.069306 158.560927 271.480162 138.055520 NaN 
usability
0.990809 0.981618 0.900735 0.895221 0.981618 0.000000 
status
valid
valid
valid
valid
valid
rejected
highThr
51.000000 53.000000 55.000000 49.000000 58.000000 NaN 
lowThr
36.000000 27.000000 41.000000 34.000000 39.000000 0.000000 
prevThr
25.000000 25.000000 25.000000 25.000000 25.000000 25.000000 
highThrDef
51.000000 53.000000 55.000000 49.000000 58.000000 NaN 
lowThrDef
36.000000 27.000000 41.000000 34.000000 39.000000 0.000000 
prevThrDef
25.000000 25.000000 25.000000 25.000000 25.000000 25.000000 
manualSeparators






separators
1   43   44   84   85  362  363  439  440  451  452  545
1  149  150  349  350  357  358  366  370  371  376  377  541  542  545
1   22   23  192  193  344  345  388  394  395  474  475  477  478  482  483  488  491  496  497  498  499  501  503  504  505  517  529  533  534  539  540  544  545
1  342  343  388  395  464  465  474  475  477  478  479  480  482  488  489  491  501  503  504  505  507  517  529  533  534  535  536  539  540  544  545
1   43   44  246  247  302  306  307  346  347  442  443  445  446  545
1  545
