fields 34
worms 5
Wave_Initiation_Rate_Median
134.755742 119.466565 8.048810 69.058836 101.890291 
Wave_Initiation_Rate_Range
8.644859 8.952278 20.016606 64.330809 67.629785 
Body_Wave_Number_Median
0.751083 0.532902 1.634344 0.613675 0.417763 
Body_Wave_Number_Range
0.290297 0.283804 1.263800 0.528675 0.327534 
Asymmetry_Median
0.019199 -0.013586 0.112319 0.008153 -0.017311 
Asymmetry_Range
0.029916 0.031991 0.158142 0.080381 0.127074 
Reverse_Swimming
0.000000 0.000000 3.808648 0.000000 0.000000 
Curling
0.000000 0.000000 0.000000 0.000000 0.000000 
Stretch_Median
0.336284 0.372655 0.460039 0.540332 0.352030 
Stretch_Range
0.097427 0.096905 0.293173 0.255736 0.200682 
Attenuation_Median
62.284225 64.295797 20.355636 60.646163 69.077139 
Attenuation_Range
21.578604 16.742733 95.181417 29.413872 14.944067 
Traveling_Speed_Mean
15.747459 12.177120 1.039714 8.621654 11.302143 
Brush_Stroke_Median
0.306355 0.275776 0.044640 0.280483 0.356478 
Brush_Stroke_Range
0.053937 0.066844 0.039043 0.086718 0.113763 
Activity_Index_Median
327.530631 298.001038 16.800665 196.761407 292.361476 
Activity_Index_Range
52.495725 58.461722 27.323458 198.875760 234.202283 
Wave_Initiation_Rate_10
126.665698 118.296682 6.176267 35.360046 67.296473 
Body_Wave_Number_10
0.611492 0.426062 0.633536 0.366360 0.246804 
Asymmetry_10
0.004432 -0.032058 0.030816 -0.031493 -0.096303 
Stretch_10
0.298805 0.338154 0.289006 0.402603 0.281049 
Attenuation_10
54.344403 55.667817 -22.736333 41.555080 61.804907 
Brush_Stroke_10
0.285566 0.250312 0.028175 0.234816 0.297408 
Activity_Index_10
304.705568 275.854830 8.971075 99.356309 147.960330 
usability
0.981618 0.994485 1.000000 0.994485 0.944853 
status
valid
valid
valid
valid
valid
highThr
67.000000 65.000000 69.000000 64.000000 66.000000 
lowThr
41.000000 49.000000 48.000000 39.000000 39.000000 
prevThr
10.000000 25.000000 25.000000 25.000000 25.000000 
highThrDef
67.000000 65.000000 69.000000 64.000000 66.000000 
lowThrDef
41.000000 49.000000 48.000000 39.000000 37.000000 
prevThrDef
25.000000 25.000000 25.000000 25.000000 25.000000 
manualSeparators





separators
1  204  205  210  211  326  328  387  389  404  405  412  414  447  448  545
1   64   65  193  194  409  410  545
1  545
1   75   76  344  345  355  356  545
1  172  173  180  181  241  242  243  258  259  261  278  280  331  333  334  522  523  527  528  535  536  545
