fields 34
worms 6
Wave_Initiation_Rate_Median
50.960454 56.071028 67.366296 NaN 83.772269 82.848561 
Wave_Initiation_Rate_Range
55.278934 32.155874 32.883164 NaN 34.866149 44.484087 
Body_Wave_Number_Median
0.693532 0.639844 0.567953 NaN 0.558771 0.608671 
Body_Wave_Number_Range
0.855415 0.406006 0.225949 NaN 0.304765 0.405395 
Asymmetry_Median
-0.002063 -0.023485 -0.019952 NaN 0.008240 -0.023250 
Asymmetry_Range
0.122263 0.103836 0.084189 NaN 0.103276 0.037491 
Reverse_Swimming
0.000000 5.740570 0.000000 NaN 0.938362 0.000000 
Curling
0.573614 3.301708 0.000000 NaN 1.449814 0.000000 
Stretch_Median
0.508740 0.538359 0.473093 NaN 0.385407 0.412779 
Stretch_Range
0.276135 0.354687 0.221855 NaN 0.218403 0.164376 
Attenuation_Median
61.842597 61.849955 64.101800 NaN 63.296040 56.258420 
Attenuation_Range
22.992580 38.719516 21.220883 NaN 18.727243 19.690775 
Traveling_Speed_Mean
5.750770 5.433198 11.514628 NaN 7.877619 8.930501 
Brush_Stroke_Median
0.089484 0.088637 0.245327 NaN 0.214450 0.107338 
Brush_Stroke_Range
0.034164 0.024992 0.136962 NaN 0.078643 0.024197 
Activity_Index_Median
245.962035 167.549248 217.391357 NaN 207.037488 455.267069 
Activity_Index_Range
244.071721 98.028198 161.877993 NaN 151.860556 243.817588 
Wave_Initiation_Rate_10
12.038170 34.675274 49.685750 NaN 50.866543 55.971007 
Body_Wave_Number_10
0.530995 0.367035 0.453642 NaN 0.364889 0.370239 
Asymmetry_10
-0.081109 -0.073734 -0.073305 NaN -0.077947 -0.036417 
Stretch_10
0.384803 0.443917 0.397766 NaN 0.326552 0.346846 
Attenuation_10
51.985103 35.265521 58.721342 NaN 56.496301 48.080750 
Brush_Stroke_10
0.071223 0.080234 0.183201 NaN 0.183969 0.088616 
Activity_Index_10
59.844498 102.748570 119.883908 NaN 108.605797 303.914020 
usability
0.961397 0.968750 0.983456 0.961397 0.988971 0.775735 
status
valid
valid
valid
rejected
valid
valid
highThr
67.000000 64.000000 61.000000 77.000000 58.000000 67.000000 
lowThr
44.000000 43.000000 41.000000 0.000000 40.000000 42.000000 
prevThr
25.000000 25.000000 25.000000 25.000000 25.000000 25.000000 
highThrDef
67.000000 64.000000 61.000000 77.000000 58.000000 67.000000 
lowThrDef
44.000000 43.000000 41.000000 0.000000 40.000000 30.000000 
prevThrDef
25.000000 25.000000 25.000000 25.000000 25.000000 25.000000 
manualSeparators
460  461  481
496  497  498  499  506  507
477  478  479  388  389  535  536



separators
1  452  460  461  462  463  464  465  479  481  541  542  545
1  215  216  296  297  298  302  303  452  461  462  463  464  465  496  497  498  499  506  507  508  509  542  543  544  545
1  133  134  141  145  159  160  173  174  176  177  201  203  232  237  259  260  309  310  346  347  388  389  477  478  479  497  501  533  535  536  545
1  148  149  153  154  170  171  176  177  181  182  294  295  324  325  338  339  392  393  394  395  412  413  497  501  506  507  510  511  520  521  533  536  545
1   57   58  141  145  232  237  336  337  419  420  461  463  464  540  541  545
1   41  140  144  145  147  148  149  151  152  153  163  164  167  170  181  183  188  189  193  197  204  205  207  209  214  215  222  226  228  229  233  237  241  243  261  514  515  516  517  529  530  545
