fields 34
worms 5
Wave_Initiation_Rate_Median
11.164346 31.273473 49.923285 8.497523 NaN 
Wave_Initiation_Rate_Range
13.023555 22.405696 46.600536 9.403159 NaN 
Body_Wave_Number_Median
1.380136 0.997359 0.643012 1.689136 NaN 
Body_Wave_Number_Range
1.132317 0.914160 0.682545 0.891840 NaN 
Asymmetry_Median
0.021455 -0.021041 -0.021856 -0.043516 NaN 
Asymmetry_Range
0.375858 0.078577 0.199687 0.164581 NaN 
Reverse_Swimming
6.126955 17.442502 10.487580 2.539098 NaN 
Curling
7.124304 0.000000 0.000000 0.000000 NaN 
Stretch_Median
0.586183 0.430434 0.509337 0.570416 NaN 
Stretch_Range
0.200027 0.164909 0.235481 0.241227 NaN 
Attenuation_Median
63.788469 53.106809 66.992831 73.362854 NaN 
Attenuation_Range
42.700410 32.137042 51.179445 26.718946 NaN 
Traveling_Speed_Mean
0.970276 1.820235 5.345745 1.505093 NaN 
Brush_Stroke_Median
0.043292 0.078163 0.188058 0.040931 NaN 
Brush_Stroke_Range
0.022699 0.027500 0.054781 0.019299 NaN 
Activity_Index_Median
26.959223 81.549312 161.267703 18.380754 NaN 
Activity_Index_Range
23.946880 68.445074 148.414907 24.577381 NaN 
Wave_Initiation_Rate_10
8.311905 13.226943 20.441069 7.195409 NaN 
Body_Wave_Number_10
0.817519 0.591715 0.209140 0.934302 NaN 
Asymmetry_10
-0.161317 -0.076156 -0.094707 -0.118836 NaN 
Stretch_10
0.521539 0.348887 0.410306 0.412233 NaN 
Attenuation_10
30.607017 29.731074 34.765419 56.593550 NaN 
Brush_Stroke_10
0.034964 0.061568 0.164589 0.035468 NaN 
Activity_Index_10
18.770805 31.013678 58.942420 13.627968 NaN 
usability
0.990809 0.996324 0.994485 1.000000 0.336397 
status
valid
valid
valid
valid
rejected
highThr
60.000000 62.000000 74.000000 64.000000 67.000000 
lowThr
35.000000 45.000000 55.000000 47.000000 44.000000 
prevThr
25.000000 25.000000 25.000000 25.000000 25.000000 
highThrDef
60.000000 62.000000 74.000000 64.000000 67.000000 
lowThrDef
35.000000 45.000000 55.000000 47.000000 44.000000 
prevThrDef
25.000000 25.000000 25.000000 25.000000 25.000000 
manualSeparators





separators
1   52   53  158  159  329  330  331  494  495  545
1  366  367  369  370  545
1  429  430  484  486  545
1  545
1  361  362  545
