fields 34
worms 5
Wave_Initiation_Rate_Median
68.366108 93.624646 17.628538 52.881019 67.462682 
Wave_Initiation_Rate_Range
33.421887 78.646939 55.544097 44.599410 4.688653 
Body_Wave_Number_Median
0.821321 0.730385 1.320128 0.286575 0.794072 
Body_Wave_Number_Range
0.577983 0.481179 0.950554 0.581838 0.229777 
Asymmetry_Median
0.014084 0.000586 -0.010606 0.007929 -0.002818 
Asymmetry_Range
0.056845 0.106592 0.292116 0.189892 0.039509 
Reverse_Swimming
0.000000 0.000000 0.000000 0.000000 0.000000 
Curling
0.000000 0.000000 0.000000 0.112150 0.000000 
Stretch_Median
0.378828 0.378975 0.536601 0.480653 0.388745 
Stretch_Range
0.205893 0.305443 0.249129 0.306527 0.128791 
Attenuation_Median
70.542819 69.977323 75.385421 70.103152 60.151529 
Attenuation_Range
15.683288 19.337423 21.379046 13.924126 17.213233 
Traveling_Speed_Mean
4.507764 7.195887 1.203173 5.410191 6.696600 
Brush_Stroke_Median
0.147806 0.243144 0.130868 0.085804 0.169840 
Brush_Stroke_Range
0.090626 0.158656 0.077883 0.044755 0.025876 
Activity_Index_Median
160.331397 243.351314 25.298365 218.189788 182.114591 
Activity_Index_Range
147.932527 200.248305 91.768175 279.014810 33.844431 
Wave_Initiation_Rate_10
48.391656 32.118076 8.123294 33.639881 63.214673 
Body_Wave_Number_10
0.612753 0.430332 0.774608 0.116724 0.692448 
Asymmetry_10
-0.005609 -0.028614 -0.196565 -0.115090 -0.024552 
Stretch_10
0.272222 0.267026 0.429608 0.336489 0.326282 
Attenuation_10
61.159216 61.446051 68.577976 63.540409 51.433249 
Brush_Stroke_10
0.120753 0.172592 0.102068 0.055805 0.159738 
Activity_Index_10
104.229866 121.842847 16.028075 100.293845 166.809906 
usability
0.981618 0.992647 0.987132 0.983456 0.996324 
status
valid
valid
valid
valid
valid
highThr
71.000000 65.000000 73.000000 66.000000 63.000000 
lowThr
47.000000 44.000000 51.000000 45.000000 45.000000 
prevThr
25.000000 25.000000 25.000000 25.000000 25.000000 
highThrDef
71.000000 65.000000 73.000000 66.000000 63.000000 
lowThrDef
47.000000 44.000000 51.000000 45.000000 45.000000 
prevThrDef
25.000000 25.000000 25.000000 25.000000 25.000000 
manualSeparators





separators
1  319  329  545
1  278  279  296  297  303  305  545
1  278  279  296  297  303  305  483  486  545
1  133  134  209  214  252  254  258  259  545
1  176  177  388  389  545
