fields 44
worms 7
Wave_Initiation_Rate_Median
10.633181 6.633646 32.785496 NaN NaN NaN NaN 
Wave_Initiation_Rate_Range
26.536373 2.256031 16.814366 NaN NaN NaN NaN 
Body_Wave_Number_Median
1.445522 1.756815 1.060435 NaN NaN NaN NaN 
Body_Wave_Number_Range
0.696790 0.405170 1.090663 NaN NaN NaN NaN 
Asymmetry_Median
-0.022200 0.063396 -0.001895 NaN NaN NaN NaN 
Asymmetry_Range
0.135362 0.077190 0.133735 NaN NaN NaN NaN 
Reverse_Swimming
0.000000 1.490340 8.500460 NaN NaN NaN NaN 
Curling
0.000000 0.000000 0.000000 NaN NaN NaN NaN 
Stretch_Median
0.418297 0.329381 0.441684 NaN NaN NaN NaN 
Stretch_Range
0.246544 0.175861 0.217216 NaN NaN NaN NaN 
Attenuation_Median
71.122586 71.068535 56.911438 NaN NaN NaN NaN 
Attenuation_Range
25.456217 16.473998 33.712386 NaN NaN NaN NaN 
Traveling_Speed_Mean
1.854765 1.514368 2.738670 NaN NaN NaN NaN 
Brush_Stroke_Median
0.044415 0.034148 0.055209 NaN NaN NaN NaN 
Brush_Stroke_Range
0.015903 0.011309 0.032137 NaN NaN NaN NaN 
Activity_Index_Median
26.137372 11.381132 75.086949 NaN NaN NaN NaN 
Activity_Index_Range
54.014466 5.645046 40.322251 NaN NaN NaN NaN 
Wave_Initiation_Rate_10
6.988440 5.970656 18.013087 NaN NaN NaN NaN 
Body_Wave_Number_10
1.180975 1.535023 0.288292 NaN NaN NaN NaN 
Asymmetry_10
-0.103048 0.022280 -0.098344 NaN NaN NaN NaN 
Stretch_10
0.339637 0.238099 0.373638 NaN NaN NaN NaN 
Attenuation_10
53.088104 61.790183 43.289195 NaN NaN NaN NaN 
Brush_Stroke_10
0.037193 0.030158 0.041842 NaN NaN NaN NaN 
Activity_Index_10
13.922666 9.259580 54.553299 NaN NaN NaN NaN 
Wave_Initiation_Rate_All
19.318940 7.036749 22.598155 0.000000 0.000000 0.000000 0.000000 19.318940 7.036749 22.598155 0.000000 0.000000 0.000000 0.000000 19.474013 7.006391 23.550958 0.000000 0.000000 0.000000 0.000000 19.474013 7.006391 23.550958 0.000000 0.000000 0.000000 0.000000 19.611559 6.977513 24.319196 0.000000 0.000000 0.000000 0.000000 19.611559 6.977513 24.319196 0.000000 0.000000 0.000000 0.000000 19.735369 6.950784 24.950571 0.000000 0.000000 0.000000 0.000000 19.735369 6.950784 24.950571 0.000000 0.000000 0.000000 0.000000 19.851219 6.926850 25.471550 0.000000 0.000000 0.000000 0.000000 19.851219 6.926850 25.471550 0.000000 0.000000 0.000000 0.000000 19.965374 6.905101 25.902590 0.000000 0.000000 0.000000 0.000000 19.965374 6.905101 25.902590 0.000000 0.000000 0.000000 0.000000 19.407826 6.906112 26.261102 0.000000 0.000000 0.000000 0.000000 19.407826 6.906112 26.261102 0.000000 0.000000 0.000000 0.000000 20.214129 6.904047 26.564210 0.000000 0.000000 0.000000 0.000000 20.214129 6.904047 26.564210 0.000000 0.000000 0.000000 0.000000 20.927781 6.899550 26.825629 0.000000 0.000000 0.000000 0.000000 21.614633 6.874121 27.871675 0.000000 0.000000 0.000000 0.000000 22.253796 6.869028 28.046305 0.000000 0.000000 0.000000 0.000000 22.372889 6.846364 29.154960 0.000000 0.000000 0.000000 0.000000 22.975996 6.839638 29.242043 0.000000 0.000000 0.000000 0.000000 23.134763 6.819547 30.412783 0.000000 0.000000 0.000000 0.000000 23.699696 6.810561 30.411096 0.000000 0.000000 0.000000 0.000000 23.902920 6.793042 31.642116 0.000000 0.000000 0.000000 0.000000 24.429376 6.782647 31.550053 0.000000 0.000000 0.000000 0.000000 24.678860 6.767296 31.489334 0.000000 0.000000 0.000000 0.000000 25.167742 6.755515 30.471231 0.000000 0.000000 0.000000 0.000000 25.462692 6.742107 30.347690 0.000000 0.000000 0.000000 0.000000 25.913928 6.728359 29.380246 0.000000 0.000000 0.000000 0.000000 26.252490 6.716871 29.194922 0.000000 0.000000 0.000000 0.000000 26.667595 6.700643 28.281487 0.000000 0.000000 0.000000 0.000000 27.047830 6.691364 28.032895 0.000000 0.000000 0.000000 0.000000 27.427001 6.673278 27.178755 0.000000 0.000000 0.000000 0.000000 27.845362 6.666536 26.865686 0.000000 0.000000 0.000000 0.000000 28.186074 6.647403 26.075560 0.000000 0.000000 0.000000 0.000000 28.643350 6.642043 25.697396 0.000000 0.000000 0.000000 0.000000 28.938643 6.622413 24.974478 0.000000 0.000000 0.000000 0.000000 29.435620 6.618268 24.535284 0.000000 0.000000 0.000000 0.000000 29.676363 6.598019 23.879827 0.000000 0.000000 0.000000 0.000000 30.212555 6.594347 23.378835 0.000000 0.000000 0.000000 0.000000 30.395876 6.573212 22.791311 0.000000 0.000000 0.000000 0.000000 30.968029 6.569059 22.233062 0.000000 0.000000 0.000000 0.000000 31.142333 6.546576 21.713674 0.000000 0.000000 0.000000 0.000000 31.748142 6.541839 21.101647 0.000000 0.000000 0.000000 0.000000 31.874938 6.518298 20.650663 0.000000 0.000000 0.000000 0.000000 33.141987 6.493176 19.986313 0.000000 0.000000 0.000000 0.000000 33.180596 6.470349 19.602916 0.000000 0.000000 0.000000 0.000000 33.235090 6.445179 18.883671 0.000000 0.000000 0.000000 0.000000 33.262169 6.424790 18.568910 0.000000 0.000000 0.000000 0.000000 33.319417 6.399615 17.791446 0.000000 0.000000 0.000000 0.000000 33.332017 6.380263 17.536044 0.000000 0.000000 0.000000 0.000000 33.385243 6.354808 16.704523 0.000000 0.000000 0.000000 0.000000 33.385582 6.336933 16.508858 0.000000 0.000000 0.000000 0.000000 33.433074 6.312241 15.625950 0.000000 0.000000 0.000000 0.000000 33.425075 6.295532 15.491633 0.000000 0.000000 0.000000 0.000000 33.467979 6.272329 14.560854 0.000000 0.000000 0.000000 0.000000 33.456086 6.256662 14.487960 0.000000 0.000000 0.000000 0.000000 33.493800 6.234183 13.513642 0.000000 0.000000 0.000000 0.000000 33.482279 6.220998 13.500959 0.000000 0.000000 0.000000 0.000000 33.513056 6.199372 13.458421 0.000000 0.000000 0.000000 0.000000 33.503859 6.188447 13.445354 0.000000 0.000000 0.000000 0.000000 33.526993 6.168451 13.416867 0.000000 0.000000 0.000000 0.000000 33.523281 6.158817 13.400419 0.000000 0.000000 0.000000 0.000000 33.536657 6.141181 13.383788 0.000000 0.000000 0.000000 0.000000 33.539848 6.132306 13.361143 0.000000 0.000000 0.000000 0.000000 33.542730 6.116582 13.351683 0.000000 0.000000 0.000000 0.000000 33.553216 6.108710 13.323712 0.000000 0.000000 0.000000 0.000000 33.547950 6.094174 13.316848 0.000000 0.000000 0.000000 0.000000 33.563060 6.086931 13.287498 0.000000 0.000000 0.000000 0.000000 33.556793 6.073093 13.279980 0.000000 0.000000 0.000000 0.000000 33.574619 6.067231 13.256486 0.000000 0.000000 0.000000 0.000000 33.577517 6.054306 13.247985 0.000000 0.000000 0.000000 0.000000 33.596144 6.050954 13.237740 0.000000 0.000000 0.000000 0.000000 33.612840 6.039448 13.228166 0.000000 0.000000 0.000000 0.000000 33.631907 6.040272 13.237076 0.000000 0.000000 0.000000 0.000000 33.613202 6.031111 13.226677 0.000000 0.000000 0.000000 0.000000 33.637855 6.034824 13.257953 0.000000 0.000000 0.000000 0.000000 33.621241 6.028147 13.246892 0.000000 0.000000 0.000000 0.000000 33.652710 6.033244 13.300465 0.000000 0.000000 0.000000 0.000000 33.643608 6.028751 13.289959 0.000000 0.000000 0.000000 0.000000 33.676293 6.036600 13.364412 0.000000 0.000000 0.000000 0.000000 33.675096 6.032727 13.353892 0.000000 0.000000 0.000000 0.000000 33.704010 6.044345 13.444922 0.000000 0.000000 0.000000 0.000000 33.714660 6.042701 13.444628 0.000000 0.000000 0.000000 0.000000 33.737664 6.057841 13.546520 0.000000 0.000000 0.000000 0.000000 33.759329 6.058273 13.557039 0.000000 0.000000 0.000000 0.000000 33.775562 6.076841 13.668368 0.000000 0.000000 0.000000 0.000000 33.805466 6.079881 13.688731 0.000000 0.000000 0.000000 0.000000 33.812344 6.103034 13.806622 0.000000 0.000000 0.000000 0.000000 33.846502 6.109100 13.836932 0.000000 0.000000 0.000000 0.000000 33.844536 6.137084 13.961050 0.000000 0.000000 0.000000 0.000000 33.878697 6.145024 14.002489 0.000000 0.000000 0.000000 0.000000 33.870060 6.178516 14.131286 0.000000 0.000000 0.000000 0.000000 33.902145 6.188820 14.187223 0.000000 0.000000 0.000000 0.000000 33.890287 6.227157 14.319384 0.000000 0.000000 0.000000 0.000000 33.916937 6.241062 14.393267 0.000000 0.000000 0.000000 0.000000 33.901767 6.284097 15.401822 0.000000 0.000000 0.000000 0.000000 33.921197 6.302459 15.552009 0.000000 0.000000 0.000000 0.000000 33.903750 6.349153 16.493171 0.000000 0.000000 0.000000 0.000000 33.915172 6.372053 16.719232 0.000000 0.000000 0.000000 0.000000 33.896122 6.421582 17.589685 0.000000 0.000000 0.000000 0.000000 33.901828 6.449740 17.887922 0.000000 0.000000 0.000000 0.000000 33.882092 6.501043 18.689630 0.000000 0.000000 0.000000 0.000000 33.883483 6.534019 19.052695 0.000000 0.000000 0.000000 0.000000 33.863573 6.586699 19.792621 0.000000 0.000000 0.000000 0.000000 33.861661 6.623536 20.212545 0.000000 0.000000 0.000000 0.000000 33.840517 6.677024 20.894516 0.000000 0.000000 0.000000 0.000000 33.834488 6.715997 21.364195 0.000000 0.000000 0.000000 0.000000 33.811966 6.769649 21.988482 0.000000 0.000000 0.000000 0.000000 33.798195 6.811863 22.502865 0.000000 0.000000 0.000000 0.000000 33.775236 6.864427 23.065863 0.000000 0.000000 0.000000 0.000000 33.751426 6.911279 23.622627 0.000000 0.000000 0.000000 0.000000 33.729365 6.961162 24.120450 0.000000 0.000000 0.000000 0.000000 33.699997 7.011098 24.718249 0.000000 0.000000 0.000000 0.000000 33.678744 7.058565 25.146193 0.000000 0.000000 0.000000 0.000000 33.648251 7.110335 25.786492 0.000000 0.000000 0.000000 0.000000 33.630501 7.155637 26.141865 0.000000 0.000000 0.000000 0.000000 33.600799 7.209109 26.827182 0.000000 0.000000 0.000000 0.000000 33.586470 7.252033 27.110993 0.000000 0.000000 0.000000 0.000000 33.558419 7.306914 27.839828 0.000000 0.000000 0.000000 0.000000 33.546568 7.346937 28.067984 0.000000 0.000000 0.000000 0.000000 33.523079 7.401527 28.841428 0.000000 0.000000 0.000000 0.000000 33.511482 7.438760 29.018556 0.000000 0.000000 0.000000 0.000000 33.492632 7.492131 29.835532 0.000000 0.000000 0.000000 0.000000 33.482233 7.526845 29.953741 0.000000 0.000000 0.000000 0.000000 33.466631 7.577624 30.813847 0.000000 0.000000 0.000000 0.000000 33.457650 7.609886 30.866514 0.000000 0.000000 0.000000 0.000000 33.442468 7.657970 31.768549 0.000000 0.000000 0.000000 0.000000 33.434866 7.687936 31.753751 0.000000 0.000000 0.000000 0.000000 33.420854 7.732640 31.767192 0.000000 0.000000 0.000000 0.000000 33.409871 7.760898 31.751415 0.000000 0.000000 0.000000 0.000000 33.396451 7.802438 31.763893 0.000000 0.000000 0.000000 0.000000 33.381141 7.830033 31.750117 0.000000 0.000000 0.000000 0.000000 33.368004 7.868532 31.764691 0.000000 0.000000 0.000000 0.000000 33.349501 7.896701 31.754608 0.000000 0.000000 0.000000 0.000000 33.335950 7.932627 31.769462 0.000000 0.000000 0.000000 0.000000 33.317661 7.962640 31.765549 0.000000 0.000000 0.000000 0.000000 33.303451 7.995956 31.773931 0.000000 0.000000 0.000000 0.000000 33.288006 8.027696 31.778960 0.000000 0.000000 0.000000 0.000000 33.274618 8.058625 31.777267 0.000000 0.000000 0.000000 0.000000 33.265878 8.090849 31.789743 0.000000 0.000000 0.000000 0.000000 33.254270 8.119772 31.778035 0.000000 0.000000 0.000000 0.000000 33.253406 8.150975 31.797095 0.000000 0.000000 0.000000 0.000000 33.243750 8.178821 31.779799 0.000000 0.000000 0.000000 0.000000 33.252796 8.208098 31.804058 0.000000 0.000000 0.000000 0.000000 33.245072 8.236149 31.786460 0.000000 0.000000 0.000000 0.000000 33.264823 8.262433 31.816365 0.000000 0.000000 0.000000 0.000000 33.260207 8.290209 31.805307 0.000000 0.000000 0.000000 0.000000 33.291174 8.312514 31.840673 0.000000 0.000000 0.000000 0.000000 33.287716 8.339516 31.841476 0.000000 0.000000 0.000000 0.000000 33.329185 8.357399 31.880117 0.000000 0.000000 0.000000 0.000000 33.327433 8.383561 31.894376 0.000000 0.000000 0.000000 0.000000 33.379616 8.396834 31.932456 0.000000 0.000000 0.000000 0.000000 33.381033 8.422430 31.945830 0.000000 0.000000 0.000000 0.000000 33.442386 8.430811 31.980054 0.000000 0.000000 0.000000 0.000000 33.449666 8.455581 31.988019 
Body_Wave_Number_All
1.562797 1.912132 0.610409 0.000000 0.000000 0.000000 0.000000 1.562797 1.912132 0.610409 0.000000 0.000000 0.000000 0.000000 1.551747 1.905684 0.544395 0.000000 0.000000 0.000000 0.000000 1.551747 1.905684 0.544395 0.000000 0.000000 0.000000 0.000000 1.542071 1.899278 0.490880 0.000000 0.000000 0.000000 0.000000 1.542071 1.899278 0.490880 0.000000 0.000000 0.000000 0.000000 1.533666 1.892698 0.446522 0.000000 0.000000 0.000000 0.000000 1.533666 1.892698 0.446522 0.000000 0.000000 0.000000 0.000000 1.526267 1.885783 0.409121 0.000000 0.000000 0.000000 0.000000 1.526267 1.885783 0.409121 0.000000 0.000000 0.000000 0.000000 1.519634 1.878651 0.377025 0.000000 0.000000 0.000000 0.000000 1.519634 1.878651 0.377025 0.000000 0.000000 0.000000 0.000000 1.521428 1.880124 0.349135 0.000000 0.000000 0.000000 0.000000 1.521428 1.880124 0.349135 0.000000 0.000000 0.000000 0.000000 1.524526 1.881328 0.324177 0.000000 0.000000 0.000000 0.000000 1.524526 1.881328 0.324177 0.000000 0.000000 0.000000 0.000000 1.527710 1.882350 0.300965 0.000000 0.000000 0.000000 0.000000 1.511402 1.876696 0.224817 0.000000 0.000000 0.000000 0.000000 1.515681 1.878138 0.206365 0.000000 0.000000 0.000000 0.000000 1.509594 1.873156 0.127497 0.000000 0.000000 0.000000 0.000000 1.514403 1.874980 0.114102 0.000000 0.000000 0.000000 0.000000 1.509815 1.870778 0.032472 0.000000 0.000000 0.000000 0.000000 1.515464 1.872999 0.024431 0.000000 0.000000 0.000000 0.000000 1.512409 1.869666 -0.059654 0.000000 0.000000 0.000000 0.000000 1.519562 1.872159 -0.062750 0.000000 0.000000 0.000000 0.000000 1.518192 1.869838 -0.062944 0.000000 0.000000 0.000000 0.000000 1.527189 1.872534 -0.063125 0.000000 0.000000 0.000000 0.000000 1.527584 1.871186 -0.063402 0.000000 0.000000 0.000000 0.000000 1.537927 1.874056 -0.063820 0.000000 0.000000 0.000000 0.000000 1.540147 1.873682 -0.064302 0.000000 0.000000 0.000000 0.000000 1.550575 1.876722 -0.064773 0.000000 0.000000 0.000000 0.000000 1.554753 1.877212 -0.065407 0.000000 0.000000 0.000000 0.000000 1.564364 1.880256 -0.065969 0.000000 0.000000 0.000000 0.000000 1.570709 1.881668 -0.066668 0.000000 0.000000 0.000000 0.000000 1.579187 1.884477 -0.067219 0.000000 0.000000 0.000000 0.000000 1.587117 1.886779 -0.068311 0.000000 0.000000 0.000000 0.000000 1.593759 1.889150 -0.068696 0.000000 0.000000 0.000000 0.000000 1.603037 1.892521 -0.070223 0.000000 0.000000 0.000000 0.000000 1.606732 1.894465 -0.070471 0.000000 0.000000 0.000000 0.000000 1.617077 1.899098 -0.072287 0.000000 0.000000 0.000000 0.000000 1.617742 1.900633 -0.072351 0.000000 0.000000 0.000000 0.000000 1.629008 1.906748 -0.074392 0.000000 0.000000 0.000000 0.000000 1.603144 1.907833 -0.074089 0.000000 0.000000 0.000000 0.000000 1.613753 1.915452 -0.076205 0.000000 0.000000 0.000000 0.000000 1.589464 1.915938 -0.075592 0.000000 0.000000 0.000000 0.000000 1.592146 1.916887 -0.077735 0.000000 0.000000 0.000000 0.000000 1.570211 1.917160 -0.077055 0.000000 0.000000 0.000000 0.000000 1.570163 1.918271 -0.078733 0.000000 0.000000 0.000000 0.000000 1.550982 1.918425 -0.078236 0.000000 0.000000 0.000000 0.000000 1.549253 1.919658 -0.078725 0.000000 0.000000 0.000000 0.000000 1.532813 1.919922 -0.078527 0.000000 0.000000 0.000000 0.000000 1.529605 1.921091 -0.077881 0.000000 0.000000 0.000000 0.000000 1.515683 1.921199 -0.078076 0.000000 0.000000 0.000000 0.000000 1.510954 1.922264 -0.076692 0.000000 0.000000 0.000000 0.000000 1.499281 1.922197 -0.077070 0.000000 0.000000 0.000000 0.000000 1.492620 1.923051 -0.075372 0.000000 0.000000 0.000000 0.000000 1.482950 1.922826 -0.075564 0.000000 0.000000 0.000000 0.000000 1.473510 1.923499 -0.073270 0.000000 0.000000 0.000000 0.000000 1.465397 1.923217 -0.072952 0.000000 0.000000 0.000000 0.000000 1.452538 1.923688 -0.073385 0.000000 0.000000 0.000000 0.000000 1.445360 1.923302 -0.072393 0.000000 0.000000 0.000000 0.000000 1.429232 1.923510 -0.072511 0.000000 0.000000 0.000000 0.000000 1.422522 1.923025 -0.070975 0.000000 0.000000 0.000000 0.000000 1.404091 1.922879 -0.070890 0.000000 0.000000 0.000000 0.000000 1.397576 1.922278 -0.069240 0.000000 0.000000 0.000000 0.000000 1.377541 1.921860 -0.068883 0.000000 0.000000 0.000000 0.000000 1.371297 1.921260 -0.067187 0.000000 0.000000 0.000000 0.000000 1.349826 1.920750 -0.066634 0.000000 0.000000 0.000000 0.000000 1.343872 1.920178 -0.064890 0.000000 0.000000 0.000000 0.000000 1.321613 1.919746 -0.064268 0.000000 0.000000 0.000000 0.000000 1.316080 1.919077 -0.062088 0.000000 0.000000 0.000000 0.000000 1.294219 1.918672 -0.061316 0.000000 0.000000 0.000000 0.000000 1.289163 1.917749 -0.058712 0.000000 0.000000 0.000000 0.000000 1.267961 1.917284 -0.057796 0.000000 0.000000 0.000000 0.000000 1.263594 1.916037 -0.054960 0.000000 0.000000 0.000000 0.000000 1.268236 1.915464 -0.054067 0.000000 0.000000 0.000000 0.000000 1.263169 1.914112 -0.051175 0.000000 0.000000 0.000000 0.000000 1.267065 1.913512 -0.050262 0.000000 0.000000 0.000000 0.000000 1.261633 1.912023 -0.047274 0.000000 0.000000 0.000000 0.000000 1.264281 1.911429 -0.046093 0.000000 0.000000 0.000000 0.000000 1.258899 1.909488 -0.042958 0.000000 0.000000 0.000000 0.000000 1.259824 1.908775 -0.041250 0.000000 0.000000 0.000000 0.000000 1.255021 1.906297 -0.037947 0.000000 0.000000 0.000000 0.000000 1.254099 1.905182 -0.035608 0.000000 0.000000 0.000000 0.000000 1.250287 1.902288 -0.032109 0.000000 0.000000 0.000000 0.000000 1.247622 1.900998 -0.029042 0.000000 0.000000 0.000000 0.000000 1.245306 1.897716 -0.025294 0.000000 0.000000 0.000000 0.000000 1.241105 1.896253 -0.021680 0.000000 0.000000 0.000000 0.000000 1.240679 1.892394 -0.017481 0.000000 0.000000 0.000000 0.000000 1.235207 1.890718 -0.013659 0.000000 0.000000 0.000000 0.000000 1.236723 1.886229 -0.008643 0.000000 0.000000 0.000000 0.000000 1.230544 1.884199 -0.004941 0.000000 0.000000 0.000000 0.000000 1.233385 1.878934 0.001207 0.000000 0.000000 0.000000 0.000000 1.227315 1.876547 0.004816 0.000000 0.000000 0.000000 0.000000 1.230582 1.870489 0.012117 0.000000 0.000000 0.000000 0.000000 1.225295 1.867691 0.015774 0.000000 0.000000 0.000000 0.000000 1.228665 1.860878 0.053524 0.000000 0.000000 0.000000 0.000000 1.224623 1.857642 0.059546 0.000000 0.000000 0.000000 0.000000 1.227874 1.850402 0.096391 0.000000 0.000000 0.000000 0.000000 1.225154 1.846573 0.104919 0.000000 0.000000 0.000000 0.000000 1.227913 1.839160 0.140021 0.000000 0.000000 0.000000 0.000000 1.226619 1.834668 0.151084 0.000000 0.000000 0.000000 0.000000 1.228532 1.827328 0.183758 0.000000 0.000000 0.000000 0.000000 1.228594 1.822262 0.196944 0.000000 0.000000 0.000000 0.000000 1.229548 1.815116 0.226974 0.000000 0.000000 0.000000 0.000000 1.230879 1.809625 0.242226 0.000000 0.000000 0.000000 0.000000 1.230739 1.802825 0.269417 0.000000 0.000000 0.000000 0.000000 1.233053 1.796995 0.286854 0.000000 0.000000 0.000000 0.000000 1.231747 1.790481 0.311215 0.000000 0.000000 0.000000 0.000000 1.234850 1.784107 0.330973 0.000000 0.000000 0.000000 0.000000 1.232409 1.777792 0.352614 0.000000 0.000000 0.000000 0.000000 1.236015 1.770891 0.374619 0.000000 0.000000 0.000000 0.000000 1.232828 1.764668 0.393971 0.000000 0.000000 0.000000 0.000000 1.236580 1.757557 0.418145 0.000000 0.000000 0.000000 0.000000 1.233096 1.751454 0.435930 0.000000 0.000000 0.000000 0.000000 1.236529 1.744254 0.462244 0.000000 0.000000 0.000000 0.000000 1.233310 1.738298 0.479309 0.000000 0.000000 0.000000 0.000000 1.236060 1.730943 0.507774 0.000000 0.000000 0.000000 0.000000 1.233473 1.725130 0.524170 0.000000 0.000000 0.000000 0.000000 1.235049 1.717626 0.554763 0.000000 0.000000 0.000000 0.000000 1.233473 1.711851 0.567947 0.000000 0.000000 0.000000 0.000000 1.233449 1.704425 0.600338 0.000000 0.000000 0.000000 0.000000 1.233188 1.698732 0.608498 0.000000 0.000000 0.000000 0.000000 1.231450 1.691502 0.642053 0.000000 0.000000 0.000000 0.000000 1.232782 1.685976 0.645422 0.000000 0.000000 0.000000 0.000000 1.229904 1.679181 0.679538 0.000000 0.000000 0.000000 0.000000 1.232978 1.673897 0.678884 0.000000 0.000000 0.000000 0.000000 1.229861 1.667668 0.713255 0.000000 0.000000 0.000000 0.000000 1.234645 1.662575 0.709082 0.000000 0.000000 0.000000 0.000000 1.231649 1.656994 0.712305 0.000000 0.000000 0.000000 0.000000 1.238027 1.652148 0.706318 0.000000 0.000000 0.000000 0.000000 1.235411 1.646997 0.707594 0.000000 0.000000 0.000000 0.000000 1.242933 1.642386 0.700784 0.000000 0.000000 0.000000 0.000000 1.241112 1.637502 0.700730 0.000000 0.000000 0.000000 0.000000 1.249086 1.633096 0.693709 0.000000 0.000000 0.000000 0.000000 1.248457 1.628297 0.692907 0.000000 0.000000 0.000000 0.000000 1.256362 1.624003 0.685316 0.000000 0.000000 0.000000 0.000000 1.257083 1.619204 0.683932 0.000000 0.000000 0.000000 0.000000 1.264556 1.615020 0.675363 0.000000 0.000000 0.000000 0.000000 1.266810 1.610082 0.673544 0.000000 0.000000 0.000000 0.000000 1.273389 1.606156 0.664176 0.000000 0.000000 0.000000 0.000000 1.277298 1.601150 0.661875 0.000000 0.000000 0.000000 0.000000 1.282502 1.597705 0.652112 0.000000 0.000000 0.000000 0.000000 1.288073 1.592765 0.649189 0.000000 0.000000 0.000000 0.000000 1.291607 1.589993 0.639662 0.000000 0.000000 0.000000 0.000000 1.298468 1.585299 0.635665 0.000000 0.000000 0.000000 0.000000 1.300484 1.583333 0.627390 0.000000 0.000000 0.000000 0.000000 1.308180 1.578928 0.621571 0.000000 0.000000 0.000000 0.000000 1.309003 1.577825 0.616203 0.000000 0.000000 0.000000 0.000000 1.316954 1.573751 0.607694 0.000000 0.000000 0.000000 0.000000 1.316944 1.573541 0.606528 0.000000 0.000000 0.000000 0.000000 1.324748 1.569880 0.595279 0.000000 0.000000 0.000000 0.000000 1.324143 1.570551 0.598115 0.000000 0.000000 0.000000 0.000000 1.331386 1.567494 0.586816 0.000000 0.000000 0.000000 0.000000 1.330448 1.568943 0.592909 0.000000 0.000000 0.000000 0.000000 1.336788 1.566525 0.583774 
Asymmetry_All
0.041115 0.025065 0.137507 0.000000 0.000000 0.000000 0.000000 0.041119 0.024713 0.136837 0.000000 0.000000 0.000000 0.000000 0.040991 0.024400 0.137507 0.000000 0.000000 0.000000 0.000000 0.040775 0.024152 0.136837 0.000000 0.000000 0.000000 0.000000 0.040474 0.023966 0.137507 0.000000 0.000000 0.000000 0.000000 0.040096 0.023949 0.136837 0.000000 0.000000 0.000000 0.000000 0.039645 0.024092 0.136837 0.000000 0.000000 0.000000 0.000000 0.039162 0.024234 0.135919 0.000000 0.000000 0.000000 0.000000 0.038649 0.024376 0.135919 0.000000 0.000000 0.000000 0.000000 0.038102 0.024425 0.134618 0.000000 0.000000 0.000000 0.000000 0.037521 0.024385 0.132956 0.000000 0.000000 0.000000 0.000000 0.036870 0.024275 0.131046 0.000000 0.000000 0.000000 0.000000 0.036152 0.024099 0.131046 0.000000 0.000000 0.000000 0.000000 0.035426 0.023937 0.128902 0.000000 0.000000 0.000000 0.000000 0.034693 0.023789 0.126684 0.000000 0.000000 0.000000 0.000000 0.033923 0.023658 0.124396 0.000000 0.000000 0.000000 0.000000 0.033119 0.023544 0.124396 0.000000 0.000000 0.000000 0.000000 0.032341 0.023464 0.124396 0.000000 0.000000 0.000000 0.000000 0.033119 0.023418 0.124396 0.000000 0.000000 0.000000 0.000000 0.032341 0.023344 0.124396 0.000000 0.000000 0.000000 0.000000 0.032341 0.023242 0.122085 0.000000 0.000000 0.000000 0.000000 0.031587 0.023165 0.124396 0.000000 0.000000 0.000000 0.000000 0.032341 0.023111 0.122085 0.000000 0.000000 0.000000 0.000000 0.031587 0.023043 0.122085 0.000000 0.000000 0.000000 0.000000 0.031587 0.022963 0.119752 0.000000 0.000000 0.000000 0.000000 0.030796 0.022874 0.117355 0.000000 0.000000 0.000000 0.000000 0.030796 0.022778 0.112355 0.000000 0.000000 0.000000 0.000000 0.030796 0.022669 0.109733 0.000000 0.000000 0.000000 0.000000 0.029968 0.022547 0.101579 0.000000 0.000000 0.000000 0.000000 0.029968 0.022495 0.098864 0.000000 0.000000 0.000000 0.000000 0.029968 0.022512 0.093290 0.000000 0.000000 0.000000 0.000000 0.029137 0.022600 0.090493 0.000000 0.000000 0.000000 0.000000 0.029137 0.022757 0.082303 0.000000 0.000000 0.000000 0.000000 0.028302 0.022984 0.079683 0.000000 0.000000 0.000000 0.000000 0.028302 0.023279 0.074527 0.000000 0.000000 0.000000 0.000000 0.027537 0.023480 0.069260 0.000000 0.000000 0.000000 0.000000 0.027537 0.023591 0.063865 0.000000 0.000000 0.000000 0.000000 0.026838 0.023707 0.058568 0.000000 0.000000 0.000000 0.000000 0.027397 0.023828 0.053486 0.000000 0.000000 0.000000 0.000000 0.027005 0.023899 0.048660 0.000000 0.000000 0.000000 0.000000 0.027533 0.023922 0.044132 0.000000 0.000000 0.000000 0.000000 0.027168 0.023971 0.037806 0.000000 0.000000 0.000000 0.000000 0.027766 0.024046 0.033806 0.000000 0.000000 0.000000 0.000000 0.027369 0.024039 0.031849 0.000000 0.000000 0.000000 0.000000 0.026884 0.023954 0.029919 0.000000 0.000000 0.000000 0.000000 0.028324 0.023888 0.028013 0.000000 0.000000 0.000000 0.000000 0.027592 0.023840 0.026129 0.000000 0.000000 0.000000 0.000000 0.026702 0.023789 0.024264 0.000000 0.000000 0.000000 0.000000 0.025700 0.023735 0.022416 0.000000 0.000000 0.000000 0.000000 0.024728 0.023713 0.020595 0.000000 0.000000 0.000000 0.000000 0.023802 0.023720 0.018801 0.000000 0.000000 0.000000 0.000000 0.022913 0.023463 0.016512 0.000000 0.000000 0.000000 0.000000 0.021999 0.023101 0.014170 0.000000 0.000000 0.000000 0.000000 0.021070 0.022691 0.011769 0.000000 0.000000 0.000000 0.000000 0.020178 0.022270 0.009321 0.000000 0.000000 0.000000 0.000000 0.019278 0.021823 0.006819 0.000000 0.000000 0.000000 0.000000 0.018303 0.021379 0.004289 0.000000 0.000000 0.000000 0.000000 0.017349 0.020987 0.001721 0.000000 0.000000 0.000000 0.000000 0.016460 0.020656 -0.000941 0.000000 0.000000 0.000000 0.000000 0.015633 0.020336 -0.003677 0.000000 0.000000 0.000000 0.000000 0.014847 0.020045 -0.006483 0.000000 0.000000 0.000000 0.000000 0.014052 0.019800 -0.009377 0.000000 0.000000 0.000000 0.000000 0.013300 0.019573 -0.012440 0.000000 0.000000 0.000000 0.000000 0.012632 0.019401 -0.015654 0.000000 0.000000 0.000000 0.000000 0.012080 0.019281 -0.018946 0.000000 0.000000 0.000000 0.000000 0.011599 0.019192 -0.022302 0.000000 0.000000 0.000000 0.000000 0.011169 0.019101 -0.025711 0.000000 0.000000 0.000000 0.000000 0.010794 0.018996 -0.029110 0.000000 0.000000 0.000000 0.000000 0.010491 0.018926 -0.032441 0.000000 0.000000 0.000000 0.000000 0.010199 0.018859 -0.035658 0.000000 0.000000 0.000000 0.000000 0.009897 0.018778 -0.038803 0.000000 0.000000 0.000000 0.000000 0.009643 0.018749 -0.041878 0.000000 0.000000 0.000000 0.000000 0.009495 0.018771 -0.044887 0.000000 0.000000 0.000000 0.000000 0.009375 0.018879 -0.047848 0.000000 0.000000 0.000000 0.000000 0.009279 0.019054 -0.050744 0.000000 0.000000 0.000000 0.000000 0.009239 0.019267 -0.053636 0.000000 0.000000 0.000000 0.000000 0.009270 0.019499 -0.056513 0.000000 0.000000 0.000000 0.000000 0.009342 0.019673 -0.059426 0.000000 0.000000 0.000000 0.000000 0.009380 0.019817 -0.062348 0.000000 0.000000 0.000000 0.000000 0.009395 0.019903 -0.065290 0.000000 0.000000 0.000000 0.000000 0.009383 0.019933 -0.068235 0.000000 0.000000 0.000000 0.000000 0.009321 0.019971 -0.071137 0.000000 0.000000 0.000000 0.000000 0.009269 0.020057 -0.074000 0.000000 0.000000 0.000000 0.000000 0.009229 0.020236 -0.076798 0.000000 0.000000 0.000000 0.000000 0.009268 0.020498 -0.079587 0.000000 0.000000 0.000000 0.000000 0.009429 0.020859 -0.082429 0.000000 0.000000 0.000000 0.000000 0.009684 0.021296 -0.085316 0.000000 0.000000 0.000000 0.000000 0.010033 0.021758 -0.088240 0.000000 0.000000 0.000000 0.000000 0.010474 0.022250 -0.091131 0.000000 0.000000 0.000000 0.000000 0.010974 0.022778 -0.094011 0.000000 0.000000 0.000000 0.000000 0.011500 0.023323 -0.096827 0.000000 0.000000 0.000000 0.000000 0.012068 0.023883 -0.099531 0.000000 0.000000 0.000000 0.000000 0.012682 0.024448 -0.102168 0.000000 0.000000 0.000000 0.000000 0.013268 0.025041 -0.104737 0.000000 0.000000 0.000000 0.000000 0.013863 0.025689 -0.107268 0.000000 0.000000 0.000000 0.000000 0.014497 0.026355 -0.109713 0.000000 0.000000 0.000000 0.000000 0.015115 0.026993 -0.112123 0.000000 0.000000 0.000000 0.000000 0.015694 0.027599 -0.114490 0.000000 0.000000 0.000000 0.000000 0.016262 0.028198 -0.116705 0.000000 0.000000 0.000000 0.000000 0.016853 0.028811 -0.118802 0.000000 0.000000 0.000000 0.000000 0.017406 0.029423 -0.120724 0.000000 0.000000 0.000000 0.000000 0.017849 0.030041 -0.122482 0.000000 0.000000 0.000000 0.000000 0.018248 0.030660 -0.124000 0.000000 0.000000 0.000000 0.000000 0.018612 0.031272 -0.125296 0.000000 0.000000 0.000000 0.000000 0.018907 0.031859 -0.126422 0.000000 0.000000 0.000000 0.000000 0.019117 0.032412 -0.127351 0.000000 0.000000 0.000000 0.000000 0.019159 0.032871 -0.128164 0.000000 0.000000 0.000000 0.000000 0.019089 0.033317 -0.128861 0.000000 0.000000 0.000000 0.000000 0.018908 0.033838 -0.131210 0.000000 0.000000 0.000000 0.000000 0.018629 0.034425 -0.133331 0.000000 0.000000 0.000000 0.000000 0.018364 0.035131 -0.135132 0.000000 0.000000 0.000000 0.000000 0.018210 0.035910 -0.136606 0.000000 0.000000 0.000000 0.000000 0.018196 0.036751 -0.137893 0.000000 0.000000 0.000000 0.000000 0.018316 0.037591 -0.138892 0.000000 0.000000 0.000000 0.000000 0.018431 0.038382 -0.139673 0.000000 0.000000 0.000000 0.000000 0.018531 0.039181 -0.140383 0.000000 0.000000 0.000000 0.000000 0.018627 0.039986 -0.141061 0.000000 0.000000 0.000000 0.000000 0.018653 0.040823 -0.141507 0.000000 0.000000 0.000000 0.000000 0.018601 0.041678 -0.140711 0.000000 0.000000 0.000000 0.000000 0.018437 0.042536 -0.140564 0.000000 0.000000 0.000000 0.000000 0.018207 0.043438 -0.140232 0.000000 0.000000 0.000000 0.000000 0.017921 0.044348 -0.139842 0.000000 0.000000 0.000000 0.000000 0.017481 0.045227 -0.138675 0.000000 0.000000 0.000000 0.000000 0.016968 0.046071 -0.138308 0.000000 0.000000 0.000000 0.000000 0.016384 0.046905 -0.137131 0.000000 0.000000 0.000000 0.000000 0.015728 0.047758 -0.136815 0.000000 0.000000 0.000000 0.000000 0.015048 0.048628 -0.135632 0.000000 0.000000 0.000000 0.000000 0.014324 0.049500 -0.135268 0.000000 0.000000 0.000000 0.000000 0.013511 0.050378 -0.133974 0.000000 0.000000 0.000000 0.000000 0.012625 0.051282 -0.132561 0.000000 0.000000 0.000000 0.000000 0.011708 0.052144 -0.131025 0.000000 0.000000 0.000000 0.000000 0.010818 0.052934 -0.129339 0.000000 0.000000 0.000000 0.000000 0.009949 0.053645 -0.127497 0.000000 0.000000 0.000000 0.000000 0.009129 0.054313 -0.125589 0.000000 0.000000 0.000000 0.000000 0.008418 0.054935 -0.123631 0.000000 0.000000 0.000000 0.000000 0.007685 0.055502 -0.121675 0.000000 0.000000 0.000000 0.000000 0.006873 0.056149 -0.119713 0.000000 0.000000 0.000000 0.000000 0.005968 0.056889 -0.117724 0.000000 0.000000 0.000000 0.000000 0.005048 0.057643 -0.115702 0.000000 0.000000 0.000000 0.000000 0.004116 0.058390 -0.113563 0.000000 0.000000 0.000000 0.000000 0.003138 0.059178 -0.111300 0.000000 0.000000 0.000000 0.000000 0.002184 0.060023 -0.108948 0.000000 0.000000 0.000000 0.000000 0.001283 0.060858 -0.106488 0.000000 0.000000 0.000000 0.000000 0.000476 0.061676 -0.103952 0.000000 0.000000 0.000000 0.000000 -0.000249 0.062577 -0.101365 0.000000 0.000000 0.000000 0.000000 -0.000913 0.063553 -0.098717 0.000000 0.000000 0.000000 0.000000 -0.001491 0.064513 -0.095978 0.000000 0.000000 0.000000 0.000000 -0.002003 0.065452 -0.093149 0.000000 0.000000 0.000000 0.000000 -0.002451 0.066390 -0.090255 0.000000 0.000000 0.000000 0.000000 -0.002855 0.067335 -0.087281 0.000000 0.000000 0.000000 0.000000 -0.003260 0.068251 -0.084253 0.000000 0.000000 0.000000 0.000000 -0.003700 0.069148 -0.081183 0.000000 0.000000 0.000000 0.000000 -0.004176 0.070114 -0.078167 0.000000 0.000000 0.000000 0.000000 -0.004647 0.071131 -0.075226 0.000000 0.000000 0.000000 0.000000 -0.005080 0.072143 -0.072429 0.000000 0.000000 0.000000 0.000000 -0.005457 0.073137 -0.069841 
Reverse_Swimming_All
0.000000 0.000000 0.000000 0.000000 0.000000 0.000000 0.000000 0.000000 0.000000 0.000000 0.000000 0.000000 0.000000 0.000000 0.000000 0.000000 0.000000 0.000000 0.000000 0.000000 0.000000 0.000000 0.000000 0.000000 0.000000 0.000000 0.000000 0.000000 0.000000 0.000000 0.000000 0.000000 0.000000 0.000000 0.000000 0.000000 0.000000 0.000000 0.000000 0.000000 0.000000 0.000000 0.000000 0.000000 0.000000 0.000000 0.000000 0.000000 0.000000 0.000000 0.000000 0.000000 0.000000 0.000000 0.000000 0.000000 0.000000 0.000000 0.000000 0.000000 0.000000 0.000000 0.000000 0.000000 0.000000 0.000000 0.000000 0.000000 0.000000 0.000000 0.000000 0.000000 0.000000 0.000000 0.000000 0.000000 0.000000 0.000000 0.000000 0.000000 0.000000 0.000000 0.000000 0.000000 0.000000 0.000000 0.000000 0.000000 0.000000 0.000000 0.000000 0.000000 0.000000 0.000000 0.000000 0.000000 0.000000 0.000000 0.000000 0.000000 0.000000 0.000000 0.000000 0.000000 0.000000 0.000000 0.000000 0.000000 0.000000 0.000000 0.000000 0.000000 0.000000 0.000000 0.000000 0.000000 0.000000 0.000000 0.000000 0.000000 0.000000 0.000000 0.000000 0.000000 0.000000 0.000000 0.000000 0.000000 0.000000 0.000000 0.000000 0.000000 0.000000 0.000000 0.000000 0.000000 0.000000 0.000000 0.000000 0.000000 0.000000 0.000000 0.000000 0.000000 0.000000 0.000000 0.000000 0.000000 0.000000 0.000000 0.000000 0.000000 0.000000 0.000000 0.000000 0.000000 0.000000 0.000000 0.000000 0.000000 0.000000 0.000000 0.000000 1.000000 0.000000 0.000000 0.000000 0.000000 0.000000 0.000000 1.000000 0.000000 0.000000 0.000000 0.000000 0.000000 0.000000 1.000000 0.000000 0.000000 0.000000 0.000000 0.000000 0.000000 1.000000 0.000000 0.000000 0.000000 0.000000 0.000000 0.000000 1.000000 0.000000 0.000000 0.000000 0.000000 0.000000 0.000000 1.000000 0.000000 0.000000 0.000000 0.000000 0.000000 0.000000 1.000000 0.000000 0.000000 0.000000 0.000000 0.000000 0.000000 1.000000 0.000000 0.000000 0.000000 0.000000 0.000000 0.000000 1.000000 0.000000 0.000000 0.000000 0.000000 0.000000 0.000000 1.000000 0.000000 0.000000 0.000000 0.000000 0.000000 0.000000 1.000000 0.000000 0.000000 0.000000 0.000000 0.000000 0.000000 1.000000 0.000000 0.000000 0.000000 0.000000 0.000000 0.000000 1.000000 0.000000 0.000000 0.000000 0.000000 0.000000 0.000000 1.000000 0.000000 0.000000 0.000000 0.000000 0.000000 0.000000 1.000000 0.000000 0.000000 0.000000 0.000000 0.000000 0.000000 1.000000 0.000000 0.000000 0.000000 0.000000 0.000000 0.000000 1.000000 0.000000 0.000000 0.000000 0.000000 0.000000 0.000000 1.000000 0.000000 0.000000 0.000000 0.000000 0.000000 0.000000 1.000000 0.000000 0.000000 0.000000 0.000000 0.000000 0.000000 1.000000 0.000000 0.000000 0.000000 0.000000 0.000000 0.000000 1.000000 0.000000 0.000000 0.000000 0.000000 0.000000 0.000000 1.000000 0.000000 0.000000 0.000000 0.000000 0.000000 0.000000 1.000000 0.000000 0.000000 0.000000 0.000000 0.000000 0.000000 1.000000 0.000000 0.000000 0.000000 0.000000 0.000000 0.000000 1.000000 0.000000 0.000000 0.000000 0.000000 0.000000 0.000000 1.000000 0.000000 0.000000 0.000000 0.000000 0.000000 0.000000 1.000000 0.000000 0.000000 0.000000 0.000000 0.000000 0.000000 1.000000 0.000000 0.000000 0.000000 0.000000 0.000000 0.000000 1.000000 0.000000 0.000000 0.000000 0.000000 0.000000 0.000000 1.000000 0.000000 0.000000 0.000000 0.000000 0.000000 0.000000 1.000000 0.000000 0.000000 0.000000 0.000000 0.000000 0.000000 1.000000 0.000000 0.000000 0.000000 0.000000 0.000000 0.000000 1.000000 0.000000 0.000000 0.000000 0.000000 0.000000 0.000000 1.000000 0.000000 0.000000 0.000000 0.000000 0.000000 0.000000 1.000000 0.000000 0.000000 0.000000 0.000000 0.000000 0.000000 1.000000 0.000000 0.000000 0.000000 0.000000 0.000000 0.000000 1.000000 0.000000 0.000000 0.000000 0.000000 0.000000 0.000000 1.000000 0.000000 0.000000 0.000000 0.000000 0.000000 0.000000 1.000000 0.000000 0.000000 0.000000 0.000000 0.000000 0.000000 1.000000 0.000000 0.000000 0.000000 0.000000 0.000000 0.000000 1.000000 0.000000 0.000000 0.000000 0.000000 0.000000 0.000000 1.000000 0.000000 0.000000 0.000000 0.000000 0.000000 0.000000 1.000000 0.000000 0.000000 0.000000 0.000000 0.000000 0.000000 1.000000 0.000000 0.000000 0.000000 0.000000 0.000000 0.000000 1.000000 0.000000 0.000000 0.000000 0.000000 0.000000 0.000000 1.000000 0.000000 0.000000 0.000000 0.000000 0.000000 0.000000 1.000000 0.000000 0.000000 0.000000 0.000000 0.000000 0.000000 1.000000 0.000000 0.000000 0.000000 0.000000 0.000000 0.000000 1.000000 0.000000 0.000000 0.000000 0.000000 0.000000 0.000000 1.000000 0.000000 0.000000 0.000000 0.000000 0.000000 0.000000 1.000000 0.000000 0.000000 0.000000 0.000000 0.000000 0.000000 1.000000 0.000000 0.000000 0.000000 0.000000 0.000000 0.000000 1.000000 0.000000 0.000000 0.000000 0.000000 0.000000 0.000000 1.000000 0.000000 0.000000 0.000000 0.000000 0.000000 0.000000 1.000000 0.000000 0.000000 0.000000 0.000000 0.000000 0.000000 1.000000 0.000000 0.000000 0.000000 0.000000 0.000000 0.000000 1.000000 0.000000 0.000000 0.000000 0.000000 0.000000 0.000000 1.000000 0.000000 0.000000 0.000000 0.000000 0.000000 0.000000 1.000000 0.000000 0.000000 0.000000 0.000000 0.000000 0.000000 1.000000 0.000000 0.000000 0.000000 0.000000 0.000000 0.000000 1.000000 0.000000 0.000000 0.000000 0.000000 0.000000 0.000000 1.000000 0.000000 0.000000 0.000000 0.000000 0.000000 0.000000 1.000000 0.000000 0.000000 0.000000 0.000000 0.000000 0.000000 1.000000 0.000000 0.000000 0.000000 0.000000 0.000000 0.000000 1.000000 0.000000 0.000000 0.000000 0.000000 0.000000 0.000000 1.000000 0.000000 0.000000 0.000000 0.000000 0.000000 0.000000 1.000000 0.000000 0.000000 0.000000 0.000000 0.000000 0.000000 0.000000 0.000000 0.000000 0.000000 0.000000 0.000000 0.000000 0.000000 0.000000 0.000000 0.000000 0.000000 0.000000 0.000000 0.000000 0.000000 0.000000 0.000000 0.000000 0.000000 0.000000 0.000000 0.000000 0.000000 0.000000 0.000000 0.000000 0.000000 0.000000 0.000000 0.000000 0.000000 0.000000 0.000000 0.000000 0.000000 0.000000 0.000000 0.000000 0.000000 0.000000 0.000000 0.000000 0.000000 0.000000 0.000000 0.000000 0.000000 0.000000 0.000000 0.000000 0.000000 0.000000 0.000000 0.000000 0.000000 0.000000 0.000000 0.000000 0.000000 0.000000 0.000000 0.000000 0.000000 0.000000 0.000000 0.000000 0.000000 0.000000 0.000000 0.000000 0.000000 0.000000 0.000000 0.000000 0.000000 0.000000 0.000000 0.000000 0.000000 0.000000 0.000000 0.000000 0.000000 0.000000 0.000000 0.000000 0.000000 0.000000 0.000000 0.000000 0.000000 0.000000 0.000000 0.000000 0.000000 0.000000 0.000000 0.000000 0.000000 0.000000 0.000000 0.000000 0.000000 0.000000 0.000000 0.000000 0.000000 0.000000 0.000000 0.000000 0.000000 0.000000 0.000000 0.000000 0.000000 0.000000 0.000000 0.000000 0.000000 0.000000 0.000000 0.000000 0.000000 0.000000 0.000000 0.000000 0.000000 0.000000 0.000000 0.000000 0.000000 0.000000 0.000000 0.000000 0.000000 0.000000 0.000000 0.000000 0.000000 0.000000 0.000000 0.000000 0.000000 0.000000 0.000000 0.000000 0.000000 0.000000 0.000000 0.000000 0.000000 0.000000 0.000000 0.000000 0.000000 0.000000 0.000000 0.000000 0.000000 0.000000 0.000000 0.000000 0.000000 0.000000 0.000000 0.000000 0.000000 0.000000 0.000000 0.000000 0.000000 0.000000 0.000000 0.000000 0.000000 0.000000 0.000000 0.000000 0.000000 0.000000 0.000000 0.000000 0.000000 0.000000 0.000000 0.000000 0.000000 0.000000 0.000000 0.000000 0.000000 0.000000 0.000000 0.000000 0.000000 0.000000 0.000000 0.000000 0.000000 0.000000 0.000000 0.000000 0.000000 0.000000 0.000000 0.000000 0.000000 0.000000 0.000000 0.000000 0.000000 0.000000 0.000000 0.000000 0.000000 0.000000 0.000000 0.000000 0.000000 0.000000 0.000000 0.000000 0.000000 0.000000 0.000000 0.000000 0.000000 0.000000 0.000000 0.000000 0.000000 0.000000 0.000000 0.000000 0.000000 0.000000 0.000000 0.000000 0.000000 0.000000 0.000000 0.000000 0.000000 0.000000 0.000000 0.000000 0.000000 0.000000 0.000000 0.000000 0.000000 0.000000 0.000000 0.000000 0.000000 0.000000 0.000000 0.000000 0.000000 0.000000 0.000000 0.000000 0.000000 0.000000 0.000000 0.000000 0.000000 0.000000 0.000000 0.000000 0.000000 0.000000 0.000000 0.000000 0.000000 0.000000 0.000000 0.000000 0.000000 0.000000 0.000000 0.000000 0.000000 0.000000 0.000000 0.000000 0.000000 0.000000 0.000000 0.000000 0.000000 0.000000 0.000000 0.000000 0.000000 0.000000 0.000000 0.000000 0.000000 0.000000 0.000000 0.000000 0.000000 0.000000 0.000000 0.000000 0.000000 0.000000 0.000000 0.000000 0.000000 0.000000 0.000000 0.000000 0.000000 0.000000 0.000000 0.000000 0.000000 0.000000 0.000000 0.000000 0.000000 0.000000 0.000000 0.000000 0.000000 0.000000 0.000000 0.000000 0.000000 0.000000 0.000000 0.000000 0.000000 0.000000 0.000000 0.000000 0.000000 0.000000 0.000000 0.000000 0.000000 0.000000 0.000000 0.000000 0.000000 0.000000 0.000000 0.000000 0.000000 0.000000 0.000000 0.000000 0.000000 0.000000 0.000000 0.000000 0.000000 0.000000 0.000000 0.000000 0.000000 0.000000 0.000000 0.000000 0.000000 0.000000 0.000000 0.000000 0.000000 0.000000 0.000000 0.000000 0.000000 0.000000 0.000000 0.000000 0.000000 0.000000 0.000000 0.000000 0.000000 0.000000 0.000000 0.000000 0.000000 0.000000 0.000000 0.000000 0.000000 0.000000 0.000000 0.000000 0.000000 0.000000 0.000000 0.000000 0.000000 0.000000 0.000000 0.000000 0.000000 0.000000 0.000000 0.000000 0.000000 0.000000 0.000000 0.000000 0.000000 0.000000 0.000000 0.000000 0.000000 0.000000 0.000000 0.000000 0.000000 0.000000 0.000000 0.000000 0.000000 0.000000 0.000000 0.000000 0.000000 0.000000 0.000000 0.000000 0.000000 0.000000 0.000000 0.000000 0.000000 0.000000 0.000000 0.000000 0.000000 0.000000 0.000000 0.000000 0.000000 0.000000 0.000000 0.000000 0.000000 0.000000 0.000000 0.000000 0.000000 0.000000 0.000000 0.000000 0.000000 
Curling_All
27.190007 29.077070 22.110002 NaN NaN NaN NaN 26.170464 27.444914 24.097075 NaN NaN NaN NaN 25.345211 28.143916 22.761540 NaN NaN NaN NaN 26.401704 28.183204 23.299144 NaN NaN NaN NaN 24.872597 29.928892 23.703175 NaN NaN NaN NaN 26.141609 27.790444 22.674942 NaN NaN NaN NaN 25.965880 27.732858 21.811320 NaN NaN NaN NaN 27.320663 28.187387 23.282794 NaN NaN NaN NaN 26.267120 28.098970 24.108308 NaN NaN NaN NaN 26.258189 28.287130 23.872997 NaN NaN NaN NaN 27.948685 27.621676 22.347092 NaN NaN NaN NaN 28.205576 27.902448 21.122673 NaN NaN NaN NaN 28.079745 28.406373 21.313977 NaN NaN NaN NaN 26.539608 28.227735 21.311915 NaN NaN NaN NaN 26.926752 27.054142 20.646716 NaN NaN NaN NaN 27.483539 27.944253 20.427699 NaN NaN NaN NaN 27.189682 28.246699 20.773989 NaN NaN NaN NaN 27.327001 26.882933 19.601472 NaN NaN NaN NaN 27.191177 27.463503 19.636937 NaN NaN NaN NaN 27.652913 28.686368 20.216471 NaN NaN NaN NaN 28.845154 27.873407 19.336597 NaN NaN NaN NaN 27.851337 27.869325 19.514961 NaN NaN NaN NaN 28.127540 27.252835 20.283789 NaN NaN NaN NaN 26.881743 25.293234 18.967430 NaN NaN NaN NaN 26.807195 25.691783 19.156226 NaN NaN NaN NaN 27.481576 27.414830 21.099957 NaN NaN NaN NaN 28.223430 26.022917 21.938943 NaN NaN NaN NaN 28.166372 28.312020 26.575124 NaN NaN NaN NaN 28.835981 28.024436 26.433481 NaN NaN NaN NaN 27.651157 28.081711 27.615440 NaN NaN NaN NaN 27.449971 28.807695 26.442708 NaN NaN NaN NaN 29.070255 27.687783 24.291682 NaN NaN NaN NaN 27.235337 27.411715 25.132011 NaN NaN NaN NaN 26.766810 26.995763 24.110180 NaN NaN NaN NaN 26.668433 26.688097 24.362615 NaN NaN NaN NaN 26.393351 28.387057 23.155755 NaN NaN NaN NaN 25.870379 27.371724 23.878760 NaN NaN NaN NaN 27.945127 26.378211 23.640611 NaN NaN NaN NaN 25.961435 28.070990 22.623351 NaN NaN NaN NaN 27.126400 27.382339 24.079919 NaN NaN NaN NaN 28.696880 26.800634 24.637583 NaN NaN NaN NaN 25.960950 25.974574 24.434036 NaN NaN NaN NaN 27.533925 26.450425 24.217713 NaN NaN NaN NaN 26.647582 26.780478 23.510959 NaN NaN NaN NaN 26.289363 26.298854 22.343064 NaN NaN NaN NaN 26.044162 27.355895 22.929799 NaN NaN NaN NaN 26.065533 27.065735 22.993395 NaN NaN NaN NaN 26.204559 26.611082 23.437107 NaN NaN NaN NaN 27.013156 26.987829 23.714858 NaN NaN NaN NaN 27.058671 26.253857 23.187035 NaN NaN NaN NaN 27.055730 26.715213 23.394497 NaN NaN NaN NaN 27.662843 26.460017 21.983942 NaN NaN NaN NaN 27.805510 25.898297 22.190487 NaN NaN NaN NaN 28.037065 27.336088 21.725416 NaN NaN NaN NaN 26.933817 27.386778 22.424290 NaN NaN NaN NaN 27.817872 27.185579 21.807295 NaN NaN NaN NaN 27.426835 26.369808 20.955212 NaN NaN NaN NaN 27.758073 26.999741 20.113677 NaN NaN NaN NaN 28.716109 26.364933 20.338387 NaN NaN NaN NaN 28.382116 27.056334 21.333197 NaN NaN NaN NaN 29.548511 29.153676 22.932322 NaN NaN NaN NaN 27.941054 27.260310 22.187846 NaN NaN NaN NaN 27.618954 26.136216 20.787775 NaN NaN NaN NaN 26.797173 27.637353 21.953861 NaN NaN NaN NaN 26.219247 27.295650 21.420756 NaN NaN NaN NaN 25.368693 29.189618 22.170056 NaN NaN NaN NaN 25.444491 26.922825 20.927886 NaN NaN NaN NaN 26.431686 28.585250 20.863523 NaN NaN NaN NaN 29.387106 28.086986 20.383488 NaN NaN NaN NaN 27.575933 27.481441 23.121706 NaN NaN NaN NaN 27.807116 28.079916 21.607668 NaN NaN NaN NaN 28.135076 27.983540 22.151445 NaN NaN NaN NaN 27.901443 27.667369 21.477153 NaN NaN NaN NaN 27.625253 27.047612 23.152747 NaN NaN NaN NaN 27.539922 27.128776 25.554937 NaN NaN NaN NaN 26.697333 27.454063 28.077324 NaN NaN NaN NaN 26.630603 26.936993 26.897184 NaN NaN NaN NaN 26.968315 26.889383 27.143318 NaN NaN 
Stretch_All
0.398666 0.363412 0.477227 0.000000 0.000000 0.000000 0.000000 0.399937 0.363671 0.479330 0.000000 0.000000 0.000000 0.000000 0.401160 0.363921 0.477227 0.000000 0.000000 0.000000 0.000000 0.402338 0.364161 0.479330 0.000000 0.000000 0.000000 0.000000 0.403473 0.364393 0.477227 0.000000 0.000000 0.000000 0.000000 0.404567 0.364616 0.479330 0.000000 0.000000 0.000000 0.000000 0.405623 0.364832 0.479330 0.000000 0.000000 0.000000 0.000000 0.406643 0.365040 0.481729 0.000000 0.000000 0.000000 0.000000 0.407628 0.365241 0.481729 0.000000 0.000000 0.000000 0.000000 0.408580 0.365435 0.484255 0.000000 0.000000 0.000000 0.000000 0.409501 0.365623 0.486903 0.000000 0.000000 0.000000 0.000000 0.410392 0.365805 0.489647 0.000000 0.000000 0.000000 0.000000 0.411255 0.365981 0.489647 0.000000 0.000000 0.000000 0.000000 0.412091 0.366152 0.492482 0.000000 0.000000 0.000000 0.000000 0.412902 0.366317 0.495216 0.000000 0.000000 0.000000 0.000000 0.413687 0.366478 0.497854 0.000000 0.000000 0.000000 0.000000 0.414450 0.366633 0.497854 0.000000 0.000000 0.000000 0.000000 0.414867 0.366784 0.497854 0.000000 0.000000 0.000000 0.000000 0.414450 0.366931 0.497854 0.000000 0.000000 0.000000 0.000000 0.414867 0.367073 0.497854 0.000000 0.000000 0.000000 0.000000 0.414867 0.367212 0.500401 0.000000 0.000000 0.000000 0.000000 0.415165 0.367192 0.497854 0.000000 0.000000 0.000000 0.000000 0.414867 0.367173 0.500401 0.000000 0.000000 0.000000 0.000000 0.415165 0.367155 0.500401 0.000000 0.000000 0.000000 0.000000 0.415165 0.367137 0.502862 0.000000 0.000000 0.000000 0.000000 0.415455 0.367119 0.505240 0.000000 0.000000 0.000000 0.000000 0.415455 0.367102 0.509767 0.000000 0.000000 0.000000 0.000000 0.415455 0.367086 0.511923 0.000000 0.000000 0.000000 0.000000 0.415736 0.367069 0.518658 0.000000 0.000000 0.000000 0.000000 0.415736 0.367036 0.520823 0.000000 0.000000 0.000000 0.000000 0.415736 0.367003 0.524965 0.000000 0.000000 0.000000 0.000000 0.416189 0.366971 0.526947 0.000000 0.000000 0.000000 0.000000 0.416189 0.366939 0.532567 0.000000 0.000000 0.000000 0.000000 0.417048 0.366909 0.534340 0.000000 0.000000 0.000000 0.000000 0.417048 0.366879 0.537744 0.000000 0.000000 0.000000 0.000000 0.417954 0.366850 0.540974 0.000000 0.000000 0.000000 0.000000 0.417954 0.366821 0.544043 0.000000 0.000000 0.000000 0.000000 0.418907 0.366793 0.546962 0.000000 0.000000 0.000000 0.000000 0.421932 0.366766 0.549742 0.000000 0.000000 0.000000 0.000000 0.424457 0.366740 0.552392 0.000000 0.000000 0.000000 0.000000 0.427723 0.366714 0.554726 0.000000 0.000000 0.000000 0.000000 0.430315 0.366688 0.556348 0.000000 0.000000 0.000000 0.000000 0.433295 0.366663 0.557016 0.000000 0.000000 0.000000 0.000000 0.435558 0.366639 0.557339 0.000000 0.000000 0.000000 0.000000 0.437820 0.366615 0.557656 0.000000 0.000000 0.000000 0.000000 0.440753 0.366592 0.557965 0.000000 0.000000 0.000000 0.000000 0.442703 0.366569 0.558269 0.000000 0.000000 0.000000 0.000000 0.444654 0.366546 0.558566 0.000000 0.000000 0.000000 0.000000 0.446520 0.366524 0.558857 0.000000 0.000000 0.000000 0.000000 0.448061 0.366503 0.558859 0.000000 0.000000 0.000000 0.000000 0.449602 0.366482 0.558579 0.000000 0.000000 0.000000 0.000000 0.451143 0.367661 0.558919 0.000000 0.000000 0.000000 0.000000 0.452684 0.368840 0.558912 0.000000 0.000000 0.000000 0.000000 0.454225 0.370019 0.558854 0.000000 0.000000 0.000000 0.000000 0.455766 0.371125 0.558797 0.000000 0.000000 0.000000 0.000000 0.457307 0.372021 0.558739 0.000000 0.000000 0.000000 0.000000 0.458848 0.372549 0.558681 0.000000 0.000000 0.000000 0.000000 0.460389 0.371951 0.558623 0.000000 0.000000 0.000000 0.000000 0.461930 0.371686 0.558565 0.000000 0.000000 0.000000 0.000000 0.463471 0.372002 0.558299 0.000000 0.000000 0.000000 0.000000 0.465012 0.372899 0.557579 0.000000 0.000000 0.000000 0.000000 0.466378 0.373822 0.556624 0.000000 0.000000 0.000000 0.000000 0.467745 0.374771 0.555398 0.000000 0.000000 0.000000 0.000000 0.469111 0.375264 0.554172 0.000000 0.000000 0.000000 0.000000 0.470477 0.375548 0.552946 0.000000 0.000000 0.000000 0.000000 0.471844 0.375832 0.551719 0.000000 0.000000 0.000000 0.000000 0.473210 0.376120 0.550493 0.000000 0.000000 0.000000 0.000000 0.474577 0.376476 0.549267 0.000000 0.000000 0.000000 0.000000 0.475556 0.377018 0.548041 0.000000 0.000000 0.000000 0.000000 0.476536 0.377631 0.546815 0.000000 0.000000 0.000000 0.000000 0.477098 0.378315 0.545588 0.000000 0.000000 0.000000 0.000000 0.477434 0.378938 0.544362 0.000000 0.000000 0.000000 0.000000 0.477504 0.379561 0.543136 0.000000 0.000000 0.000000 0.000000 0.477212 0.380184 0.541910 0.000000 0.000000 0.000000 0.000000 0.477424 0.380807 0.540684 0.000000 0.000000 0.000000 0.000000 0.477759 0.381430 0.539457 0.000000 0.000000 0.000000 0.000000 0.478215 0.382053 0.538510 0.000000 0.000000 0.000000 0.000000 0.478746 0.382676 0.537562 0.000000 0.000000 0.000000 0.000000 0.479349 0.383299 0.536897 0.000000 0.000000 0.000000 0.000000 0.479953 0.383922 0.536330 0.000000 0.000000 0.000000 0.000000 0.480557 0.384545 0.535861 0.000000 0.000000 0.000000 0.000000 0.481161 0.385168 0.535556 0.000000 0.000000 0.000000 0.000000 0.481765 0.385791 0.535415 0.000000 0.000000 0.000000 0.000000 0.482369 0.386414 0.535275 0.000000 0.000000 0.000000 0.000000 0.482973 0.387037 0.535134 0.000000 0.000000 0.000000 0.000000 0.483577 0.387660 0.534993 0.000000 0.000000 0.000000 0.000000 0.484181 0.388283 0.534524 0.000000 0.000000 0.000000 0.000000 0.484785 0.388906 0.533603 0.000000 0.000000 0.000000 0.000000 0.485389 0.389529 0.532561 0.000000 0.000000 0.000000 0.000000 0.485993 0.390152 0.531467 0.000000 0.000000 0.000000 0.000000 0.486597 0.390775 0.530373 0.000000 0.000000 0.000000 0.000000 0.487201 0.391398 0.529349 0.000000 0.000000 0.000000 0.000000 0.487804 0.392021 0.528570 0.000000 0.000000 0.000000 0.000000 0.488408 0.392644 0.527790 0.000000 0.000000 0.000000 0.000000 0.489012 0.393267 0.527011 0.000000 0.000000 0.000000 0.000000 0.489616 0.393828 0.526232 0.000000 0.000000 0.000000 0.000000 0.490220 0.394327 0.525461 0.000000 0.000000 0.000000 0.000000 0.490824 0.394755 0.524691 0.000000 0.000000 0.000000 0.000000 0.491428 0.395110 0.523921 0.000000 0.000000 0.000000 0.000000 0.492032 0.395439 0.523001 0.000000 0.000000 0.000000 0.000000 0.492973 0.395769 0.521891 0.000000 0.000000 0.000000 0.000000 0.494028 0.396098 0.520590 0.000000 0.000000 0.000000 0.000000 0.495083 0.396427 0.519176 0.000000 0.000000 0.000000 0.000000 0.496138 0.396685 0.517648 0.000000 0.000000 0.000000 0.000000 0.496995 0.396943 0.516017 0.000000 0.000000 0.000000 0.000000 0.497382 0.397201 0.514281 0.000000 0.000000 0.000000 0.000000 0.497688 0.397459 0.512546 0.000000 0.000000 0.000000 0.000000 0.497912 0.397717 0.510810 0.000000 0.000000 0.000000 0.000000 0.498083 0.397975 0.508087 0.000000 0.000000 0.000000 0.000000 0.497757 0.398232 0.505252 0.000000 0.000000 0.000000 0.000000 0.496986 0.398490 0.502298 0.000000 0.000000 0.000000 0.000000 0.495689 0.398748 0.498944 0.000000 0.000000 0.000000 0.000000 0.493865 0.399006 0.495323 0.000000 0.000000 0.000000 0.000000 0.491744 0.399059 0.491538 0.000000 0.000000 0.000000 0.000000 0.489622 0.398906 0.487580 0.000000 0.000000 0.000000 0.000000 0.487491 0.398734 0.483436 0.000000 0.000000 0.000000 0.000000 0.485349 0.398543 0.479092 0.000000 0.000000 0.000000 0.000000 0.483089 0.398339 0.474533 0.000000 0.000000 0.000000 0.000000 0.480710 0.398135 0.472145 0.000000 0.000000 0.000000 0.000000 0.478146 0.397931 0.467295 0.000000 0.000000 0.000000 0.000000 0.475533 0.397726 0.462193 0.000000 0.000000 0.000000 0.000000 0.472921 0.397255 0.456819 0.000000 0.000000 0.000000 0.000000 0.470309 0.396771 0.454240 0.000000 0.000000 0.000000 0.000000 0.467696 0.396287 0.448501 0.000000 0.000000 0.000000 0.000000 0.465084 0.395803 0.446088 0.000000 0.000000 0.000000 0.000000 0.462471 0.395320 0.441409 0.000000 0.000000 0.000000 0.000000 0.459859 0.394836 0.439759 0.000000 0.000000 0.000000 0.000000 0.457246 0.394352 0.435480 0.000000 0.000000 0.000000 0.000000 0.454634 0.393868 0.433783 0.000000 0.000000 0.000000 0.000000 0.452021 0.393384 0.432085 0.000000 0.000000 0.000000 0.000000 0.449409 0.392915 0.430388 0.000000 0.000000 0.000000 0.000000 0.446730 0.392445 0.428690 0.000000 0.000000 0.000000 0.000000 0.443983 0.391975 0.426993 0.000000 0.000000 0.000000 0.000000 0.441154 0.391506 0.425296 0.000000 0.000000 0.000000 0.000000 0.438325 0.391036 0.424010 0.000000 0.000000 0.000000 0.000000 0.435495 0.390566 0.423135 0.000000 0.000000 0.000000 0.000000 0.432893 0.390097 0.422918 0.000000 0.000000 0.000000 0.000000 0.430517 0.389627 0.423208 0.000000 0.000000 0.000000 0.000000 0.428504 0.389158 0.423573 0.000000 0.000000 0.000000 0.000000 0.425948 0.388688 0.423938 0.000000 0.000000 0.000000 0.000000 0.423269 0.388218 0.424302 0.000000 0.000000 0.000000 0.000000 0.420469 0.387749 0.424667 0.000000 0.000000 0.000000 0.000000 0.417595 0.387279 0.425032 0.000000 0.000000 0.000000 0.000000 0.414713 0.386809 0.425397 0.000000 0.000000 0.000000 0.000000 0.411942 0.386340 0.426066 0.000000 0.000000 0.000000 0.000000 0.409280 0.385870 0.427400 0.000000 0.000000 0.000000 0.000000 0.406619 0.385401 0.428801 0.000000 0.000000 0.000000 0.000000 0.403958 0.384931 0.430321 0.000000 0.000000 0.000000 0.000000 0.401297 0.384461 0.431707 0.000000 0.000000 0.000000 0.000000 0.398636 0.383948 0.433092 0.000000 0.000000 0.000000 0.000000 0.395975 0.383390 0.434477 0.000000 0.000000 0.000000 0.000000 0.393313 0.382714 0.435862 0.000000 0.000000 0.000000 0.000000 0.390652 0.381961 0.437248 0.000000 0.000000 0.000000 0.000000 0.387991 0.381207 0.438633 0.000000 0.000000 0.000000 0.000000 0.385330 0.380454 0.439927 0.000000 0.000000 0.000000 0.000000 0.382669 0.379700 0.441130 
Attenuation_All
53.127726 76.657083 42.824991 0.000000 0.000000 0.000000 0.000000 53.257355 76.497456 42.675537 0.000000 0.000000 0.000000 0.000000 53.382092 76.334746 42.824991 0.000000 0.000000 0.000000 0.000000 53.502209 76.178062 42.675537 0.000000 0.000000 0.000000 0.000000 53.617958 76.027076 42.824991 0.000000 0.000000 0.000000 0.000000 53.729573 75.880583 42.675537 0.000000 0.000000 0.000000 0.000000 53.837272 75.739230 42.675537 0.000000 0.000000 0.000000 0.000000 53.941257 75.602752 42.572470 0.000000 0.000000 0.000000 0.000000 54.041717 75.470900 42.572470 0.000000 0.000000 0.000000 0.000000 54.138828 75.343442 42.495869 0.000000 0.000000 0.000000 0.000000 54.232756 75.220164 42.443427 0.000000 0.000000 0.000000 0.000000 54.323654 75.100863 42.411389 0.000000 0.000000 0.000000 0.000000 54.411665 74.985349 42.411389 0.000000 0.000000 0.000000 0.000000 54.500403 74.873444 42.398053 0.000000 0.000000 0.000000 0.000000 54.600642 74.764983 42.385194 0.000000 0.000000 0.000000 0.000000 54.697843 74.659809 42.372785 0.000000 0.000000 0.000000 0.000000 54.792143 74.557774 42.372785 0.000000 0.000000 0.000000 0.000000 54.878781 74.458740 42.372785 0.000000 0.000000 0.000000 0.000000 54.792143 74.362577 42.372785 0.000000 0.000000 0.000000 0.000000 54.878781 74.269161 42.372785 0.000000 0.000000 0.000000 0.000000 54.878781 74.146151 42.360804 0.000000 0.000000 0.000000 0.000000 54.968774 74.012040 42.372785 0.000000 0.000000 0.000000 0.000000 54.878781 73.881603 42.360804 0.000000 0.000000 0.000000 0.000000 54.968774 73.754691 42.360804 0.000000 0.000000 0.000000 0.000000 54.968774 73.631164 42.349230 0.000000 0.000000 0.000000 0.000000 55.056195 73.510888 42.338041 0.000000 0.000000 0.000000 0.000000 55.056195 73.393735 42.314810 0.000000 0.000000 0.000000 0.000000 55.056195 73.279587 42.316300 0.000000 0.000000 0.000000 0.000000 55.141153 73.168328 42.462296 0.000000 0.000000 0.000000 0.000000 55.141153 73.058102 42.533948 0.000000 0.000000 0.000000 0.000000 55.141153 72.950599 42.671022 0.000000 0.000000 0.000000 0.000000 55.240681 72.845717 42.736622 0.000000 0.000000 0.000000 0.000000 55.240681 72.743362 42.922637 0.000000 0.000000 0.000000 0.000000 55.392224 72.643445 42.981291 0.000000 0.000000 0.000000 0.000000 55.392224 72.545878 43.127577 0.000000 0.000000 0.000000 0.000000 55.556222 72.450581 43.307782 0.000000 0.000000 0.000000 0.000000 55.556222 72.357474 43.490421 0.000000 0.000000 0.000000 0.000000 55.721499 72.261653 43.740530 0.000000 0.000000 0.000000 0.000000 55.752550 72.167985 43.978729 0.000000 0.000000 0.000000 0.000000 55.928926 72.105875 44.196066 0.000000 0.000000 0.000000 0.000000 56.160997 72.032362 44.345934 0.000000 0.000000 0.000000 0.000000 56.474334 71.947234 44.537628 0.000000 0.000000 0.000000 0.000000 56.733779 71.863937 44.643559 0.000000 0.000000 0.000000 0.000000 57.007778 71.782413 44.694835 0.000000 0.000000 0.000000 0.000000 57.281777 71.701311 44.758101 0.000000 0.000000 0.000000 0.000000 57.479951 71.621898 44.862992 0.000000 0.000000 0.000000 0.000000 57.742066 71.544123 45.008221 0.000000 0.000000 0.000000 0.000000 58.004182 71.493301 45.169590 0.000000 0.000000 0.000000 0.000000 58.259063 71.419163 45.346611 0.000000 0.000000 0.000000 0.000000 58.534408 71.346508 45.543458 0.000000 0.000000 0.000000 0.000000 58.809753 71.275291 45.756839 0.000000 0.000000 0.000000 0.000000 59.085097 71.158598 45.711591 0.000000 0.000000 0.000000 0.000000 59.360442 71.063586 45.660751 0.000000 0.000000 0.000000 0.000000 59.635787 70.967995 45.583355 0.000000 0.000000 0.000000 0.000000 59.911132 70.868856 45.537562 0.000000 0.000000 0.000000 0.000000 60.186476 70.755016 45.460166 0.000000 0.000000 0.000000 0.000000 60.461821 70.620444 45.404841 0.000000 0.000000 0.000000 0.000000 60.737166 70.432281 45.314742 0.000000 0.000000 0.000000 0.000000 61.012511 70.271771 45.246714 0.000000 0.000000 0.000000 0.000000 61.287855 70.141645 45.157804 0.000000 0.000000 0.000000 0.000000 61.563200 70.043779 45.056957 0.000000 0.000000 0.000000 0.000000 61.817341 69.952725 44.963331 0.000000 0.000000 0.000000 0.000000 62.037331 69.862870 44.846781 0.000000 0.000000 0.000000 0.000000 62.224250 69.765811 44.730231 0.000000 0.000000 0.000000 0.000000 62.405512 69.672108 44.633677 0.000000 0.000000 0.000000 0.000000 62.557640 69.594568 44.576054 0.000000 0.000000 0.000000 0.000000 62.657326 69.539103 44.557360 0.000000 0.000000 0.000000 0.000000 62.757013 69.502818 44.538667 0.000000 0.000000 0.000000 0.000000 62.813680 69.491334 44.470588 0.000000 0.000000 0.000000 0.000000 62.902598 69.504982 44.402510 0.000000 0.000000 0.000000 0.000000 62.950374 69.522328 44.334432 0.000000 0.000000 0.000000 0.000000 62.979530 69.536508 44.266353 0.000000 0.000000 0.000000 0.000000 62.985343 69.550689 44.198275 0.000000 0.000000 0.000000 0.000000 62.938822 69.576823 44.130197 0.000000 0.000000 0.000000 0.000000 62.862875 69.602957 44.062118 0.000000 0.000000 0.000000 0.000000 62.802484 69.629092 43.994040 0.000000 0.000000 0.000000 0.000000 62.769475 69.655226 43.925687 0.000000 0.000000 0.000000 0.000000 62.758282 69.681360 43.904720 0.000000 0.000000 0.000000 0.000000 62.774065 69.707494 43.886723 0.000000 0.000000 0.000000 0.000000 62.806177 69.733628 43.936893 0.000000 0.000000 0.000000 0.000000 62.854619 69.759763 44.013526 0.000000 0.000000 0.000000 0.000000 62.955164 69.812676 44.097900 0.000000 0.000000 0.000000 0.000000 63.033923 69.895743 44.223863 0.000000 0.000000 0.000000 0.000000 63.084215 69.983452 44.389386 0.000000 0.000000 0.000000 0.000000 63.134506 70.071162 44.569065 0.000000 0.000000 0.000000 0.000000 63.184798 70.158871 44.748745 0.000000 0.000000 0.000000 0.000000 63.234059 70.246581 44.895532 0.000000 0.000000 0.000000 0.000000 63.283320 70.334290 45.005824 0.000000 0.000000 0.000000 0.000000 63.332581 70.422000 45.099726 0.000000 0.000000 0.000000 0.000000 63.361241 70.509709 45.226997 0.000000 0.000000 0.000000 0.000000 63.375360 70.598352 45.394664 0.000000 0.000000 0.000000 0.000000 63.389480 70.708997 45.608157 0.000000 0.000000 0.000000 0.000000 63.403599 70.845530 45.846203 0.000000 0.000000 0.000000 0.000000 63.417718 71.002676 46.084248 0.000000 0.000000 0.000000 0.000000 63.431838 71.159823 46.322293 0.000000 0.000000 0.000000 0.000000 63.445957 71.314716 46.560339 0.000000 0.000000 0.000000 0.000000 63.456654 71.467292 46.798384 0.000000 0.000000 0.000000 0.000000 63.453119 71.630931 47.036430 0.000000 0.000000 0.000000 0.000000 63.449584 71.791938 47.274475 0.000000 0.000000 0.000000 0.000000 63.446049 71.951967 47.481643 0.000000 0.000000 0.000000 0.000000 63.447628 72.111995 47.653568 0.000000 0.000000 0.000000 0.000000 63.442980 72.272024 47.782238 0.000000 0.000000 0.000000 0.000000 63.438333 72.432052 47.899322 0.000000 0.000000 0.000000 0.000000 63.433686 72.594114 48.005246 0.000000 0.000000 0.000000 0.000000 63.410286 72.756176 48.101299 0.000000 0.000000 0.000000 0.000000 63.325406 72.918237 48.187803 0.000000 0.000000 0.000000 0.000000 63.221684 73.080798 48.274307 0.000000 0.000000 0.000000 0.000000 63.143416 73.243358 48.360810 0.000000 0.000000 0.000000 0.000000 63.074028 73.405918 48.495818 0.000000 0.000000 0.000000 0.000000 62.967231 73.568478 48.636394 0.000000 0.000000 0.000000 0.000000 62.822011 73.731038 48.776460 0.000000 0.000000 0.000000 0.000000 62.624367 73.893599 48.859242 0.000000 0.000000 0.000000 0.000000 62.364804 74.056159 48.900176 0.000000 0.000000 0.000000 0.000000 62.064930 74.210250 48.936967 0.000000 0.000000 0.000000 0.000000 61.765056 74.354901 48.975449 0.000000 0.000000 0.000000 0.000000 61.446846 74.498627 49.015742 0.000000 0.000000 0.000000 0.000000 61.126777 74.641420 49.057976 0.000000 0.000000 0.000000 0.000000 60.788843 74.783546 49.035051 0.000000 0.000000 0.000000 0.000000 60.432236 74.925672 49.038251 0.000000 0.000000 0.000000 0.000000 60.044992 75.068847 48.998375 0.000000 0.000000 0.000000 0.000000 59.660768 75.213073 48.875089 0.000000 0.000000 0.000000 0.000000 59.275552 75.374194 48.745228 0.000000 0.000000 0.000000 0.000000 58.907940 75.538818 48.700826 0.000000 0.000000 0.000000 0.000000 58.540327 75.703443 48.607811 0.000000 0.000000 0.000000 0.000000 58.172715 75.868067 48.609488 0.000000 0.000000 0.000000 0.000000 57.805103 76.032691 48.555975 0.000000 0.000000 0.000000 0.000000 57.437491 76.197315 48.569373 0.000000 0.000000 0.000000 0.000000 57.104031 76.361940 48.543458 0.000000 0.000000 0.000000 0.000000 56.803640 76.526564 48.557245 0.000000 0.000000 0.000000 0.000000 56.508908 76.691188 48.553037 0.000000 0.000000 0.000000 0.000000 56.235044 76.857197 48.498990 0.000000 0.000000 0.000000 0.000000 55.993854 77.023206 48.395102 0.000000 0.000000 0.000000 0.000000 55.752665 77.189215 48.274075 0.000000 0.000000 0.000000 0.000000 55.511475 77.363781 48.126365 0.000000 0.000000 0.000000 0.000000 55.238033 77.563380 47.944790 0.000000 0.000000 0.000000 0.000000 54.964592 77.738274 47.733307 0.000000 0.000000 0.000000 0.000000 54.709772 77.913167 47.566399 0.000000 0.000000 0.000000 0.000000 54.501038 78.088060 47.446513 0.000000 0.000000 0.000000 0.000000 54.371730 78.267162 47.342657 0.000000 0.000000 0.000000 0.000000 54.240844 78.449363 47.224847 0.000000 0.000000 0.000000 0.000000 54.094402 78.605297 47.120991 0.000000 0.000000 0.000000 0.000000 53.959845 78.772736 47.026323 0.000000 0.000000 0.000000 0.000000 53.809786 78.940227 47.052407 0.000000 0.000000 0.000000 0.000000 53.674267 79.107718 47.148343 0.000000 0.000000 0.000000 0.000000 53.549854 79.275208 47.326684 0.000000 0.000000 0.000000 0.000000 53.424495 79.443916 47.584064 0.000000 0.000000 0.000000 0.000000 53.285289 79.612624 47.890049 0.000000 0.000000 0.000000 0.000000 53.167870 79.781332 48.261248 0.000000 0.000000 0.000000 0.000000 53.078918 79.922446 48.632447 0.000000 0.000000 0.000000 0.000000 52.989966 80.084710 49.003646 0.000000 0.000000 0.000000 0.000000 52.901015 80.244182 49.374845 0.000000 0.000000 0.000000 0.000000 52.813093 80.395822 49.746044 0.000000 0.000000 0.000000 0.000000 52.725172 80.518077 50.117243 0.000000 0.000000 0.000000 0.000000 52.637250 80.618651 50.560730 0.000000 0.000000 0.000000 0.000000 52.569930 80.711835 50.997097 0.000000 0.000000 0.000000 0.000000 52.517151 80.791155 51.426124 
Traveling_Speed_All
0.000000 0.000000 0.000000 0.000000 0.000000 0.000000 0.000000 0.000904 0.000922 0.001278 0.000000 0.000000 0.000000 0.000000 0.001695 0.001832 0.003517 0.000000 0.000000 0.000000 0.000000 0.002577 0.002148 0.005612 0.000000 0.000000 0.000000 0.000000 0.003092 0.002417 0.008014 0.000000 0.000000 0.000000 0.000000 0.003635 0.002620 0.010093 0.000000 0.000000 0.000000 0.000000 0.004260 0.003006 0.011172 0.000000 0.000000 0.000000 0.000000 0.004882 0.003299 0.012994 0.000000 0.000000 0.000000 0.000000 0.005006 0.004205 0.013729 0.000000 0.000000 0.000000 0.000000 0.005424 0.004691 0.016248 0.000000 0.000000 0.000000 0.000000 0.005937 0.005012 0.019022 0.000000 0.000000 0.000000 0.000000 0.006627 0.005927 0.021598 0.000000 0.000000 0.000000 0.000000 0.006795 0.007455 0.022609 0.000000 0.000000 0.000000 0.000000 0.007020 0.009550 0.025691 0.000000 0.000000 0.000000 0.000000 0.007515 0.011208 0.028570 0.000000 0.000000 0.000000 0.000000 0.007637 0.011844 0.031370 0.000000 0.000000 0.000000 0.000000 0.008108 0.013081 0.032446 0.000000 0.000000 0.000000 0.000000 0.008545 0.015158 0.034034 0.000000 0.000000 0.000000 0.000000 0.009074 0.017453 0.035445 0.000000 0.000000 0.000000 0.000000 0.009617 0.019957 0.036728 0.000000 0.000000 0.000000 0.000000 0.010535 0.022650 0.039998 0.000000 0.000000 0.000000 0.000000 0.012211 0.026094 0.040971 0.000000 0.000000 0.000000 0.000000 0.012472 0.029578 0.043833 0.000000 0.000000 0.000000 0.000000 0.013828 0.032927 0.045356 0.000000 0.000000 0.000000 0.000000 0.015235 0.037061 0.048033 0.000000 0.000000 0.000000 0.000000 0.016742 0.041241 0.050774 0.000000 0.000000 0.000000 0.000000 0.018119 0.044609 0.054012 0.000000 0.000000 0.000000 0.000000 0.019679 0.048433 0.056136 0.000000 0.000000 0.000000 0.000000 0.021306 0.051911 0.060872 0.000000 0.000000 0.000000 0.000000 0.022422 0.055831 0.063556 0.000000 0.000000 0.000000 0.000000 0.023250 0.059022 0.065800 0.000000 0.000000 0.000000 0.000000 0.024869 0.060747 0.068377 0.000000 0.000000 0.000000 0.000000 0.025602 0.062887 0.071476 0.000000 0.000000 0.000000 0.000000 0.027016 0.065844 0.073352 0.000000 0.000000 0.000000 0.000000 0.027615 0.068860 0.075798 0.000000 0.000000 0.000000 0.000000 0.028909 0.071626 0.077809 0.000000 0.000000 0.000000 0.000000 0.029423 0.073807 0.079724 0.000000 0.000000 0.000000 0.000000 0.031028 0.076251 0.083048 0.000000 0.000000 0.000000 0.000000 0.032611 0.079078 0.087911 0.000000 0.000000 0.000000 0.000000 0.034520 0.081627 0.093569 0.000000 0.000000 0.000000 0.000000 0.036185 0.084153 0.097981 0.000000 0.000000 0.000000 0.000000 0.037346 0.087020 0.101704 0.000000 0.000000 0.000000 0.000000 0.038622 0.088750 0.104074 0.000000 0.000000 0.000000 0.000000 0.040059 0.090734 0.105222 0.000000 0.000000 0.000000 0.000000 0.041528 0.092618 0.106444 0.000000 0.000000 0.000000 0.000000 0.043158 0.095187 0.107710 0.000000 0.000000 0.000000 0.000000 0.044783 0.096915 0.109197 0.000000 0.000000 0.000000 0.000000 0.046884 0.099420 0.110820 0.000000 0.000000 0.000000 0.000000 0.049175 0.101477 0.112053 0.000000 0.000000 0.000000 0.000000 0.051182 0.103861 0.113532 0.000000 0.000000 0.000000 0.000000 0.053343 0.106010 0.114718 0.000000 0.000000 0.000000 0.000000 0.055464 0.108963 0.116197 0.000000 0.000000 0.000000 0.000000 0.057484 0.111767 0.117773 0.000000 0.000000 0.000000 0.000000 0.059585 0.114943 0.119310 0.000000 0.000000 0.000000 0.000000 0.061441 0.117724 0.120693 0.000000 0.000000 0.000000 0.000000 0.063387 0.120829 0.122530 0.000000 0.000000 0.000000 0.000000 0.065320 0.123643 0.124368 0.000000 0.000000 0.000000 0.000000 0.067018 0.126737 0.125988 0.000000 0.000000 0.000000 0.000000 0.068636 0.129739 0.127958 0.000000 0.000000 0.000000 0.000000 0.070531 0.131915 0.129946 0.000000 0.000000 0.000000 0.000000 0.072858 0.134299 0.132126 0.000000 0.000000 0.000000 0.000000 0.074239 0.137040 0.133943 0.000000 0.000000 0.000000 0.000000 0.077388 0.139008 0.135717 0.000000 0.000000 0.000000 0.000000 0.078882 0.140661 0.137719 0.000000 0.000000 0.000000 0.000000 0.081052 0.141999 0.139442 0.000000 0.000000 0.000000 0.000000 0.082560 0.143691 0.141443 0.000000 0.000000 0.000000 0.000000 0.083844 0.145536 0.143417 0.000000 0.000000 0.000000 0.000000 0.085584 0.147537 0.145494 0.000000 0.000000 0.000000 0.000000 0.087240 0.148589 0.148043 0.000000 0.000000 0.000000 0.000000 0.088661 0.149618 0.150192 0.000000 0.000000 0.000000 0.000000 0.090118 0.150256 0.152423 0.000000 0.000000 0.000000 0.000000 0.092618 0.151307 0.155781 0.000000 0.000000 0.000000 0.000000 0.094166 0.151846 0.158785 0.000000 0.000000 0.000000 0.000000 0.095300 0.152375 0.161842 0.000000 0.000000 0.000000 0.000000 0.096914 0.153366 0.164855 0.000000 0.000000 0.000000 0.000000 0.098119 0.154333 0.167802 0.000000 0.000000 0.000000 0.000000 0.099324 0.155449 0.170130 0.000000 0.000000 0.000000 0.000000 0.100426 0.156435 0.172731 0.000000 0.000000 0.000000 0.000000 0.101489 0.157303 0.175442 0.000000 0.000000 0.000000 0.000000 0.102813 0.158178 0.178297 0.000000 0.000000 0.000000 0.000000 0.104377 0.159211 0.180096 0.000000 0.000000 0.000000 0.000000 0.105806 0.159753 0.182225 0.000000 0.000000 0.000000 0.000000 0.107638 0.160238 0.184350 0.000000 0.000000 0.000000 0.000000 0.109602 0.160538 0.185982 0.000000 0.000000 0.000000 0.000000 0.111276 0.161266 0.187972 0.000000 0.000000 0.000000 0.000000 0.113061 0.161783 0.189749 0.000000 0.000000 0.000000 0.000000 0.115811 0.162632 0.191689 0.000000 0.000000 0.000000 0.000000 0.118077 0.163608 0.193448 0.000000 0.000000 0.000000 0.000000 0.120131 0.164505 0.195292 0.000000 0.000000 0.000000 0.000000 0.122777 0.165979 0.197139 0.000000 0.000000 0.000000 0.000000 0.124732 0.167039 0.198803 0.000000 0.000000 0.000000 0.000000 0.126404 0.167594 0.200071 0.000000 0.000000 0.000000 0.000000 0.127614 0.168995 0.202681 0.000000 0.000000 0.000000 0.000000 0.129485 0.170263 0.204469 0.000000 0.000000 0.000000 0.000000 0.131604 0.171411 0.206222 0.000000 0.000000 0.000000 0.000000 0.133555 0.172477 0.208318 0.000000 0.000000 0.000000 0.000000 0.136288 0.173724 0.211199 0.000000 0.000000 0.000000 0.000000 0.138204 0.174851 0.213628 0.000000 0.000000 0.000000 0.000000 0.139914 0.176221 0.216294 0.000000 0.000000 0.000000 0.000000 0.142742 0.177698 0.219208 0.000000 0.000000 0.000000 0.000000 0.144981 0.179337 0.221941 0.000000 0.000000 0.000000 0.000000 0.146460 0.180907 0.224083 0.000000 0.000000 0.000000 0.000000 0.148010 0.182434 0.226135 0.000000 0.000000 0.000000 0.000000 0.149084 0.184500 0.229986 0.000000 0.000000 0.000000 0.000000 0.150031 0.186356 0.233603 0.000000 0.000000 0.000000 0.000000 0.150720 0.188428 0.236593 0.000000 0.000000 0.000000 0.000000 0.151637 0.190486 0.239395 0.000000 0.000000 0.000000 0.000000 0.152639 0.192264 0.242622 0.000000 0.000000 0.000000 0.000000 0.153204 0.194278 0.244321 0.000000 0.000000 0.000000 0.000000 0.154880 0.195939 0.245640 0.000000 0.000000 0.000000 0.000000 0.156996 0.198555 0.247081 0.000000 0.000000 0.000000 0.000000 0.158025 0.200457 0.248352 0.000000 0.000000 0.000000 0.000000 0.160467 0.202354 0.250759 0.000000 0.000000 0.000000 0.000000 0.163180 0.204358 0.253164 0.000000 0.000000 0.000000 0.000000 0.166747 0.206099 0.255238 0.000000 0.000000 0.000000 0.000000 0.169139 0.207785 0.257747 0.000000 0.000000 0.000000 0.000000 0.170358 0.209926 0.259993 0.000000 0.000000 0.000000 0.000000 0.172378 0.211694 0.262172 0.000000 0.000000 0.000000 0.000000 0.175086 0.213515 0.265525 0.000000 0.000000 0.000000 0.000000 0.177592 0.215718 0.267270 0.000000 0.000000 0.000000 0.000000 0.180094 0.217733 0.269702 0.000000 0.000000 0.000000 0.000000 0.181939 0.219428 0.271469 0.000000 0.000000 0.000000 0.000000 0.184929 0.220730 0.273001 0.000000 0.000000 0.000000 0.000000 0.187345 0.222325 0.273823 0.000000 0.000000 0.000000 0.000000 0.188152 0.223461 0.275096 0.000000 0.000000 0.000000 0.000000 0.188239 0.224934 0.275989 0.000000 0.000000 0.000000 0.000000 0.190827 0.226170 0.277715 0.000000 0.000000 0.000000 0.000000 0.193430 0.227770 0.278953 0.000000 0.000000 0.000000 0.000000 0.194220 0.229205 0.280767 0.000000 0.000000 0.000000 0.000000 0.195553 0.230543 0.282958 0.000000 0.000000 0.000000 0.000000 0.196755 0.232330 0.284757 0.000000 0.000000 0.000000 0.000000 0.197964 0.233156 0.287699 0.000000 0.000000 0.000000 0.000000 0.198729 0.234529 0.290011 0.000000 0.000000 0.000000 0.000000 0.200623 0.236137 0.292273 0.000000 0.000000 0.000000 0.000000 0.201289 0.237467 0.294722 0.000000 0.000000 0.000000 0.000000 0.201797 0.239351 0.296649 0.000000 0.000000 0.000000 0.000000 0.202660 0.240856 0.298857 0.000000 0.000000 0.000000 0.000000 0.203617 0.241724 0.301020 0.000000 0.000000 0.000000 0.000000 0.204560 0.242130 0.303392 0.000000 0.000000 0.000000 0.000000 0.205536 0.243002 0.305528 0.000000 0.000000 0.000000 0.000000 0.207126 0.243234 0.307652 0.000000 0.000000 0.000000 0.000000 0.208693 0.244164 0.311660 0.000000 0.000000 0.000000 0.000000 0.212323 0.246469 0.315606 0.000000 0.000000 0.000000 0.000000 0.216164 0.247727 0.317857 0.000000 0.000000 0.000000 0.000000 0.219773 0.248743 0.320623 0.000000 0.000000 0.000000 0.000000 0.223380 0.249898 0.323359 0.000000 0.000000 0.000000 0.000000 0.227010 0.251445 0.325654 0.000000 0.000000 0.000000 0.000000 0.232290 0.252476 0.328162 0.000000 0.000000 0.000000 0.000000 0.235904 0.253373 0.330382 0.000000 0.000000 0.000000 0.000000 0.239097 0.254591 0.332265 0.000000 0.000000 0.000000 0.000000 0.243468 0.255781 0.334062 0.000000 0.000000 0.000000 0.000000 0.248957 0.257187 0.335821 0.000000 0.000000 0.000000 0.000000 0.253487 0.258846 0.338070 0.000000 0.000000 0.000000 0.000000 0.258284 0.261058 0.340425 0.000000 0.000000 0.000000 0.000000 0.263178 0.262353 0.341985 0.000000 0.000000 0.000000 0.000000 0.268305 0.263831 0.343635 
Brush_Stroke_All
0.042053 0.032540 0.080949 0.000000 0.000000 0.000000 0.000000 0.042281 0.032607 0.080693 0.000000 0.000000 0.000000 0.000000 0.042303 0.032677 0.079601 0.000000 0.000000 0.000000 0.000000 0.041853 0.032721 0.078626 0.000000 0.000000 0.000000 0.000000 0.041894 0.033017 0.077294 0.000000 0.000000 0.000000 0.000000 0.041832 0.032992 0.076281 0.000000 0.000000 0.000000 0.000000 0.041944 0.033019 0.074722 0.000000 0.000000 0.000000 0.000000 0.041403 0.033019 0.074613 0.000000 0.000000 0.000000 0.000000 0.041352 0.033381 0.074947 0.000000 0.000000 0.000000 0.000000 0.041210 0.033503 0.075423 0.000000 0.000000 0.000000 0.000000 0.041320 0.033615 0.074789 0.000000 0.000000 0.000000 0.000000 0.041667 0.034223 0.075022 0.000000 0.000000 0.000000 0.000000 0.041838 0.034742 0.075372 0.000000 0.000000 0.000000 0.000000 0.041906 0.035551 0.075351 0.000000 0.000000 0.000000 0.000000 0.042196 0.035314 0.075255 0.000000 0.000000 0.000000 0.000000 0.042196 0.035487 0.075571 0.000000 0.000000 0.000000 0.000000 0.042338 0.035638 0.075993 0.000000 0.000000 0.000000 0.000000 0.042421 0.036051 0.075956 0.000000 0.000000 0.000000 0.000000 0.042421 0.036207 0.075254 0.000000 0.000000 0.000000 0.000000 0.041984 0.036797 0.074089 0.000000 0.000000 0.000000 0.000000 0.042275 0.037665 0.072555 0.000000 0.000000 0.000000 0.000000 0.041950 0.037895 0.072740 0.000000 0.000000 0.000000 0.000000 0.042062 0.037899 0.071963 0.000000 0.000000 0.000000 0.000000 0.042001 0.038806 0.070478 0.000000 0.000000 0.000000 0.000000 0.042158 0.038993 0.069175 0.000000 0.000000 0.000000 0.000000 0.042790 0.039050 0.067240 0.000000 0.000000 0.000000 0.000000 0.042879 0.038847 0.064393 0.000000 0.000000 0.000000 0.000000 0.042884 0.039359 0.063410 0.000000 0.000000 0.000000 0.000000 0.043421 0.039516 0.061869 0.000000 0.000000 0.000000 0.000000 0.043023 0.039493 0.061408 0.000000 0.000000 0.000000 0.000000 0.043660 0.040846 0.060611 0.000000 0.000000 0.000000 0.000000 0.043612 0.040951 0.059115 0.000000 0.000000 0.000000 0.000000 0.043380 0.040846 0.058516 0.000000 0.000000 0.000000 0.000000 0.042914 0.041248 0.057353 0.000000 0.000000 0.000000 0.000000 0.042851 0.041325 0.056564 0.000000 0.000000 0.000000 0.000000 0.043029 0.041346 0.056499 0.000000 0.000000 0.000000 0.000000 0.042900 0.041581 0.057015 0.000000 0.000000 0.000000 0.000000 0.042978 0.042118 0.056990 0.000000 0.000000 0.000000 0.000000 0.042404 0.042385 0.056871 0.000000 0.000000 0.000000 0.000000 0.042384 0.041788 0.056823 0.000000 0.000000 0.000000 0.000000 0.042100 0.041608 0.056818 0.000000 0.000000 0.000000 0.000000 0.042016 0.041656 0.056781 0.000000 0.000000 0.000000 0.000000 0.041910 0.041459 0.057521 0.000000 0.000000 0.000000 0.000000 0.041333 0.041307 0.058058 0.000000 0.000000 0.000000 0.000000 0.041611 0.041107 0.059234 0.000000 0.000000 0.000000 0.000000 0.041585 0.040878 0.059914 0.000000 0.000000 0.000000 0.000000 0.041714 0.040467 0.060795 0.000000 0.000000 0.000000 0.000000 0.041663 0.040447 0.061000 0.000000 0.000000 0.000000 0.000000 0.041996 0.040206 0.061381 0.000000 0.000000 0.000000 0.000000 0.042131 0.039492 0.062550 0.000000 0.000000 0.000000 0.000000 0.042181 0.039528 0.063059 0.000000 0.000000 0.000000 0.000000 0.042624 0.039689 0.063305 0.000000 0.000000 0.000000 0.000000 0.042584 0.039571 0.063763 0.000000 0.000000 0.000000 0.000000 0.042719 0.039393 0.064132 0.000000 0.000000 0.000000 0.000000 0.042145 0.039275 0.064631 0.000000 0.000000 0.000000 0.000000 0.042234 0.039637 0.065147 0.000000 0.000000 0.000000 0.000000 0.041724 0.039479 0.064890 0.000000 0.000000 0.000000 0.000000 0.041685 0.039317 0.065135 0.000000 0.000000 0.000000 0.000000 0.041979 0.038950 0.065019 0.000000 0.000000 0.000000 0.000000 0.041944 0.038781 0.063655 0.000000 0.000000 0.000000 0.000000 0.041336 0.038567 0.061534 0.000000 0.000000 0.000000 0.000000 0.041728 0.038309 0.060722 0.000000 0.000000 0.000000 0.000000 0.041151 0.038329 0.059367 0.000000 0.000000 0.000000 0.000000 0.041218 0.038095 0.058975 0.000000 0.000000 0.000000 0.000000 0.041017 0.037807 0.058891 0.000000 0.000000 0.000000 0.000000 0.041118 0.037690 0.058710 0.000000 0.000000 0.000000 0.000000 0.040669 0.036929 0.058129 0.000000 0.000000 0.000000 0.000000 0.040682 0.036684 0.056424 0.000000 0.000000 0.000000 0.000000 0.040499 0.035956 0.056133 0.000000 0.000000 0.000000 0.000000 0.040103 0.035276 0.054985 0.000000 0.000000 0.000000 0.000000 0.039989 0.034456 0.054058 0.000000 0.000000 0.000000 0.000000 0.040066 0.034948 0.054072 0.000000 0.000000 0.000000 0.000000 0.039288 0.034434 0.053624 0.000000 0.000000 0.000000 0.000000 0.039046 0.034223 0.052897 0.000000 0.000000 0.000000 0.000000 0.039087 0.034436 0.052069 0.000000 0.000000 0.000000 0.000000 0.039036 0.034097 0.051219 0.000000 0.000000 0.000000 0.000000 0.038994 0.034124 0.050547 0.000000 0.000000 0.000000 0.000000 0.039267 0.034317 0.050424 0.000000 0.000000 0.000000 0.000000 0.039227 0.034194 0.050480 0.000000 0.000000 0.000000 0.000000 0.039158 0.034020 0.050135 0.000000 0.000000 0.000000 0.000000 0.039511 0.034015 0.050368 0.000000 0.000000 0.000000 0.000000 0.039424 0.034029 0.050369 0.000000 0.000000 0.000000 0.000000 0.038750 0.033118 0.050136 0.000000 0.000000 0.000000 0.000000 0.038996 0.032711 0.049140 0.000000 0.000000 0.000000 0.000000 0.039048 0.032319 0.048939 0.000000 0.000000 0.000000 0.000000 0.039100 0.032234 0.049274 0.000000 0.000000 0.000000 0.000000 0.039034 0.032167 0.048575 0.000000 0.000000 0.000000 0.000000 0.038955 0.031795 0.048642 0.000000 0.000000 0.000000 0.000000 0.038959 0.032213 0.048553 0.000000 0.000000 0.000000 0.000000 0.038959 0.033260 0.048326 0.000000 0.000000 0.000000 0.000000 0.039381 0.033858 0.048269 0.000000 0.000000 0.000000 0.000000 0.039432 0.034544 0.047441 0.000000 0.000000 0.000000 0.000000 0.039584 0.034775 0.047019 0.000000 0.000000 0.000000 0.000000 0.039243 0.034767 0.046512 0.000000 0.000000 0.000000 0.000000 0.039138 0.035133 0.046266 0.000000 0.000000 0.000000 0.000000 0.039243 0.034959 0.046448 0.000000 0.000000 0.000000 0.000000 0.039283 0.035279 0.046179 0.000000 0.000000 0.000000 0.000000 0.039517 0.035330 0.046106 0.000000 0.000000 0.000000 0.000000 0.039406 0.035177 0.046800 0.000000 0.000000 0.000000 0.000000 0.039896 0.035348 0.048008 0.000000 0.000000 0.000000 0.000000 0.040084 0.035101 0.049896 0.000000 0.000000 0.000000 0.000000 0.040115 0.035046 0.050427 0.000000 0.000000 0.000000 0.000000 0.040040 0.035092 0.050729 0.000000 0.000000 0.000000 0.000000 0.039344 0.035457 0.052660 0.000000 0.000000 0.000000 0.000000 0.039378 0.035801 0.053653 0.000000 0.000000 0.000000 0.000000 0.039541 0.035974 0.054499 0.000000 0.000000 0.000000 0.000000 0.039865 0.035977 0.054974 0.000000 0.000000 0.000000 0.000000 0.039954 0.036092 0.055493 0.000000 0.000000 0.000000 0.000000 0.040098 0.035910 0.055423 0.000000 0.000000 0.000000 0.000000 0.040338 0.036020 0.055629 0.000000 0.000000 0.000000 0.000000 0.041102 0.035999 0.055682 0.000000 0.000000 0.000000 0.000000 0.041044 0.035963 0.055860 0.000000 0.000000 0.000000 0.000000 0.041316 0.036095 0.055605 0.000000 0.000000 0.000000 0.000000 0.041535 0.036331 0.055640 0.000000 0.000000 0.000000 0.000000 0.041995 0.035626 0.055363 0.000000 0.000000 0.000000 0.000000 0.041890 0.035552 0.055864 0.000000 0.000000 0.000000 0.000000 0.041925 0.035925 0.056678 0.000000 0.000000 0.000000 0.000000 0.042209 0.035800 0.057150 0.000000 0.000000 0.000000 0.000000 0.042513 0.035838 0.057199 0.000000 0.000000 0.000000 0.000000 0.042349 0.035699 0.057456 0.000000 0.000000 0.000000 0.000000 0.042345 0.035243 0.057368 0.000000 0.000000 0.000000 0.000000 0.042789 0.035061 0.057144 0.000000 0.000000 0.000000 0.000000 0.042595 0.034507 0.057144 0.000000 0.000000 0.000000 0.000000 0.043400 0.034293 0.056975 0.000000 0.000000 0.000000 0.000000 0.044204 0.034037 0.057336 0.000000 0.000000 0.000000 0.000000 0.044497 0.033934 0.057512 0.000000 0.000000 0.000000 0.000000 0.045091 0.033844 0.057735 0.000000 0.000000 0.000000 0.000000 0.045425 0.033825 0.058770 0.000000 0.000000 0.000000 0.000000 0.046061 0.034022 0.058632 0.000000 0.000000 0.000000 0.000000 0.047689 0.034271 0.058764 0.000000 0.000000 0.000000 0.000000 0.049681 0.034742 0.058817 0.000000 0.000000 0.000000 0.000000 0.049884 0.034859 0.058607 0.000000 0.000000 0.000000 0.000000 0.050160 0.034985 0.058609 0.000000 0.000000 0.000000 0.000000 0.050581 0.034684 0.058993 0.000000 0.000000 0.000000 0.000000 0.050978 0.034563 0.058772 0.000000 0.000000 0.000000 0.000000 0.051662 0.034487 0.058832 0.000000 0.000000 0.000000 0.000000 0.052237 0.034148 0.058636 0.000000 0.000000 0.000000 0.000000 0.052236 0.034069 0.058618 0.000000 0.000000 0.000000 0.000000 0.051975 0.033297 0.058519 0.000000 0.000000 0.000000 0.000000 0.051813 0.032767 0.057883 0.000000 0.000000 0.000000 0.000000 0.051475 0.032223 0.057561 0.000000 0.000000 0.000000 0.000000 0.050746 0.031941 0.057444 0.000000 0.000000 0.000000 0.000000 0.050844 0.031195 0.055857 0.000000 0.000000 0.000000 0.000000 0.050164 0.031305 0.055581 0.000000 0.000000 0.000000 0.000000 0.049402 0.031011 0.055535 0.000000 0.000000 0.000000 0.000000 0.048797 0.031010 0.054411 0.000000 0.000000 0.000000 0.000000 0.048634 0.030974 0.053476 0.000000 0.000000 0.000000 0.000000 0.048468 0.031066 0.051975 0.000000 0.000000 0.000000 0.000000 0.048287 0.031070 0.051238 0.000000 0.000000 0.000000 0.000000 0.046879 0.030698 0.051321 0.000000 0.000000 0.000000 0.000000 0.046381 0.031215 0.051180 0.000000 0.000000 0.000000 0.000000 0.046712 0.031187 0.050971 0.000000 0.000000 0.000000 0.000000 0.047202 0.031002 0.050248 0.000000 0.000000 0.000000 0.000000 0.047191 0.030950 0.050043 0.000000 0.000000 0.000000 0.000000 0.048125 0.030865 0.049853 0.000000 0.000000 0.000000 0.000000 0.049254 0.030757 0.048823 
Activity_Index_All
0.000000 0.000000 0.000000 0.000000 0.000000 0.000000 0.000000 41.169449 11.423008 91.218514 0.000000 0.000000 0.000000 0.000000 41.481803 11.400367 92.919957 0.000000 0.000000 0.000000 0.000000 41.298819 11.371681 94.164542 0.000000 0.000000 0.000000 0.000000 41.582512 11.435216 94.502274 0.000000 0.000000 0.000000 0.000000 41.759536 11.390582 94.841474 0.000000 0.000000 0.000000 0.000000 40.701641 11.401612 94.189370 0.000000 0.000000 0.000000 0.000000 41.846069 11.398259 95.137159 0.000000 0.000000 0.000000 0.000000 44.690475 11.473125 100.267646 0.000000 0.000000 0.000000 0.000000 46.099358 11.468735 105.549968 0.000000 0.000000 0.000000 0.000000 47.795987 11.461978 109.177416 0.000000 0.000000 0.000000 0.000000 49.797851 11.623864 113.944632 0.000000 0.000000 0.000000 0.000000 51.625180 11.755439 113.924191 0.000000 0.000000 0.000000 0.000000 53.352395 11.984594 109.763038 0.000000 0.000000 0.000000 0.000000 55.388045 11.860096 105.459389 0.000000 0.000000 0.000000 0.000000 57.065054 11.872755 101.687117 0.000000 0.000000 0.000000 0.000000 58.945339 11.879266 97.996424 0.000000 0.000000 0.000000 0.000000 60.753772 11.972667 93.689561 0.000000 0.000000 0.000000 0.000000 62.434066 11.981270 88.626240 0.000000 0.000000 0.000000 0.000000 63.421903 12.132657 83.141026 0.000000 0.000000 0.000000 0.000000 65.458443 12.371318 77.430218 0.000000 0.000000 0.000000 0.000000 66.591178 12.395157 73.676990 0.000000 0.000000 0.000000 0.000000 69.700674 12.304124 69.036952 0.000000 0.000000 0.000000 0.000000 69.795760 12.505619 63.882774 0.000000 0.000000 0.000000 0.000000 70.233208 12.476927 59.074882 0.000000 0.000000 0.000000 0.000000 71.427356 12.407820 53.914353 0.000000 0.000000 0.000000 0.000000 71.678920 12.260430 48.298036 0.000000 0.000000 0.000000 0.000000 71.762045 12.343724 44.318521 0.000000 0.000000 0.000000 0.000000 72.717147 12.317557 40.131423 0.000000 0.000000 0.000000 0.000000 72.091039 12.241541 39.669642 0.000000 0.000000 0.000000 0.000000 73.189565 12.597906 39.033982 0.000000 0.000000 0.000000 0.000000 73.130202 12.574508 37.976614 0.000000 0.000000 0.000000 0.000000 72.754875 12.491926 37.501905 0.000000 0.000000 0.000000 0.000000 71.983263 12.568719 36.660562 0.000000 0.000000 0.000000 0.000000 71.897632 12.548642 36.055841 0.000000 0.000000 0.000000 0.000000 72.239930 12.516007 35.927787 0.000000 0.000000 0.000000 0.000000 72.099859 12.556212 36.201636 0.000000 0.000000 0.000000 0.000000 72.230868 12.700918 36.181523 0.000000 0.000000 0.000000 0.000000 71.284487 12.775123 36.161522 0.000000 0.000000 0.000000 0.000000 71.298353 12.596614 36.248597 0.000000 0.000000 0.000000 0.000000 70.885761 12.550428 36.419524 0.000000 0.000000 0.000000 0.000000 70.828244 12.585596 36.643162 0.000000 0.000000 0.000000 0.000000 70.742310 12.558624 37.431147 0.000000 0.000000 0.000000 0.000000 69.863453 12.557216 38.147273 0.000000 0.000000 0.000000 0.000000 70.419229 12.556296 39.341804 0.000000 0.000000 0.000000 0.000000 70.442114 12.559747 40.269165 0.000000 0.000000 0.000000 0.000000 70.709684 12.522182 41.400541 0.000000 0.000000 0.000000 0.000000 70.654101 12.621703 42.143670 0.000000 0.000000 0.000000 0.000000 71.228166 12.669724 45.820820 0.000000 0.000000 0.000000 0.000000 71.444414 12.582353 50.197970 0.000000 0.000000 0.000000 0.000000 71.501075 12.747421 54.143998 0.000000 0.000000 0.000000 0.000000 72.211971 12.966450 57.894014 0.000000 0.000000 0.000000 0.000000 72.098190 13.105124 61.863382 0.000000 0.000000 0.000000 0.000000 72.269070 13.228179 65.765686 0.000000 0.000000 0.000000 0.000000 71.221656 13.376897 69.810023 0.000000 0.000000 0.000000 0.000000 71.272396 13.696957 73.869770 0.000000 0.000000 0.000000 0.000000 70.305137 13.839726 76.990257 0.000000 0.000000 0.000000 0.000000 70.131375 13.977900 80.621228 0.000000 0.000000 0.000000 0.000000 70.525741 14.039625 83.725159 0.000000 0.000000 0.000000 0.000000 70.379096 14.168483 85.063375 0.000000 0.000000 0.000000 0.000000 69.285729 14.272873 85.187527 0.000000 0.000000 0.000000 0.000000 69.878217 14.350829 86.960609 0.000000 0.000000 0.000000 0.000000 68.858566 14.522230 87.807003 0.000000 0.000000 0.000000 0.000000 68.921659 14.586550 89.931105 0.000000 0.000000 0.000000 0.000000 68.541252 14.617390 89.798827 0.000000 0.000000 0.000000 0.000000 68.660324 14.703827 89.513038 0.000000 0.000000 0.000000 0.000000 67.851908 14.528949 88.629993 0.000000 0.000000 0.000000 0.000000 67.808333 14.549834 86.042563 0.000000 0.000000 0.000000 0.000000 67.438072 14.375285 85.610531 0.000000 0.000000 0.000000 0.000000 66.720924 14.213814 83.869292 0.000000 0.000000 0.000000 0.000000 66.489645 13.988567 82.457839 0.000000 0.000000 0.000000 0.000000 66.597465 14.291837 82.482869 0.000000 0.000000 0.000000 0.000000 65.306016 14.180258 81.816894 0.000000 0.000000 0.000000 0.000000 64.933641 14.185883 80.755409 0.000000 0.000000 0.000000 0.000000 65.055067 14.358804 79.582533 0.000000 0.000000 0.000000 0.000000 65.048476 14.292809 78.413266 0.000000 0.000000 0.000000 0.000000 65.082940 14.370524 77.508264 0.000000 0.000000 0.000000 0.000000 65.673671 14.508536 77.423021 0.000000 0.000000 0.000000 0.000000 65.762185 14.501860 77.605253 0.000000 0.000000 0.000000 0.000000 65.818326 14.462569 77.181751 0.000000 0.000000 0.000000 0.000000 66.596659 14.485030 77.674045 0.000000 0.000000 0.000000 0.000000 66.651859 14.505173 77.818373 0.000000 0.000000 0.000000 0.000000 65.721242 14.117996 77.608358 0.000000 0.000000 0.000000 0.000000 66.340918 13.931115 76.222227 0.000000 0.000000 0.000000 0.000000 66.608806 13.732591 76.077442 0.000000 0.000000 0.000000 0.000000 66.843996 13.644512 76.771351 0.000000 0.000000 0.000000 0.000000 66.883716 13.546650 75.857208 0.000000 0.000000 0.000000 0.000000 66.894757 13.312362 76.133494 0.000000 0.000000 0.000000 0.000000 67.032601 13.405373 76.162486 0.000000 0.000000 0.000000 0.000000 67.139074 13.753599 75.965107 0.000000 0.000000 0.000000 0.000000 67.926016 13.908791 76.016404 0.000000 0.000000 0.000000 0.000000 68.015991 14.092444 74.831771 0.000000 0.000000 0.000000 0.000000 68.226604 14.084842 74.271498 0.000000 0.000000 0.000000 0.000000 67.534441 13.980278 73.564486 0.000000 0.000000 0.000000 0.000000 67.200880 14.028833 73.267066 0.000000 0.000000 0.000000 0.000000 67.170938 13.864877 73.661299 0.000000 0.000000 0.000000 0.000000 67.088427 13.899750 73.357342 0.000000 0.000000 0.000000 0.000000 67.304063 13.831415 73.381106 0.000000 0.000000 0.000000 0.000000 66.910389 13.687828 74.637560 0.000000 0.000000 0.000000 0.000000 67.533420 13.674235 76.729081 0.000000 0.000000 0.000000 0.000000 67.658977 13.505327 79.921468 0.000000 0.000000 0.000000 0.000000 67.543638 13.423050 80.944526 0.000000 0.000000 0.000000 0.000000 67.222752 13.391994 81.598201 0.000000 0.000000 0.000000 0.000000 65.836291 13.487759 84.885968 0.000000 0.000000 0.000000 0.000000 65.656255 13.577412 86.685180 0.000000 0.000000 0.000000 0.000000 65.681287 13.604836 88.273998 0.000000 0.000000 0.000000 0.000000 65.986858 13.572734 89.297590 0.000000 0.000000 0.000000 0.000000 65.926438 13.588839 90.420481 0.000000 0.000000 0.000000 0.000000 65.978456 13.500088 90.609378 0.000000 0.000000 0.000000 0.000000 66.203227 13.525261 91.266301 0.000000 0.000000 0.000000 0.000000 67.305843 13.505276 91.679490 0.000000 0.000000 0.000000 0.000000 67.090955 13.485039 92.281719 0.000000 0.000000 0.000000 0.000000 67.328785 13.531791 92.139808 0.000000 0.000000 0.000000 0.000000 67.491627 13.621166 92.430011 0.000000 0.000000 0.000000 0.000000 68.070099 13.363004 92.149527 0.000000 0.000000 0.000000 0.000000 67.752716 13.347802 93.101793 0.000000 0.000000 0.000000 0.000000 67.662926 13.507447 94.522458 0.000000 0.000000 0.000000 0.000000 67.963071 13.481185 95.320178 0.000000 0.000000 0.000000 0.000000 68.281968 13.516423 95.371002 0.000000 0.000000 0.000000 0.000000 67.847175 13.483773 95.736012 0.000000 0.000000 0.000000 0.000000 66.181482 13.330760 95.503399 0.000000 0.000000 0.000000 0.000000 65.197752 13.282531 94.863124 0.000000 0.000000 0.000000 0.000000 63.223994 13.097566 94.587776 0.000000 0.000000 0.000000 0.000000 61.595053 13.045802 94.027294 0.000000 0.000000 0.000000 0.000000 59.852732 12.981637 94.327593 0.000000 0.000000 0.000000 0.000000 57.345190 12.975963 94.304756 0.000000 0.000000 0.000000 0.000000 55.172841 12.973055 94.338240 0.000000 0.000000 0.000000 0.000000 52.635568 12.992748 95.653766 0.000000 0.000000 0.000000 0.000000 50.404151 13.089973 93.325977 0.000000 0.000000 0.000000 0.000000 49.128589 13.200359 91.478426 0.000000 0.000000 0.000000 0.000000 48.015138 13.388299 89.554367 0.000000 0.000000 0.000000 0.000000 45.057377 13.430300 87.275589 0.000000 0.000000 0.000000 0.000000 42.172895 13.331269 85.345834 0.000000 0.000000 0.000000 0.000000 39.413974 13.068463 84.005331 0.000000 0.000000 0.000000 0.000000 36.638618 12.878410 81.844672 0.000000 0.000000 0.000000 0.000000 34.041900 12.709742 80.100431 0.000000 0.000000 0.000000 0.000000 33.156797 12.446227 78.017750 0.000000 0.000000 0.000000 0.000000 31.910459 12.275669 76.338940 0.000000 0.000000 0.000000 0.000000 30.538969 11.852398 74.545776 0.000000 0.000000 0.000000 0.000000 30.589689 11.513411 72.082060 0.000000 0.000000 0.000000 0.000000 30.572485 11.168291 70.030449 0.000000 0.000000 0.000000 0.000000 30.346912 10.913164 68.237765 0.000000 0.000000 0.000000 0.000000 30.614144 10.499883 64.745716 0.000000 0.000000 0.000000 0.000000 30.395068 10.373252 62.866662 0.000000 0.000000 0.000000 0.000000 30.117037 10.113112 62.925879 0.000000 0.000000 0.000000 0.000000 29.952657 9.951419 61.774851 0.000000 0.000000 0.000000 0.000000 30.093786 9.780863 60.841352 0.000000 0.000000 0.000000 0.000000 30.262004 9.652494 59.208246 0.000000 0.000000 0.000000 0.000000 30.418248 9.619812 58.354289 0.000000 0.000000 0.000000 0.000000 29.791298 9.469361 58.328139 0.000000 0.000000 0.000000 0.000000 29.715603 9.587517 57.939776 0.000000 0.000000 0.000000 0.000000 30.148809 9.534436 57.375798 0.000000 0.000000 0.000000 0.000000 30.652973 9.433007 56.135367 0.000000 0.000000 0.000000 0.000000 30.780946 9.373702 55.403101 0.000000 0.000000 0.000000 0.000000 31.451525 9.306850 54.633690 0.000000 0.000000 0.000000 0.000000 32.167875 9.236353 54.841000 
usability
1.000000 1.000000 1.000000 1.000000 1.000000 0.393382 0.477941 
status
valid
valid
valid
rejected
rejected
rejected
rejected
highThr
66.000000 75.000000 77.000000 59.000000 79.000000 77.000000 84.000000 
lowThr
44.000000 50.000000 32.000000 46.000000 10.000000 26.000000 9.000000 
prevThr
25.000000 25.000000 25.000000 25.000000 25.000000 25.000000 25.000000 
highThrDef
66.000000 74.000000 77.000000 59.000000 79.000000 77.000000 84.000000 
lowThrDef
48.000000 50.000000 32.000000 46.000000 10.000000 26.000000 9.000000 
prevThrDef
25.000000 25.000000 25.000000 25.000000 25.000000 25.000000 25.000000 
manualSeparators







separators
1  545
1  545
1  545
1    2   21   22  242  243  281  282  357  358  545
1  545
1   41   42   83   95   96   98   99  107  108  121  122  127  128  130  131  149  150  156  160  193  401  402  405  422  424  427  481  482  484  486  490  493  494  496  529  531  532  540  541  544  545
1  181  182  192  193  205  206  223  244  245  289  290  321  324  325  326  329  341  342  344  356  357  358  359  363  364  384  388  391  392  393  421  422  424  434  436  437  448  449  454  469  470  471  472  480  481  482  484  485  487  488  492  493  494  495  496  545
