fields 34
worms 5
Wave_Initiation_Rate_Median
7.201933 11.617387 68.373362 13.385562 NaN 
Wave_Initiation_Rate_Range
3.665291 13.249460 5.189335 26.369559 NaN 
Body_Wave_Number_Median
1.810000 1.394713 0.712621 1.455394 NaN 
Body_Wave_Number_Range
0.454279 1.487185 0.416048 0.747025 NaN 
Asymmetry_Median
0.068959 0.026369 -0.000316 -0.013860 NaN 
Asymmetry_Range
0.108877 0.180960 0.025968 0.369118 NaN 
Reverse_Swimming
3.146274 2.502818 1.909091 0.364964 NaN 
Curling
0.000000 5.477178 0.000000 12.239468 NaN 
Stretch_Median
0.353002 0.604190 0.314710 0.542828 NaN 
Stretch_Range
0.156246 0.293644 0.164858 0.239518 NaN 
Attenuation_Median
79.052868 49.828785 54.339475 62.616127 NaN 
Attenuation_Range
18.390471 74.881008 25.475650 45.006472 NaN 
Traveling_Speed_Mean
0.862305 1.113064 5.166938 2.004636 NaN 
Brush_Stroke_Median
0.032760 0.047500 0.153600 0.048479 NaN 
Brush_Stroke_Range
0.018337 0.028431 0.056339 0.021498 NaN 
Activity_Index_Median
12.160621 21.321705 159.825151 33.799049 NaN 
Activity_Index_Range
12.307418 30.824182 60.548370 58.282812 NaN 
Wave_Initiation_Rate_10
5.916925 7.779456 66.686113 8.560248 NaN 
Body_Wave_Number_10
1.480194 0.439386 0.543756 0.947413 NaN 
Asymmetry_10
0.038574 -0.074655 -0.013867 -0.252660 NaN 
Stretch_10
0.302955 0.463287 0.230402 0.474214 NaN 
Attenuation_10
68.990344 10.547806 39.532987 32.744299 NaN 
Brush_Stroke_10
0.029255 0.034035 0.123668 0.037673 NaN 
Activity_Index_10
8.766263 13.529841 127.653708 20.121599 NaN 
usability
1.000000 0.886029 0.854779 0.829044 0.000000 
status
valid
valid
valid
valid
rejected
highThr
73.000000 80.000000 76.000000 76.000000 NaN 
lowThr
60.000000 45.000000 48.000000 39.000000 0.000000 
prevThr
25.000000 25.000000 25.000000 25.000000 25.000000 
highThrDef
73.000000 80.000000 76.000000 76.000000 NaN 
lowThrDef
60.000000 45.000000 37.000000 39.000000 0.000000 
prevThrDef
25.000000 25.000000 25.000000 25.000000 25.000000 
manualSeparators

209  210  211  251  252  404  405  406
174  175  176  177  178  179  180  181  452  453  465  466  467  468  469  470
528  529  530  531  532  533  534  540  541  542  543

separators
1   34   36  501  502  542  543  545
1  181  182  208  209  210  211  221  222  247  250  251  252  255  257  401  402  403  404  405  406  409  461  462  545
1   58   61   64   66   73   76   79   83   88   91   96  109  112  117  121  130  138  144  161  163  164  165  166  169  174  175  176  177  178  179  180  181  450  451  452  453  465  466  467  468  469  470  482  503  504  505  506  507  508  509  510  512  513  541  545
1   81   82  507  508  514  515  528  529  530  531  532  533  534  539  540  541  542  543  545
1  381  382  421  422  461  462  521  522  541  542  545
