fields 34
worms 5
Wave_Initiation_Rate_Median
118.226114 NaN 136.193318 117.025609 NaN 
Wave_Initiation_Rate_Range
119.461865 NaN 97.212769 99.178089 NaN 
Body_Wave_Number_Median
0.407572 NaN 0.465935 0.415817 NaN 
Body_Wave_Number_Range
0.356013 NaN 0.348559 0.370086 NaN 
Asymmetry_Median
0.013446 NaN -0.019297 -0.012852 NaN 
Asymmetry_Range
0.121328 NaN 0.102250 0.102825 NaN 
Reverse_Swimming
5.970516 NaN 2.467866 8.856089 NaN 
Curling
2.558635 NaN 4.034707 3.724138 NaN 
Stretch_Median
0.399628 NaN 0.391903 0.462076 NaN 
Stretch_Range
0.324970 NaN 0.210095 0.297856 NaN 
Attenuation_Median
57.020868 NaN 55.722633 57.640336 NaN 
Attenuation_Range
51.742816 NaN 31.890705 35.237945 NaN 
Traveling_Speed_Mean
10.297651 NaN 8.087755 7.284947 NaN 
Brush_Stroke_Median
0.067303 NaN 0.298502 0.065752 NaN 
Brush_Stroke_Range
0.067614 NaN 0.089895 0.062487 NaN 
Activity_Index_Median
431.030957 NaN 379.475754 440.425360 NaN 
Activity_Index_Range
459.982361 NaN 200.237242 391.257483 NaN 
Wave_Initiation_Rate_10
50.051116 NaN 56.664853 60.010603 NaN 
Body_Wave_Number_10
0.167189 NaN 0.249224 0.209719 NaN 
Asymmetry_10
-0.002628 NaN -0.094947 -0.094624 NaN 
Stretch_10
0.299995 NaN 0.333350 0.315666 NaN 
Attenuation_10
18.648228 NaN 34.797390 37.107032 NaN 
Brush_Stroke_10
0.050793 NaN 0.272226 0.057082 NaN 
Activity_Index_10
208.975067 NaN 231.026086 161.140186 NaN 
usability
0.862132 0.784926 0.847426 0.799632 0.545956 
status
valid
rejected
valid
valid
rejected
highThr
56.000000 60.000000 54.000000 60.000000 57.000000 
lowThr
25.000000 15.000000 24.000000 25.000000 8.000000 
prevThr
10.000000 25.000000 25.000000 10.000000 25.000000 
highThrDef
56.000000 60.000000 54.000000 60.000000 57.000000 
lowThrDef
16.000000 15.000000 24.000000 16.000000 8.000000 
prevThrDef
25.000000 25.000000 25.000000 25.000000 25.000000 
manualSeparators
436

478
278  348  349

separators
1   43   46   47   52   53   92   93  128  129  208  209  241  242  243  247  250  252  253  254  255  256  261  262  263  267  268  269  271  272  273  274  276  279  282  283  284  285  286  287  292  294  301  310  311  321  322  436  438  439  463  464  533  534  541  543  545
1    3    4   13   14   25   27   29   30   38   39   79   80   97   98   99  100  144  145  148  149  194  195  228  229  238  239  251  252  261  262  273  274  299  300  311  312  345  346  359  360  386  387  401  402  440  441  452  541  542  545
1   20   21   60   62   68   70   74   75   91   92   97   98  102  103  195  196  212  213  227  228  234  235  242  243  294  295  303  304  314  315  327  328  334  335  345  361  362  381  382  386  387  392  393  394  398  399  401  402  451  452  478  482  483  502  503  536  541  542  544  545
1   41   42   43   44   47   48   50   51   54   55   56   57   60   61   62   63   66   67   69   70   73   74   77   78   81   82   96   97  147  148  225  226  244  245  260  261  270  271  278  292  293  304  305  348  349  409  410  471  472  473  489  490  537  538  545
1   81   83  104  105  129  130  157  158  189  241  242  262  263  276  277  312  313  326  327  340  361  362  375  376  381  382  388  389  395  396  405  421  422  461  470  471  478  479  490  491  499  500  515  516  517  518  522  523  525  526  529  541  542  543  544  545
