fields 34
worms 6
Wave_Initiation_Rate_Median
9.817896 9.125409 NaN 26.378848 NaN NaN 
Wave_Initiation_Rate_Range
5.351579 8.931111 NaN 23.449392 NaN NaN 
Body_Wave_Number_Median
1.598620 1.559356 NaN 1.414595 NaN NaN 
Body_Wave_Number_Range
0.658084 0.657443 NaN 0.649721 NaN NaN 
Asymmetry_Median
-0.024933 -0.044185 NaN -0.009390 NaN NaN 
Asymmetry_Range
0.266058 0.375669 NaN 0.133079 NaN NaN 
Reverse_Swimming
0.000000 2.396007 NaN 0.000000 NaN NaN 
Curling
13.156900 15.849057 NaN 1.042471 NaN NaN 
Stretch_Median
0.677830 0.752269 NaN 0.547401 NaN NaN 
Stretch_Range
0.179598 0.181564 NaN 0.169042 NaN NaN 
Attenuation_Median
59.415873 33.673023 NaN 59.870111 NaN NaN 
Attenuation_Range
34.028937 41.200522 NaN 27.012967 NaN NaN 
Traveling_Speed_Mean
2.637981 1.179881 NaN 2.064224 NaN NaN 
Brush_Stroke_Median
0.052544 0.052910 NaN 0.047470 NaN NaN 
Brush_Stroke_Range
0.016292 0.026333 NaN 0.026383 NaN NaN 
Activity_Index_Median
24.161629 24.012001 NaN 59.144249 NaN NaN 
Activity_Index_Range
17.846655 28.531347 NaN 69.211131 NaN NaN 
Wave_Initiation_Rate_10
7.914067 7.899041 NaN 10.209708 NaN NaN 
Body_Wave_Number_10
1.193139 1.210935 NaN 1.040452 NaN NaN 
Asymmetry_10
-0.201232 -0.285355 NaN -0.047466 NaN NaN 
Stretch_10
0.562911 0.685779 NaN 0.477240 NaN NaN 
Attenuation_10
41.212308 16.073860 NaN 45.885252 NaN NaN 
Brush_Stroke_10
0.043287 0.035517 NaN 0.040328 NaN NaN 
Activity_Index_10
17.908901 15.967267 NaN 27.036064 NaN NaN 
usability
0.972426 0.681985 0.294118 0.952206 0.139706 0.000000 
status
valid
valid
rejected
valid
rejected
rejected
highThr
74.000000 67.000000 65.000000 67.000000 67.000000 NaN 
lowThr
33.000000 41.000000 50.000000 50.000000 45.000000 0.000000 
prevThr
25.000000 25.000000 25.000000 25.000000 25.000000 25.000000 
highThrDef
74.000000 67.000000 65.000000 67.000000 67.000000 NaN 
lowThrDef
33.000000 41.000000 23.000000 50.000000 45.000000 0.000000 
prevThrDef
25.000000 25.000000 25.000000 25.000000 25.000000 25.000000 
manualSeparators

117




separators
1   49   50   52   53  163  164  299  300  402  404  405  406  407  408  409  414  415  416  473  474  545
1  117  141  142  248  250  251  257  275  281  282  287  288  391  392  396  397  421  422  423  461  469  481  523  541  545
1   49   50   96   97   98   99  103  104  106  107  141  461  462  506  507  512  514  522  542  543  544  545
1  415  441  442  545
1   61   62  138  281  282  461  462  469  481  482  523  541  542  545
1  545
