fields 34
worms 5
Wave_Initiation_Rate_Median
7.087594 7.025463 11.111662 6.220922 9.378256 
Wave_Initiation_Rate_Range
3.796901 2.674377 5.620539 0.814737 4.380386 
Body_Wave_Number_Median
1.815252 1.830202 1.450177 1.914677 1.764949 
Body_Wave_Number_Range
0.623190 0.246386 0.387917 0.075560 0.466190 
Asymmetry_Median
-0.032490 -0.081270 -0.047815 -0.046871 0.010078 
Asymmetry_Range
0.113719 0.186083 0.080907 0.025417 0.031864 
Reverse_Swimming
0.000000 0.000000 0.000000 0.000000 0.000000 
Curling
0.000000 0.000000 0.000000 0.000000 0.000000 
Stretch_Median
0.463019 0.457563 0.495826 0.335977 0.320600 
Stretch_Range
0.185696 0.174345 0.109997 0.099084 0.133748 
Attenuation_Median
57.168305 67.125908 72.019400 76.138259 60.591722 
Attenuation_Range
27.214653 29.524038 10.243472 14.135477 19.377538 
Traveling_Speed_Mean
0.421540 0.806347 0.999434 0.527182 0.442705 
Brush_Stroke_Median
0.033086 0.032943 0.043583 0.027014 0.027958 
Brush_Stroke_Range
0.005965 0.007439 0.018433 0.001941 0.002743 
Activity_Index_Median
11.550697 11.509312 24.590141 8.406778 13.434315 
Activity_Index_Range
2.580420 5.131115 11.317751 1.563442 5.896913 
Wave_Initiation_Rate_10
6.379855 6.226820 8.528297 5.930213 7.011359 
Body_Wave_Number_10
1.477712 1.670003 1.264325 1.864647 1.415307 
Asymmetry_10
-0.065331 -0.109307 -0.089897 -0.050863 -0.005555 
Stretch_10
0.382249 0.379565 0.456399 0.311823 0.287721 
Attenuation_10
45.370243 47.854901 65.823955 66.211073 52.210862 
Brush_Stroke_10
0.028942 0.030393 0.037206 0.026208 0.026507 
Activity_Index_10
9.912786 9.940246 18.693552 7.883998 10.005821 
usability
0.979779 1.000000 0.996324 1.000000 0.994485 
status
valid
valid
valid
valid
valid
highThr
37.000000 49.000000 42.000000 54.000000 33.000000 
lowThr
18.000000 22.000000 26.000000 36.000000 22.000000 
prevThr
25.000000 25.000000 25.000000 25.000000 25.000000 
highThrDef
37.000000 49.000000 42.000000 54.000000 33.000000 
lowThrDef
18.000000 22.000000 26.000000 36.000000 22.000000 
prevThrDef
25.000000 25.000000 25.000000 25.000000 25.000000 
manualSeparators





separators
1  124  125  161  162  164  165  172  173  177  178  202  203  204  502  504  505  506  545
1  545
1  141  142  321  322  545
1  545
1  141  142  144  145  541  542  545
