fields 34
worms 5
Wave_Initiation_Rate_Median
17.884837 33.107994 6.285260 NaN NaN 
Wave_Initiation_Rate_Range
16.061745 26.155397 1.735929 NaN NaN 
Body_Wave_Number_Median
1.220117 1.425339 1.906568 NaN NaN 
Body_Wave_Number_Range
0.684145 0.516122 0.161203 NaN NaN 
Asymmetry_Median
0.001044 -0.009511 0.079855 NaN NaN 
Asymmetry_Range
0.222074 0.121141 0.023774 NaN NaN 
Reverse_Swimming
4.123077 5.354186 0.000000 NaN NaN 
Curling
7.283237 0.000000 0.000000 NaN NaN 
Stretch_Median
0.727370 0.502772 0.440353 NaN NaN 
Stretch_Range
0.350553 0.226462 0.267017 NaN NaN 
Attenuation_Median
55.312194 53.933154 78.114433 NaN NaN 
Attenuation_Range
29.286191 21.064682 22.892868 NaN NaN 
Traveling_Speed_Mean
1.828004 3.660046 0.430265 NaN NaN 
Brush_Stroke_Median
0.066820 0.074470 0.026471 NaN NaN 
Brush_Stroke_Range
0.020343 0.028817 0.004350 NaN NaN 
Activity_Index_Median
55.865051 88.872009 8.220312 NaN NaN 
Activity_Index_Range
49.794562 79.272857 3.065413 NaN NaN 
Wave_Initiation_Rate_10
10.570997 8.221041 5.795979 NaN NaN 
Body_Wave_Number_10
0.946394 1.161695 1.789650 NaN NaN 
Asymmetry_10
-0.169125 -0.117184 0.069678 NaN NaN 
Stretch_10
0.578092 0.440867 0.281958 NaN NaN 
Attenuation_10
38.197084 46.213777 67.444621 NaN NaN 
Brush_Stroke_10
0.056796 0.064619 0.025746 NaN NaN 
Activity_Index_10
33.779942 19.402280 7.615394 NaN NaN 
usability
0.954044 1.000000 0.994485 0.095588 0.305147 
status
valid
valid
valid
rejected
rejected
highThr
71.000000 73.000000 63.000000 57.000000 77.000000 
lowThr
52.000000 53.000000 52.000000 45.000000 50.000000 
prevThr
25.000000 25.000000 25.000000 25.000000 25.000000 
highThrDef
71.000000 73.000000 63.000000 57.000000 77.000000 
lowThrDef
52.000000 57.000000 52.000000 18.000000 9.000000 
prevThrDef
25.000000 25.000000 25.000000 25.000000 25.000000 
manualSeparators
91  206  207




separators
1   91   95   96  169  170  176  177  206  207  221  222  545
1  545
1  238  241  521  522  545
1    9   10   61   62   92   93  101  102  116  117  127  128  133  134  222  224  229  230  233  245  246  261  262  263  264  265  266  267  268  273  274  282  286  287  288  290  293  294  300  301  302  307  308  309  310  317  318  329  330  334  335  346  347  350  351  360  361  381  382  409  410  421  422  428  429  433  434  435  436  446  447  451  452  458  459  460  461  464  465  468  469  482  483  485  486  517  518  524  525  530  531  545
1   41   42   52   68   69   71   72   73   74   76   78  120  121  130  154  155  157  158  159  160  161  162  163  164  169  170  179  180  181  182  183  184  185  186  192  193  195  196  204  224  225  229  231  233  234  236  260  261  263  275  279  280  286  294  308  320  353  354  362  363  374  375  419  421  422  424  431  438  439  457  467  512  513  516  517  518  519  529  530  531  532  534  539  545
