fields 34
worms 5
Wave_Initiation_Rate_Median
70.852197 34.103424 50.802570 63.807614 49.695187 
Wave_Initiation_Rate_Range
19.129383 53.168360 50.875172 53.300389 33.568422 
Body_Wave_Number_Median
0.668288 0.718297 0.711554 0.526468 0.825303 
Body_Wave_Number_Range
0.258313 0.759242 0.641406 0.599211 0.605037 
Asymmetry_Median
0.002176 -0.032058 -0.009395 -0.040586 -0.006568 
Asymmetry_Range
0.036020 0.154670 0.214195 0.087925 0.093167 
Reverse_Swimming
0.000000 1.159154 0.000000 0.179283 6.789328 
Curling
0.000000 3.370787 5.597015 0.000000 0.000000 
Stretch_Median
0.351535 0.538615 0.563174 0.413835 0.439804 
Stretch_Range
0.136894 0.466775 0.367696 0.234274 0.214645 
Attenuation_Median
69.242164 67.844988 69.350198 63.345292 71.641523 
Attenuation_Range
17.777108 43.424336 22.686098 10.580603 18.023042 
Traveling_Speed_Mean
7.262145 7.982969 7.986321 10.144575 5.394315 
Brush_Stroke_Median
0.160778 0.113535 0.106451 0.150261 0.093988 
Brush_Stroke_Range
0.045577 0.035824 0.049384 0.059101 0.030783 
Activity_Index_Median
172.880491 105.766884 183.075547 172.544847 140.449026 
Activity_Index_Range
55.330360 121.959160 182.205988 160.037247 135.512877 
Wave_Initiation_Rate_10
61.775994 12.823481 13.271384 31.391212 33.022583 
Body_Wave_Number_10
0.540869 0.341968 0.295258 0.241841 0.389263 
Asymmetry_10
-0.014307 -0.122236 -0.049712 -0.093521 -0.060434 
Stretch_10
0.289703 0.358251 0.456994 0.305945 0.354201 
Attenuation_10
59.842274 37.271025 60.410116 56.991304 61.368075 
Brush_Stroke_10
0.136014 0.096308 0.077380 0.112147 0.080122 
Activity_Index_10
142.889983 36.231879 37.035499 58.128445 87.150588 
usability
1.000000 0.981618 0.985294 0.983456 1.000000 
status
valid
valid
valid
valid
valid
highThr
70.000000 74.000000 79.000000 69.000000 70.000000 
lowThr
48.000000 47.000000 54.000000 45.000000 46.000000 
prevThr
25.000000 25.000000 25.000000 25.000000 25.000000 
highThrDef
70.000000 74.000000 79.000000 69.000000 70.000000 
lowThrDef
50.000000 47.000000 54.000000 45.000000 50.000000 
prevThrDef
25.000000 25.000000 25.000000 25.000000 25.000000 
manualSeparators





separators
1  545
1  384  386  423  428  429  431  460  461  545
1    6   11  261  262  275  276  281  282  295  296  356  357  369  370  545
1  199  201  452  453  498  501  517  518  519  544  545
1  545
