fields 34
worms 5
Wave_Initiation_Rate_Median
12.171587 6.220159 NaN 7.895959 NaN 
Wave_Initiation_Rate_Range
15.035631 1.537741 NaN 2.680313 NaN 
Body_Wave_Number_Median
1.428780 1.674915 NaN 1.994660 NaN 
Body_Wave_Number_Range
0.891825 0.392742 NaN 0.813051 NaN 
Asymmetry_Median
0.095717 -0.097159 NaN 0.043414 NaN 
Asymmetry_Range
0.304718 0.011740 NaN 0.028468 NaN 
Reverse_Swimming
0.000000 0.000000 NaN 0.000000 NaN 
Curling
14.711538 0.000000 NaN 0.000000 NaN 
Stretch_Median
0.555201 0.363591 NaN 0.391644 NaN 
Stretch_Range
0.237465 0.304040 NaN 0.129996 NaN 
Attenuation_Median
48.693567 78.109797 NaN 65.438890 NaN 
Attenuation_Range
50.806701 19.978565 NaN 30.057248 NaN 
Traveling_Speed_Mean
0.346737 0.224732 NaN 0.395345 NaN 
Brush_Stroke_Median
0.040845 0.027575 NaN 0.032473 NaN 
Brush_Stroke_Range
0.026097 0.002145 NaN 0.003064 NaN 
Activity_Index_Median
22.327872 8.648144 NaN 12.897350 NaN 
Activity_Index_Range
56.046783 2.120992 NaN 3.260573 NaN 
Wave_Initiation_Rate_10
8.559361 5.588439 NaN 6.346117 NaN 
Body_Wave_Number_10
0.898524 1.507620 NaN 1.691668 NaN 
Asymmetry_10
-0.057363 -0.102400 NaN 0.025733 NaN 
Stretch_10
0.431781 0.280284 NaN 0.337116 NaN 
Attenuation_10
20.784490 66.849224 NaN 48.053195 NaN 
Brush_Stroke_10
0.036445 0.026158 NaN 0.031396 NaN 
Activity_Index_10
15.873490 7.558394 NaN 11.409493 NaN 
usability
0.764706 0.988971 0.873162 0.897059 0.005515 
status
valid
valid
rejected
valid
rejected
highThr
43.000000 39.000000 25.000000 32.000000 37.000000 
lowThr
10.000000 28.000000 11.000000 21.000000 14.000000 
prevThr
25.000000 25.000000 25.000000 25.000000 25.000000 
highThrDef
43.000000 39.000000 25.000000 32.000000 37.000000 
lowThrDef
10.000000 28.000000 11.000000 21.000000 14.000000 
prevThrDef
25.000000 25.000000 25.000000 25.000000 25.000000 
manualSeparators


451  452


separators
1   73   81   82   97   98  101  102  125  126  128  129  150  151  156  157  159  206  207  210  211  220  221  359  360  365  366  405  410  411  414  481  482  484  485  517  518  536  537  545
1   41   42  101  102  141  142  341  342  361  362  381  382  545
1    3    4   16   17   19   20   36   37   41   42   54   55   57   58   60   61   64   65   68   69   71   72   75   76   77   78   80   81  101  102  103  104  106  107  108  109  115  116  118  119  125  126  134  135  143  144  148  149  152  153  157  158  161  162  165  166  174  175  176  177  179  180  183  184  185  186  187  188  189  190  191  192  193  194  198  199  249  250  261  262  268  269  281  282  290  291  320  321  337  338  341  342  350  351  361  362  373  374  375  376  380  381  382  386  387  393  394  395  396  414  415  421  422  427  428  430  431  440  441  444  445  446  447  451  452  463  464  481  482  489  490  498  499  501  502  521  522  523  524  545
1  172  173  363  364  433  434  452  505  545
1  541  542  545
