fields 34
worms 5
Wave_Initiation_Rate_Median
41.028328 13.105917 9.285059 8.365918 27.804894 
Wave_Initiation_Rate_Range
14.474197 10.227457 6.424407 5.907694 43.429291 
Body_Wave_Number_Median
1.229948 1.353802 1.700558 1.741165 0.708769 
Body_Wave_Number_Range
0.276241 1.423213 0.797074 0.420144 1.002211 
Asymmetry_Median
-0.008696 0.009958 -0.029764 -0.124933 -0.051885 
Asymmetry_Range
0.022118 0.219949 0.052549 0.182593 0.335219 
Reverse_Swimming
0.000000 10.487580 0.000000 0.000000 0.351391 
Curling
0.000000 0.000000 0.000000 0.000000 15.240642 
Stretch_Median
0.480355 0.625867 0.317060 0.326957 0.760520 
Stretch_Range
0.159508 0.212832 0.090091 0.416013 0.390536 
Attenuation_Median
51.624872 72.714604 82.727637 58.852982 31.037450 
Attenuation_Range
19.284541 42.907791 18.050495 32.872829 42.615107 
Traveling_Speed_Mean
2.503190 1.856366 0.626009 1.133521 0.258199 
Brush_Stroke_Median
0.061157 0.053204 0.027348 0.035068 0.118058 
Brush_Stroke_Range
0.011338 0.023131 0.005950 0.024465 0.073263 
Activity_Index_Median
84.765693 32.046784 12.764645 14.667840 120.927490 
Activity_Index_Range
31.226886 35.895849 9.058861 19.444146 105.923694 
Wave_Initiation_Rate_10
35.225092 9.577239 7.428969 5.541028 10.989336 
Body_Wave_Number_10
1.075801 0.220277 1.442593 1.535832 0.214712 
Asymmetry_10
-0.018369 -0.094699 -0.057659 -0.157289 -0.246754 
Stretch_10
0.411170 0.561987 0.266186 0.272929 0.536869 
Attenuation_10
43.417616 44.147102 70.378396 42.932651 8.409442 
Brush_Stroke_10
0.058383 0.039640 0.026390 0.027712 0.102605 
Activity_Index_10
69.842141 19.683437 10.341196 8.330337 29.198075 
usability
1.000000 0.996324 1.000000 0.961397 0.687500 
status
valid
valid
valid
valid
valid
highThr
63.000000 67.000000 65.000000 69.000000 69.000000 
lowThr
48.000000 45.000000 49.000000 36.000000 40.000000 
prevThr
25.000000 25.000000 25.000000 25.000000 25.000000 
highThrDef
62.000000 67.000000 63.000000 69.000000 69.000000 
lowThrDef
48.000000 45.000000 50.000000 36.000000 40.000000 
prevThrDef
25.000000 25.000000 25.000000 25.000000 25.000000 
manualSeparators



358  359
106  107  244  245  284  285  288  289  342  362  363  376  377  393  394  404  405  440  441  469  470  479  480  486  415
separators
1  545
1  320  321  323  324  545
1  545
1  234  235  248  249  301  303  305  310  311  312  313  316  319  320  322  341  342  358  359  545
1   41   42  106  107  108  109  110  142  161  162  221  222  244  245  246  284  285  286  287  288  289  300  301  329  330  342  344  345  362  363  376  377  393  394  398  399  404  405  406  415  421  422  440  441  442  468  469  470  479  480  482  483  486  545
