fields 34
worms 5
Wave_Initiation_Rate_Median
54.814202 39.168144 68.283840 67.992272 22.318052 
Wave_Initiation_Rate_Range
61.800605 51.876708 86.103062 63.582076 43.394376 
Body_Wave_Number_Median
0.607334 0.702712 0.433020 0.358751 0.752197 
Body_Wave_Number_Range
0.767155 0.849284 0.762430 0.576543 0.928704 
Asymmetry_Median
0.028298 0.013092 0.007251 -0.008143 0.020663 
Asymmetry_Range
0.150749 0.160701 0.102313 0.111141 0.132370 
Reverse_Swimming
9.162833 18.049678 8.942042 8.831647 2.152714 
Curling
6.011132 5.056180 1.698113 0.883978 0.000000 
Stretch_Median
0.570586 0.485709 0.500510 0.449813 0.547745 
Stretch_Range
0.397117 0.398555 0.318709 0.295745 0.219744 
Attenuation_Median
49.917750 52.873469 51.186351 46.879971 66.330961 
Attenuation_Range
65.640894 67.548609 33.860984 27.172140 24.652755 
Traveling_Speed_Mean
3.346326 4.105381 6.847000 10.426293 3.368053 
Brush_Stroke_Median
0.246661 0.135881 0.180986 0.177131 0.128612 
Brush_Stroke_Range
0.121693 0.068040 0.070453 0.045320 0.060035 
Activity_Index_Median
211.386942 106.321191 213.442270 185.777570 50.024543 
Activity_Index_Range
194.247303 162.528988 262.476171 180.012190 128.674475 
Wave_Initiation_Rate_10
23.788503 15.412468 33.110891 54.054698 10.960037 
Body_Wave_Number_10
0.178306 0.348189 0.125295 0.101858 0.370640 
Asymmetry_10
-0.013420 -0.033517 -0.032146 -0.078954 -0.063181 
Stretch_10
0.404210 0.357492 0.335011 0.332802 0.417427 
Attenuation_10
-0.704275 1.279218 32.237757 31.799654 52.529567 
Brush_Stroke_10
0.171106 0.091200 0.144325 0.149963 0.095542 
Activity_Index_10
70.531731 23.994188 82.991139 132.585615 22.607321 
usability
0.990809 0.981618 0.974265 0.998162 1.000000 
status
valid
valid
valid
valid
valid
highThr
63.000000 63.000000 63.000000 56.000000 54.000000 
lowThr
44.000000 43.000000 36.000000 35.000000 35.000000 
prevThr
25.000000 25.000000 25.000000 25.000000 25.000000 
highThrDef
63.000000 63.000000 63.000000 56.000000 54.000000 
lowThrDef
44.000000 43.000000 36.000000 35.000000 35.000000 
prevThrDef
25.000000 25.000000 25.000000 25.000000 25.000000 
manualSeparators





separators
1   17   18  124  125  127  128  423  424  509  510  545
1   69   75  294  295  457  458  467  468  497  498  545
1   62   63   79   80  109  110  309  310  318  319  425  426  462  463  471  478  545
1  495  496  545
1  121  122  545
