fields 34
worms 5
Wave_Initiation_Rate_Median
68.390334 31.608787 58.781415 52.591992 24.878218 
Wave_Initiation_Rate_Range
6.462732 31.958604 52.225452 50.535069 23.041962 
Body_Wave_Number_Median
0.627658 0.936527 0.505361 0.680567 0.998050 
Body_Wave_Number_Range
0.279829 1.068145 1.210509 1.097582 1.431096 
Asymmetry_Median
0.020120 -0.004867 -0.007384 -0.013291 -0.035853 
Asymmetry_Range
0.069479 0.132580 0.199978 0.120930 0.182942 
Reverse_Swimming
0.000000 6.678933 6.338462 12.772586 14.506438 
Curling
0.000000 0.994475 3.536122 11.651786 17.433414 
Stretch_Median
0.507227 0.576769 0.608008 0.597447 0.978959 
Stretch_Range
0.148208 0.257804 0.300722 0.504210 0.184395 
Attenuation_Median
57.595878 58.953714 59.919678 43.384292 50.871549 
Attenuation_Range
23.652672 31.830312 62.236398 45.227371 158.183369 
Traveling_Speed_Mean
6.343223 2.913164 4.659460 3.492042 0.465955 
Brush_Stroke_Median
0.153264 0.071120 0.174212 0.239197 0.081096 
Brush_Stroke_Range
0.044978 0.038802 0.089205 0.107199 0.042989 
Activity_Index_Median
168.309976 102.870116 156.932149 240.445886 67.662128 
Activity_Index_Range
45.999526 138.696863 166.212877 156.451958 98.067746 
Wave_Initiation_Rate_10
66.916040 8.203341 15.505560 16.566318 10.273102 
Body_Wave_Number_10
0.464206 0.717865 0.246856 0.151329 0.256959 
Asymmetry_10
-0.031319 -0.031606 -0.147368 -0.102327 -0.120980 
Stretch_10
0.431870 0.465568 0.480783 0.402126 0.914798 
Attenuation_10
48.549627 46.042724 9.335854 14.445264 -87.023460 
Brush_Stroke_10
0.132411 0.049048 0.129430 0.192382 0.073928 
Activity_Index_10
147.030075 20.520149 28.765614 141.955035 23.591389 
usability
0.928309 0.998162 0.966912 0.823529 0.759191 
status
valid
valid
valid
valid
valid
highThr
69.000000 76.000000 67.000000 80.000000 81.000000 
lowThr
41.000000 52.000000 33.000000 42.000000 14.000000 
prevThr
25.000000 25.000000 25.000000 25.000000 25.000000 
highThrDef
69.000000 76.000000 67.000000 80.000000 81.000000 
lowThrDef
29.000000 52.000000 33.000000 34.000000 14.000000 
prevThrDef
25.000000 25.000000 25.000000 25.000000 25.000000 
manualSeparators
409  410  441  442

259  260  261
62   63  113  114  117  118  124  125  126  127  194  195  466  467  475  476  474  473  477  478  502  503  506  507  525  526
102  103  104  105  116  117  115  118  119  125  126  152  153  163  164  201  202  242  243  254  255  279  280  318  319  320  321  343  344  345  352  353  351  356  357  358  359  360  361  362  395  396  397  398  402  403  404  405  407  408  409  410  411  412  436  437  513  514  515  542  543
separators
1  326  331  335  336  409  410  414  430  438  439  441  442  452  456  457  482  483  527  532  533  543  545
1  196  197  302  303  305  306  332  339  545
1   73   74  100  101  116  117  159  160  161  162  163  170  171  200  201  246  256  257  259  260  261  545
1    6   21   22   41   42   44   45   46   56   61   62   63   83   84  113  114  117  118  121  122  124  125  126  127  194  195  200  212  219  446  447  466  467  469  470  473  474  475  476  477  478  502  503  505  506  507  525  526  528  529  545
1   73   74   76   77  101  102  103  104  105  115  116  117  118  119  121  122  125  126  127  152  153  163  164  166  167  201  202  203  205  206  241  242  243  254  255  259  260  279  280  281  284  285  307  309  316  317  318  319  320  321  342  343  344  345  351  352  353  354  356  357  358  359  360  361  362  365  366  395  396  397  398  402  403  404  405  407  408  409  410  411  412  419  420  436  437  440  441  442  461  480  481  513  514  515  523  524  526  527  542  543  545
