fields 34
worms 4
Wave_Initiation_Rate_Median
6.762348 66.846585 6.243710 NaN 
Wave_Initiation_Rate_Range
1.829718 46.274127 1.519664 NaN 
Body_Wave_Number_Median
1.861533 0.536855 1.876855 NaN 
Body_Wave_Number_Range
0.224420 0.512093 0.160857 NaN 
Asymmetry_Median
-0.037213 0.032670 0.144516 NaN 
Asymmetry_Range
0.083257 0.138800 0.013152 NaN 
Reverse_Swimming
0.000000 3.863845 0.000000 NaN 
Curling
0.000000 3.011152 0.000000 NaN 
Stretch_Median
0.385110 0.548464 0.233845 NaN 
Stretch_Range
0.202457 0.328180 0.114728 NaN 
Attenuation_Median
73.232961 46.041059 69.226045 NaN 
Attenuation_Range
45.289405 30.702766 16.892518 NaN 
Traveling_Speed_Mean
0.735657 8.277051 0.347575 NaN 
Brush_Stroke_Median
0.031451 0.189744 0.026377 NaN 
Brush_Stroke_Range
0.010055 0.064111 0.002070 NaN 
Activity_Index_Median
10.858329 187.498489 8.144206 NaN 
Activity_Index_Range
4.763653 166.742445 1.858913 NaN 
Wave_Initiation_Rate_10
5.973104 32.014515 5.597294 NaN 
Body_Wave_Number_10
1.703575 0.163825 1.779291 NaN 
Asymmetry_10
-0.074698 -0.017257 0.137491 NaN 
Stretch_10
0.304781 0.463618 0.190762 NaN 
Attenuation_10
35.637107 31.410318 63.163681 NaN 
Brush_Stroke_10
0.027388 0.150855 0.025548 NaN 
Activity_Index_10
8.368149 70.800269 7.219787 NaN 
usability
1.000000 0.988971 1.000000 0.000000 
status
valid
valid
valid
rejected
highThr
54.000000 56.000000 59.000000 NaN 
lowThr
34.000000 38.000000 47.000000 0.000000 
prevThr
25.000000 25.000000 25.000000 25.000000 
highThrDef
54.000000 56.000000 59.000000 NaN 
lowThrDef
34.000000 38.000000 47.000000 0.000000 
prevThrDef
25.000000 25.000000 25.000000 25.000000 
manualSeparators

375  376


separators
1  150  152  545
1  133  134  290  291  326  327  332  333  358  361  362  363  369  370  371  372  374  375  376  448  449  520  521  545
1    3   21   22  101  102  128  129  341  342  481  482  545
1  545
