fields 34
worms 3
Wave_Initiation_Rate_Median
64.037101 103.158375 93.414510 
Wave_Initiation_Rate_Range
64.648178 59.943641 54.475027 
Body_Wave_Number_Median
0.539259 0.264255 0.342787 
Body_Wave_Number_Range
0.697813 0.433984 0.535397 
Asymmetry_Median
0.042108 0.000494 0.001437 
Asymmetry_Range
0.237441 0.046971 0.047795 
Reverse_Swimming
8.885976 2.808511 0.549828 
Curling
9.133192 0.000000 0.120240 
Stretch_Median
0.597069 0.397232 0.462231 
Stretch_Range
0.350897 0.236656 0.237380 
Attenuation_Median
62.097883 67.129520 66.924817 
Attenuation_Range
82.998488 21.022030 29.232924 
Traveling_Speed_Mean
1.325285 11.657783 8.737250 
Brush_Stroke_Median
0.145758 0.328052 0.170634 
Brush_Stroke_Range
0.031531 0.157221 0.069161 
Activity_Index_Median
331.044239 341.996489 349.602283 
Activity_Index_Range
253.219153 256.858266 232.713272 
Wave_Initiation_Rate_10
35.321064 67.661405 58.032664 
Body_Wave_Number_10
0.264256 0.085731 0.147371 
Asymmetry_10
-0.065769 -0.021731 -0.026210 
Stretch_10
0.501617 0.296355 0.356491 
Attenuation_10
-8.099244 56.545053 49.981172 
Brush_Stroke_10
0.128823 0.239520 0.145167 
Activity_Index_10
218.650710 202.985512 190.514636 
usability
0.869485 0.917279 0.917279 
status
valid
valid
valid
highThr
67.000000 59.000000 61.000000 
lowThr
36.000000 20.000000 18.000000 
prevThr
25.000000 10.000000 10.000000 
highThrDef
67.000000 59.000000 61.000000 
lowThrDef
36.000000 20.000000 18.000000 
prevThrDef
25.000000 25.000000 25.000000 
manualSeparators
276  369  370


separators
1   35   36   57   58   81  101  102  174  175  183  184  202  204  221  222  234  235  276  289  290  369  370  371  372  373  374  445  446  461  462  463  496  497  498  499  527  528  545
1   11   12   23   24   25  195  196  197  201  202  342  343  350  351  355  356  425  426  507  508  512  541  542  545
1   87   88  123  124  134  135  152  153  182  183  202  203  222  223  231  232  287  288  289  290  320  321  322  326  327  329  330  341  342  370  371  380  381  408  409  411  413  420  421  429  430  490  501  502  545
