fields 34
worms 6
Wave_Initiation_Rate_Median
141.828198 169.682423 171.336358 153.370275 167.665845 NaN 
Wave_Initiation_Rate_Range
51.632474 97.129821 34.200377 136.571504 162.716258 NaN 
Body_Wave_Number_Median
0.557937 0.561288 0.534955 0.444201 0.482617 NaN 
Body_Wave_Number_Range
0.503759 0.566093 0.296258 0.410066 0.689844 NaN 
Asymmetry_Median
-0.018868 0.004889 -0.001982 0.003934 0.012216 NaN 
Asymmetry_Range
0.031745 0.087653 0.024730 0.080045 0.094611 NaN 
Reverse_Swimming
0.000000 0.000000 0.000000 8.114075 2.759890 NaN 
Curling
0.000000 0.118812 0.000000 0.919540 2.065010 NaN 
Stretch_Median
0.289992 0.320097 0.261986 0.277093 0.329768 NaN 
Stretch_Range
0.101324 0.177877 0.082221 0.202965 0.368844 NaN 
Attenuation_Median
76.625188 78.989868 77.337636 81.643349 72.613545 NaN 
Attenuation_Range
19.634643 16.824453 16.884783 25.320719 45.538707 NaN 
Traveling_Speed_Mean
16.815619 13.619580 12.771194 9.430634 10.712820 NaN 
Brush_Stroke_Median
0.393664 0.454939 0.316935 0.616015 0.046160 NaN 
Brush_Stroke_Range
0.106959 0.140183 0.048092 0.355860 0.015141 NaN 
Activity_Index_Median
376.497792 443.087841 390.115723 627.058478 366.286431 NaN 
Activity_Index_Range
143.888447 328.942112 92.398399 603.146959 377.205362 NaN 
Wave_Initiation_Rate_10
102.173606 80.159590 152.732077 45.163389 23.071352 NaN 
Body_Wave_Number_10
0.411598 0.309809 0.385474 0.245189 0.098133 NaN 
Asymmetry_10
-0.032617 -0.013450 -0.011999 -0.021955 -0.004797 NaN 
Stretch_10
0.243719 0.256927 0.228411 0.225656 0.251834 NaN 
Attenuation_10
64.337579 69.332855 68.110429 62.920857 39.074864 NaN 
Brush_Stroke_10
0.344286 0.392373 0.294859 0.345069 0.038665 NaN 
Activity_Index_10
295.841755 210.566284 326.380711 141.921436 75.918490 NaN 
usability
0.996324 0.928309 0.979779 0.959559 0.961397 0.000000 
status
valid
valid
valid
valid
valid
rejected
highThr
62.000000 66.000000 55.000000 63.000000 54.000000 NaN 
lowThr
44.000000 33.000000 33.000000 36.000000 25.000000 0.000000 
prevThr
10.000000 10.000000 25.000000 25.000000 25.000000 25.000000 
highThrDef
62.000000 66.000000 55.000000 63.000000 54.000000 NaN 
lowThrDef
44.000000 33.000000 33.000000 36.000000 25.000000 0.000000 
prevThrDef
25.000000 25.000000 25.000000 25.000000 25.000000 25.000000 
manualSeparators






separators
1  141  142  348  349  545
1  164  165  166  316  321  358  360  378  379  433  441  481  482  485  501  502  545
1   15   16   22   23  109  110  302  303  310  311  352  353  367  368  447  448  502  503  529  530  542  543  545
1  281  283  287  288  289  290  291  292  294  297  299  300  301  302  352  353  370  371  446  447  465  466  472  473  486  487  503  504  531  532  542  543  545
1    8    9   10   50   51   94   95  172  173  221  222  231  232  241  246  247  303  304  362  363  392  393  412  413  424  425  427  428  442  443  465  466  545
1  545
