fields 34
worms 5
Wave_Initiation_Rate_Median
164.507972 40.894590 170.302579 154.614438 186.976206 
Wave_Initiation_Rate_Range
32.706163 150.491113 52.893581 100.924740 129.404117 
Body_Wave_Number_Median
0.683720 0.836998 0.514671 0.426311 0.391148 
Body_Wave_Number_Range
0.352476 1.174392 0.365862 0.412030 0.742437 
Asymmetry_Median
-0.008005 0.000802 0.003047 -0.017368 0.000477 
Asymmetry_Range
0.029857 0.076843 0.049820 0.073087 0.049364 
Reverse_Swimming
1.159154 0.717571 1.324747 2.263109 1.037838 
Curling
0.000000 0.000000 0.000000 0.564972 0.000000 
Stretch_Median
0.277099 0.390741 0.286248 0.311526 0.293211 
Stretch_Range
0.164316 0.237917 0.197948 0.142751 0.159009 
Attenuation_Median
73.815324 77.333625 73.950235 65.520505 73.888234 
Attenuation_Range
18.169939 24.436733 22.388680 23.157836 23.432536 
Traveling_Speed_Mean
16.616135 6.194188 18.153314 17.077444 24.499742 
Brush_Stroke_Median
0.382647 0.434052 0.397531 0.475565 0.508561 
Brush_Stroke_Range
0.097435 0.245726 0.082346 0.118396 1.087773 
Activity_Index_Median
366.095223 117.419581 401.158224 453.014539 450.551018 
Activity_Index_Range
91.993189 379.031393 162.359371 370.191436 1196.108117 
Wave_Initiation_Rate_10
136.803374 10.541481 118.488562 68.123209 62.130914 
Body_Wave_Number_10
0.423903 0.299515 0.312306 0.147128 0.189020 
Asymmetry_10
-0.019816 -0.044956 -0.037119 -0.074639 -0.034798 
Stretch_10
0.202435 0.286764 0.229325 0.263292 0.244435 
Attenuation_10
63.867109 63.572704 60.557842 53.489871 59.615519 
Brush_Stroke_10
0.344933 0.357792 0.347069 0.416700 0.437920 
Activity_Index_10
314.053401 24.431606 274.300796 157.277539 177.116988 
usability
0.992647 0.976103 0.994485 0.976103 0.829044 
status
valid
valid
valid
valid
valid
highThr
60.000000 59.000000 58.000000 59.000000 57.000000 
lowThr
41.000000 40.000000 34.000000 30.000000 26.000000 
prevThr
10.000000 25.000000 10.000000 10.000000 10.000000 
highThrDef
60.000000 59.000000 58.000000 59.000000 57.000000 
lowThrDef
41.000000 40.000000 34.000000 30.000000 26.000000 
prevThrDef
25.000000 25.000000 25.000000 25.000000 25.000000 
manualSeparators





separators
1   41   42  183  184  385  386  444  445  545
1   11   12   19   20  153  155  165  166  198  199  333  334  340  341  344  345  347  348  356  357  362  363  477  478  545
1  146  147  152  153  160  161  545
1  241  243  247  249  254  255  260  262  273  274  280  281  287  288  293  294  515  516  517  518  545
1   81   82  161  162  307  309  310  311  312  314  424  426  427  446  447  457  458  459  545
