fields 34
worms 5
Wave_Initiation_Rate_Median
31.791797 68.797212 66.609296 58.316889 NaN 
Wave_Initiation_Rate_Range
37.816261 56.324565 50.611090 62.433430 NaN 
Body_Wave_Number_Median
0.663232 0.723189 0.604877 0.445859 NaN 
Body_Wave_Number_Range
0.914313 0.761372 0.585381 0.477931 NaN 
Asymmetry_Median
0.029932 -0.001031 -0.024977 0.011170 NaN 
Asymmetry_Range
0.140489 0.073167 0.096679 0.193256 NaN 
Reverse_Swimming
14.909457 1.103956 2.042318 0.000000 NaN 
Curling
3.283019 1.774492 0.332717 4.122137 NaN 
Stretch_Median
0.665252 0.366487 0.410948 0.528824 NaN 
Stretch_Range
0.289491 0.423455 0.309313 0.322711 NaN 
Attenuation_Median
56.290439 57.837363 52.387111 51.850333 NaN 
Attenuation_Range
77.838010 27.828331 19.989136 34.387994 NaN 
Traveling_Speed_Mean
1.928005 7.357421 6.192236 5.468995 NaN 
Brush_Stroke_Median
0.096604 0.199575 0.183865 0.125183 NaN 
Brush_Stroke_Range
0.047724 0.074287 0.052575 0.037818 NaN 
Activity_Index_Median
108.271061 186.092551 172.647597 176.032856 NaN 
Activity_Index_Range
127.218527 140.650225 105.214464 161.381401 NaN 
Wave_Initiation_Rate_10
14.200797 39.267211 34.910584 32.098527 NaN 
Body_Wave_Number_10
0.184382 0.219595 0.275524 0.222670 NaN 
Asymmetry_10
-0.059638 -0.023857 -0.100359 -0.091168 NaN 
Stretch_10
0.476816 0.281111 0.291594 0.334824 NaN 
Attenuation_10
3.758386 45.606482 44.449200 31.839935 NaN 
Brush_Stroke_10
0.082737 0.169015 0.156742 0.105454 NaN 
Activity_Index_10
38.061643 87.118769 91.561739 76.269448 NaN 
usability
0.974265 0.994485 0.994485 0.963235 0.558824 
status
valid
valid
valid
valid
rejected
highThr
74.000000 63.000000 59.000000 62.000000 62.000000 
lowThr
46.000000 43.000000 42.000000 27.000000 46.000000 
prevThr
25.000000 25.000000 25.000000 25.000000 25.000000 
highThrDef
74.000000 63.000000 59.000000 62.000000 62.000000 
lowThrDef
46.000000 43.000000 42.000000 27.000000 46.000000 
prevThrDef
25.000000 25.000000 25.000000 25.000000 25.000000 
manualSeparators





separators
1   30   32   95   97  151  152  165  166  349  350  387  388  539  545
1  391  392  422  423  543  544  545
1  141  142  319  320  381  382  545
1  214  215  250  251  318  319  393  394  404  408  409  418  419  478  479  545
1  241  242  536  537  540  541  545
