fields 34
worms 6
Wave_Initiation_Rate_Median
90.206324 135.000229 NaN 167.764714 103.059744 NaN 
Wave_Initiation_Rate_Range
104.065187 104.790644 NaN 119.662701 111.570990 NaN 
Body_Wave_Number_Median
0.348827 0.484435 NaN 0.462616 0.360208 NaN 
Body_Wave_Number_Range
0.397461 0.703893 NaN 0.317096 0.518499 NaN 
Asymmetry_Median
0.000974 0.008952 NaN 0.008354 -0.001276 NaN 
Asymmetry_Range
0.139919 0.041686 NaN 0.076184 0.061353 NaN 
Reverse_Swimming
0.000000 1.214351 NaN 0.000000 0.000000 NaN 
Curling
0.112570 0.000000 NaN 2.437137 0.932039 NaN 
Stretch_Median
0.433826 0.322120 NaN 0.315453 0.336568 NaN 
Stretch_Range
0.345784 0.285288 NaN 0.231716 0.224871 NaN 
Attenuation_Median
74.472946 77.272911 NaN 67.021795 74.622513 NaN 
Attenuation_Range
13.865670 17.133443 NaN 22.042643 25.550864 NaN 
Traveling_Speed_Mean
12.334065 11.659871 NaN 16.821433 9.753149 NaN 
Brush_Stroke_Median
0.263553 0.322992 NaN 0.420260 0.067738 NaN 
Brush_Stroke_Range
0.164985 0.257415 NaN 0.119856 0.051507 NaN 
Activity_Index_Median
216.276068 330.804453 NaN 412.970446 420.540068 NaN 
Activity_Index_Range
311.841687 496.410210 NaN 348.287771 490.738442 NaN 
Wave_Initiation_Rate_10
31.627807 32.152716 NaN 50.354097 37.348928 NaN 
Body_Wave_Number_10
0.183457 0.156045 NaN 0.241292 0.172397 NaN 
Asymmetry_10
-0.060017 -0.016561 NaN -0.006978 -0.034101 NaN 
Stretch_10
0.295884 0.237378 NaN 0.261001 0.260147 NaN 
Attenuation_10
68.442096 67.374429 NaN 55.836092 57.636122 NaN 
Brush_Stroke_10
0.194645 0.286939 NaN 0.342621 0.040269 NaN 
Activity_Index_10
56.980656 95.031625 NaN 114.359618 88.648716 NaN 
usability
0.979779 0.990809 0.273897 0.950368 0.946691 0.523897 
status
valid
valid
rejected
valid
valid
rejected
highThr
61.000000 63.000000 82.000000 49.000000 64.000000 60.000000 
lowThr
31.000000 38.000000 30.000000 28.000000 41.000000 32.000000 
prevThr
10.000000 10.000000 25.000000 10.000000 25.000000 25.000000 
highThrDef
61.000000 63.000000 82.000000 49.000000 64.000000 60.000000 
lowThrDef
31.000000 38.000000 0.000000 28.000000 41.000000 32.000000 
prevThrDef
25.000000 25.000000 25.000000 25.000000 25.000000 25.000000 
manualSeparators



462


separators
1   64   65   80   81   87   88   96   97  123  124  408  409  411  412  429  430  463  464  466  467  480  481  545
1  149  150  307  308  309  310  316  317  318  319  545
1   21   22   42   43   52   61   62   68   69  115  116  124  125  156  157  163  164  167  168  176  177  179  180  185  186  188  189  199  200  202  203  208  209  214  215  217  220  221  224  225  233  234  243  545
1  341  342  442  443  445  446  462  466  467  468  545
1   19   20  172  173  200  204  205  221  222  260  261  349  351  419  421  545
1  201  202  210  211  215  217  230  241  242  243  244  245  265  281  282  301  302  395  396  405  406  407  415  416  530  531  545
