fields 34
worms 4
Wave_Initiation_Rate_Median
98.538506 79.059203 110.897578 110.366880 
Wave_Initiation_Rate_Range
82.565268 67.142689 71.362058 101.568038 
Body_Wave_Number_Median
0.511563 0.614242 0.392233 0.512152 
Body_Wave_Number_Range
0.304226 0.755989 0.419895 0.624372 
Asymmetry_Median
-0.008392 0.002233 0.012014 -0.001605 
Asymmetry_Range
0.092076 0.081572 0.097428 0.119680 
Reverse_Swimming
0.000000 8.390064 4.305428 0.000000 
Curling
0.000000 0.000000 0.441176 0.662983 
Stretch_Median
0.329887 0.386103 0.340009 0.341955 
Stretch_Range
0.248619 0.242115 0.243006 0.219535 
Attenuation_Median
70.332659 70.232521 62.738794 65.147837 
Attenuation_Range
21.182332 27.266480 19.069666 21.315989 
Traveling_Speed_Mean
12.774237 10.283770 17.473638 19.415436 
Brush_Stroke_Median
0.252487 0.260826 0.214143 0.340995 
Brush_Stroke_Range
0.083835 0.088751 0.036108 0.088096 
Activity_Index_Median
239.063505 153.507638 327.683783 297.310258 
Activity_Index_Range
218.510518 155.095516 241.898514 280.072039 
Wave_Initiation_Rate_10
41.655593 34.313402 48.272962 34.951535 
Body_Wave_Number_10
0.341487 0.129540 0.169359 0.280633 
Asymmetry_10
-0.078023 -0.016147 -0.004910 -0.045284 
Stretch_10
0.257671 0.290746 0.270396 0.253812 
Attenuation_10
56.716614 55.247423 52.068647 51.051252 
Brush_Stroke_10
0.211439 0.220789 0.193398 0.284005 
Activity_Index_10
106.838770 65.323367 125.694312 114.462875 
usability
1.000000 1.000000 1.000000 0.998162 
status
valid
valid
valid
valid
highThr
71.000000 72.000000 64.000000 62.000000 
lowThr
44.000000 46.000000 40.000000 43.000000 
prevThr
20.000000 24.000000 15.000000 25.000000 
highThrDef
71.000000 72.000000 64.000000 62.000000 
lowThrDef
44.000000 49.000000 44.000000 43.000000 
prevThrDef
25.000000 25.000000 25.000000 25.000000 
manualSeparators




separators
1  418  420  545
1  545
1  164  165  262  263  545
1  408  409  512  513  545
