fields 34
worms 5
Wave_Initiation_Rate_Median
128.788739 135.073784 155.166140 135.340439 149.678419 
Wave_Initiation_Rate_Range
95.204749 13.839283 93.339780 54.257584 95.448018 
Body_Wave_Number_Median
0.396995 0.631751 0.570517 0.604402 0.507773 
Body_Wave_Number_Range
0.240980 0.387488 0.388871 0.265538 0.514079 
Asymmetry_Median
0.012557 0.001153 -0.008029 -0.013995 -0.009269 
Asymmetry_Range
0.086157 0.028605 0.067293 0.082149 0.069704 
Reverse_Swimming
2.870285 0.000000 1.048758 0.000000 5.482234 
Curling
2.350746 0.000000 0.225564 1.117318 0.813953 
Stretch_Median
0.426610 0.408741 0.359492 0.419073 0.399289 
Stretch_Range
0.253999 0.142561 0.233781 0.225998 0.300686 
Attenuation_Median
68.228500 81.474657 69.130695 72.563800 69.487570 
Attenuation_Range
21.909789 13.638965 15.015506 16.333329 30.808829 
Traveling_Speed_Mean
13.098774 5.538765 13.415512 15.279281 10.210448 
Brush_Stroke_Median
0.326471 0.282760 0.298346 0.361090 0.413840 
Brush_Stroke_Range
0.080966 0.084958 0.051803 0.061021 0.163984 
Activity_Index_Median
323.613987 302.511811 379.514478 339.327034 356.716439 
Activity_Index_Range
214.153897 67.214509 244.996112 102.813852 295.926303 
Wave_Initiation_Rate_10
39.661562 121.579744 75.856739 85.537405 63.119959 
Body_Wave_Number_10
0.266634 0.468487 0.309323 0.435546 0.191498 
Asymmetry_10
-0.003047 -0.016454 -0.066834 -0.081635 -0.033916 
Stretch_10
0.372973 0.328938 0.293679 0.353387 0.320149 
Attenuation_10
54.118610 73.109588 62.111408 63.924379 48.405159 
Brush_Stroke_10
0.294381 0.248571 0.274267 0.335220 0.369117 
Activity_Index_10
173.102673 268.579458 174.912959 262.569168 149.155278 
usability
0.985294 0.988971 0.977941 0.987132 0.948529 
status
valid
valid
valid
valid
valid
highThr
61.000000 57.000000 64.000000 67.000000 64.000000 
lowThr
40.000000 36.000000 32.000000 47.000000 36.000000 
prevThr
10.000000 25.000000 25.000000 25.000000 25.000000 
highThrDef
61.000000 57.000000 64.000000 67.000000 64.000000 
lowThrDef
40.000000 36.000000 32.000000 47.000000 36.000000 
prevThrDef
25.000000 25.000000 25.000000 25.000000 25.000000 
manualSeparators




432
separators
1   33   34   68   70   77   78  190  191  192  508  509  510  545
1   44   45   81   82  295  296  408  409  440  441  510  511  545
1  168  169  381  382  412  418  419  422  423  430  432  545
1   68   70   77   78  123  124  172  173  386  387  505  506  545
1   51   52   57   58  130  131  158  160  173  174  181  182  188  189  190  192  193  194  432  441  442  443  444  454  455  464  466  476  477  537  538  545
