fields 34
worms 5
Wave_Initiation_Rate_Median
67.977463 75.614219 66.607368 68.015986 79.536797 
Wave_Initiation_Rate_Range
46.872156 18.709556 18.629279 14.495239 28.635034 
Body_Wave_Number_Median
0.608861 0.583225 0.599913 0.679163 0.573275 
Body_Wave_Number_Range
0.490329 0.315675 0.305435 0.424864 0.159793 
Asymmetry_Median
0.004037 -0.031255 -0.013725 -0.003984 0.008920 
Asymmetry_Range
0.109359 0.050449 0.052050 0.032890 0.045439 
Reverse_Swimming
3.781818 0.000000 0.140187 1.885157 0.000000 
Curling
2.510460 0.000000 0.905172 0.000000 0.000000 
Stretch_Median
0.457521 0.426791 0.415253 0.377731 0.443709 
Stretch_Range
0.196220 0.161466 0.244271 0.090343 0.172984 
Attenuation_Median
64.415710 66.566087 60.442546 60.014783 66.928381 
Attenuation_Range
25.939824 15.031874 20.305150 29.283005 14.905200 
Traveling_Speed_Mean
6.643675 11.219159 5.394683 4.702239 8.976824 
Brush_Stroke_Median
0.059381 0.214319 0.067729 0.061057 0.198959 
Brush_Stroke_Range
0.045479 0.044700 0.033872 0.041776 0.055267 
Activity_Index_Median
199.183835 213.749120 213.441609 208.893939 235.424292 
Activity_Index_Range
265.666284 52.386659 111.717616 147.469723 94.805142 
Wave_Initiation_Rate_10
32.291546 65.956331 49.133937 55.397741 59.538491 
Body_Wave_Number_10
0.239293 0.428892 0.470340 0.521037 0.481529 
Asymmetry_10
-0.055135 -0.062556 -0.038195 -0.019463 -0.007086 
Stretch_10
0.393537 0.371118 0.344178 0.330095 0.367385 
Attenuation_10
47.786336 58.790275 53.860660 41.996507 60.168512 
Brush_Stroke_10
0.041210 0.195502 0.048797 0.047643 0.178898 
Activity_Index_10
68.370797 180.418461 159.586892 159.756421 179.711724 
usability
0.878676 0.873162 0.852941 0.854779 0.810662 
status
valid
valid
valid
valid
valid
highThr
65.000000 74.000000 65.000000 68.000000 63.000000 
lowThr
40.000000 40.000000 37.000000 48.000000 39.000000 
prevThr
25.000000 25.000000 25.000000 25.000000 25.000000 
highThrDef
65.000000 74.000000 65.000000 68.000000 63.000000 
lowThrDef
40.000000 35.000000 37.000000 48.000000 39.000000 
prevThrDef
25.000000 25.000000 25.000000 25.000000 25.000000 
manualSeparators
427  428  529


351

separators
1  163  164  227  228  229  230  231  232  234  241  242  245  249  252  253  254  256  258  264  265  270  275  276  281  282  288  338  342  352  353  359  360  369  376  400  402  415  417  427  428  431  433  437  529  545
1  476  480  482  501  502  509  510  511  513  526  529  541  545
1  138  142  143  144  163  170  171  178  179  181  182  185  187  195  196  223  225  227  234  265  266  268  281  282  543  545
1   26   28   33   42   72   74  226  227  228  234  241  242  243  245  247  249  253  254  258  259  261  264  275  276  282  288  342  351  353  369  376  400  402  415  417  427  431  433  436  437  440  451  452  454  455  545
1  138  157  161  162  163  221  222  223  225  227  229  230  231  234  235  241  254  255  482  483  541  542  545
