fields 34
worms 5
Wave_Initiation_Rate_Median
49.100660 70.644235 62.899415 55.534762 68.149595 
Wave_Initiation_Rate_Range
38.925201 53.541285 59.189796 55.501510 53.901212 
Body_Wave_Number_Median
0.681217 0.555909 0.467078 0.606298 0.588946 
Body_Wave_Number_Range
0.786377 0.423018 0.489574 1.110835 0.835198 
Asymmetry_Median
-0.007561 -0.001737 0.014493 -0.012290 -0.005493 
Asymmetry_Range
0.117665 0.052023 0.066357 0.170809 0.145057 
Reverse_Swimming
7.727691 0.000000 0.000000 7.562098 12.661718 
Curling
1.345794 0.000000 0.000000 6.233766 4.218750 
Stretch_Median
0.520797 0.409823 0.524295 0.517106 0.449772 
Stretch_Range
0.314487 0.307341 0.315811 0.446904 0.416739 
Attenuation_Median
57.680945 66.249539 65.549414 64.679420 58.106713 
Attenuation_Range
35.650181 22.209609 17.601406 55.500836 56.246782 
Traveling_Speed_Mean
5.379487 8.270218 4.925159 4.883699 6.276596 
Brush_Stroke_Median
0.157963 0.208153 0.087211 0.236288 0.056989 
Brush_Stroke_Range
0.080281 0.064262 0.046581 0.084291 0.048274 
Activity_Index_Median
131.512164 181.270493 213.392458 247.362015 163.188607 
Activity_Index_Range
108.390379 136.118977 192.390750 243.955014 256.333215 
Wave_Initiation_Rate_10
26.845716 34.118730 34.035710 12.034309 20.854679 
Body_Wave_Number_10
0.218429 0.316632 0.242919 0.132037 0.057617 
Asymmetry_10
-0.063688 -0.021316 -0.018183 -0.136691 -0.097353 
Stretch_10
0.301692 0.307989 0.339617 0.454790 0.332266 
Attenuation_10
37.289478 52.933712 56.693682 19.268786 11.439529 
Brush_Stroke_10
0.116100 0.172390 0.056514 0.179734 0.038937 
Activity_Index_10
60.444703 92.883141 146.540362 38.840400 51.852311 
usability
0.983456 0.928309 0.913603 0.990809 0.941176 
status
valid
valid
valid
valid
valid
highThr
77.000000 80.000000 78.000000 61.000000 79.000000 
lowThr
45.000000 47.000000 47.000000 41.000000 42.000000 
prevThr
25.000000 25.000000 25.000000 25.000000 25.000000 
highThrDef
77.000000 80.000000 78.000000 61.000000 79.000000 
lowThrDef
45.000000 47.000000 36.000000 41.000000 42.000000 
prevThrDef
25.000000 25.000000 25.000000 25.000000 25.000000 
manualSeparators
241  242  240
191  192  462  448
168  239  240  277
470  471  477  478  479  531

separators
1  190  196  208  209  240  241  242  243  545
1  170  181  188  189  191  192  194  195  197  201  203  204  205  208  221  448  462  463  466  506  507  545
1   38   48   49   61   73   75  143  146  168  170  171  177  193  194  201  239  240  241  272  277  280  389  390  545
1  146  148  461  462  470  471  474  475  477  478  479  482  483  492  493  531  545
1  170  181  188  189  194  195  197  201  203  204  205  208  365  366  367  368  545
