fields 34
worms 5
Wave_Initiation_Rate_Median
91.403396 85.063317 NaN 79.378826 NaN 
Wave_Initiation_Rate_Range
43.451626 36.451183 NaN 56.498690 NaN 
Body_Wave_Number_Median
0.479583 0.436161 NaN 0.429318 NaN 
Body_Wave_Number_Range
0.438620 0.281232 NaN 0.326044 NaN 
Asymmetry_Median
-0.001954 -0.011011 NaN -0.011735 NaN 
Asymmetry_Range
0.068139 0.066102 NaN 0.086106 NaN 
Reverse_Swimming
3.908997 3.399209 NaN 8.929889 NaN 
Curling
0.818713 1.186813 NaN 0.551724 NaN 
Stretch_Median
0.389863 0.404445 NaN 0.429829 NaN 
Stretch_Range
0.231570 0.271163 NaN 0.216017 NaN 
Attenuation_Median
59.532019 62.665349 NaN 51.256758 NaN 
Attenuation_Range
23.495434 17.478433 NaN 28.705833 NaN 
Traveling_Speed_Mean
6.778760 6.278177 NaN 3.765741 NaN 
Brush_Stroke_Median
0.267518 0.317346 NaN 0.431472 NaN 
Brush_Stroke_Range
0.208629 0.250724 NaN 0.261610 NaN 
Activity_Index_Median
258.212566 377.929233 NaN 307.989087 NaN 
Activity_Index_Range
262.910375 332.048303 NaN 266.640247 NaN 
Wave_Initiation_Rate_10
58.511723 67.307710 NaN 52.375973 NaN 
Body_Wave_Number_10
0.273851 0.261027 NaN 0.245479 NaN 
Asymmetry_10
-0.036150 -0.049426 NaN -0.069711 NaN 
Stretch_10
0.303321 0.290207 NaN 0.339797 NaN 
Attenuation_10
47.498573 53.910721 NaN 40.655670 NaN 
Brush_Stroke_10
0.230919 0.265967 NaN 0.242060 NaN 
Activity_Index_10
160.668496 181.109627 NaN 161.304614 NaN 
usability
0.943015 0.836397 0.724265 0.799632 0.000000 
status
valid
valid
rejected
valid
rejected
highThr
48.000000 52.000000 48.000000 55.000000 NaN 
lowThr
21.000000 22.000000 27.000000 13.000000 0.000000 
prevThr
25.000000 25.000000 25.000000 25.000000 25.000000 
highThrDef
48.000000 52.000000 48.000000 55.000000 NaN 
lowThrDef
21.000000 22.000000 27.000000 13.000000 0.000000 
prevThrDef
25.000000 25.000000 25.000000 25.000000 25.000000 
manualSeparators





separators
1   68   74   75   87   92   94  122  123  230  231  233  234  235  236  350  351  442  444  457  458  460  461  542  543  545
1   68   72   73   86   87  121  122  123  129  130  135  136  139  140  160  161  249  250  373  374  422  441  442  445  446  447  545
1  254  256  266  267  279  282  284  286  287  288  289  290  292  293  294  295  301  302  311  312  314  316  320  321  324  326  327  328  329  333  334  335  336  338  340  342  346  347  348  350  351  353  354  355  357  360  361  362  363  365  366  368  369  370  372  373  374  381  382  385  386  387  390  393  396  404  405  409  413  443  446  448  450  451  452  454  455  456  459  545
1   34   35   86   87   88   89   90   96   97  100  101  107  108  109  124  125  126  135  221  222  238  239  353  354  463  464  497  498  545
1  545
