fields 34
worms 5
Wave_Initiation_Rate_Median
135.770379 129.260661 113.970704 134.215473 135.478007 
Wave_Initiation_Rate_Range
34.375779 68.146626 71.423105 55.038501 13.455756 
Body_Wave_Number_Median
0.646270 0.585812 0.651537 0.481445 0.464606 
Body_Wave_Number_Range
0.393446 0.315691 0.372168 0.187531 0.162562 
Asymmetry_Median
-0.002309 0.002110 0.014904 0.017096 0.008298 
Asymmetry_Range
0.044705 0.104384 0.082914 0.112841 0.037385 
Reverse_Swimming
0.000000 0.000000 0.000000 0.000000 0.000000 
Curling
0.000000 1.245283 1.677419 1.013133 0.000000 
Stretch_Median
0.423477 0.371843 0.490449 0.425445 0.398799 
Stretch_Range
0.170147 0.294180 0.375209 0.212432 0.155703 
Attenuation_Median
76.573903 72.326941 83.593165 65.753478 79.934483 
Attenuation_Range
14.484972 22.432427 11.696752 25.014412 13.134319 
Traveling_Speed_Mean
18.126734 10.025663 4.469356 13.573746 16.925723 
Brush_Stroke_Median
0.350469 0.317675 0.144777 0.387860 0.299144 
Brush_Stroke_Range
0.066200 0.110165 0.087326 0.068091 0.044804 
Activity_Index_Median
327.798669 307.173960 251.275560 356.090534 323.451252 
Activity_Index_Range
58.573228 162.406104 276.086397 153.007404 48.595902 
Wave_Initiation_Rate_10
102.568553 70.112154 63.012305 84.157964 123.666220 
Body_Wave_Number_10
0.440397 0.419789 0.522591 0.372379 0.381894 
Asymmetry_10
-0.015645 -0.040396 -0.015856 -0.008136 -0.008154 
Stretch_10
0.362748 0.269161 0.315486 0.332182 0.333840 
Attenuation_10
69.298877 60.908661 77.206337 50.955759 72.604201 
Brush_Stroke_10
0.324639 0.252514 0.122274 0.353710 0.280803 
Activity_Index_10
294.557244 198.891676 139.315325 235.738382 303.225238 
usability
0.884191 0.974265 0.854779 0.979779 0.988971 
status
valid
valid
valid
valid
valid
highThr
72.000000 67.000000 70.000000 61.000000 58.000000 
lowThr
44.000000 43.000000 27.000000 39.000000 38.000000 
prevThr
10.000000 25.000000 25.000000 25.000000 25.000000 
highThrDef
72.000000 67.000000 70.000000 61.000000 58.000000 
lowThrDef
44.000000 43.000000 27.000000 39.000000 38.000000 
prevThrDef
25.000000 25.000000 25.000000 25.000000 25.000000 
manualSeparators


352


separators
1  112  115  120  121  438  441  442  443  444  450  452  456  457  458  460  461  462  464  465  466  470  473  477  479  480  481  487  489  490  509  510  521  545
1  164  165  166  219  220  253  254  268  269  322  324  341  342  349  350  390  391  441  442  470  471  478  479  542  543  545
1   91   92   93   94   95  101  102  255  256  322  323  352  375  376  377  378  397  398  438  441  442  443  444  450  452  456  457  458  460  461  462  464  465  466  470  473  477  479  480  481  487  489  496  497  498  508  509  510  545
1   26   27   71   73   74   86   87  102  103  115  116  167  168  203  204  302  303  522  523  545
1   86   87  238  239  240  245  246  328  330  545
