fields 34
worms 4
Wave_Initiation_Rate_Median
88.383434 102.288660 99.599510 101.140196 
Wave_Initiation_Rate_Range
33.558972 34.826650 34.711120 36.131693 
Body_Wave_Number_Median
0.568576 0.739659 0.448237 0.631299 
Body_Wave_Number_Range
0.194595 0.515444 0.220939 0.648411 
Asymmetry_Median
-0.015448 0.026017 -0.005425 0.017308 
Asymmetry_Range
0.066321 0.034816 0.040855 0.036684 
Reverse_Swimming
0.000000 0.000000 0.000000 0.000000 
Curling
0.000000 0.000000 0.000000 0.000000 
Stretch_Median
0.381779 0.383451 0.408059 0.331077 
Stretch_Range
0.156360 0.227886 0.165975 0.171931 
Attenuation_Median
66.900420 71.852588 78.702005 69.556785 
Attenuation_Range
12.739491 18.937296 14.838256 19.739936 
Traveling_Speed_Mean
9.094800 12.741734 9.433640 13.294150 
Brush_Stroke_Median
0.205718 0.237484 0.238085 0.174617 
Brush_Stroke_Range
0.040325 0.056198 0.044530 0.054779 
Activity_Index_Median
241.274575 216.914077 220.501915 248.904968 
Activity_Index_Range
67.108076 69.843258 75.534114 103.141786 
Wave_Initiation_Rate_10
67.967423 78.456547 67.011130 74.989469 
Body_Wave_Number_10
0.469288 0.420146 0.340147 0.331531 
Asymmetry_10
-0.066149 0.006799 -0.028741 -0.000493 
Stretch_10
0.313070 0.286358 0.349754 0.271395 
Attenuation_10
61.132679 63.968547 69.268838 57.282381 
Brush_Stroke_10
0.189755 0.213413 0.217153 0.145255 
Activity_Index_10
201.148181 183.561714 168.424431 201.182532 
usability
1.000000 0.795956 1.000000 0.970588 
status
valid
valid
valid
valid
highThr
61.000000 82.000000 61.000000 64.000000 
lowThr
45.000000 27.000000 45.000000 32.000000 
prevThr
25.000000 25.000000 25.000000 15.000000 
highThrDef
61.000000 82.000000 61.000000 64.000000 
lowThrDef
45.000000 13.000000 45.000000 29.000000 
prevThrDef
25.000000 25.000000 25.000000 25.000000 
manualSeparators



376  377
separators
1  221  222  545
1   73   74  361  362  363  382  384  385  392  394  395  402  406  421  422  461  485  486  495  501  502  506  541  542  545
1  203  204  545
1  192  194  233  237  238  264  265  285  289  290  376  377  378  379  545
