fields 34
worms 5
Wave_Initiation_Rate_Median
67.586924 65.849268 34.922744 67.014831 NaN 
Wave_Initiation_Rate_Range
30.416507 18.645200 23.192926 18.277188 NaN 
Body_Wave_Number_Median
0.723598 0.633820 0.467495 0.659420 NaN 
Body_Wave_Number_Range
0.761737 0.343164 0.646401 0.540980 NaN 
Asymmetry_Median
-0.008618 -0.024176 -0.072075 -0.023458 NaN 
Asymmetry_Range
0.065895 0.044144 0.168789 0.045747 NaN 
Reverse_Swimming
8.356808 0.000000 0.000000 1.903787 NaN 
Curling
0.000000 0.000000 4.550898 0.000000 NaN 
Stretch_Median
0.402348 0.438183 0.583926 0.461333 NaN 
Stretch_Range
0.084760 0.279295 0.410884 0.150117 NaN 
Attenuation_Median
62.091406 72.212105 64.200249 58.684932 NaN 
Attenuation_Range
45.303968 19.391634 25.179257 17.295442 NaN 
Traveling_Speed_Mean
4.109161 8.510545 5.883555 8.334785 NaN 
Brush_Stroke_Median
0.169919 0.160152 0.142848 0.158004 NaN 
Brush_Stroke_Range
0.081839 0.040084 0.066337 0.051133 NaN 
Activity_Index_Median
177.028624 155.441689 105.833306 162.754738 NaN 
Activity_Index_Range
112.101687 60.162724 104.285774 52.766173 NaN 
Wave_Initiation_Rate_10
37.706705 48.814014 26.744710 49.443193 NaN 
Body_Wave_Number_10
0.225554 0.390065 0.200290 0.312939 NaN 
Asymmetry_10
-0.032791 -0.046093 -0.124976 -0.048364 NaN 
Stretch_10
0.363605 0.307569 0.455976 0.408638 NaN 
Attenuation_10
26.283028 62.052133 45.835377 50.436196 NaN 
Brush_Stroke_10
0.154864 0.136449 0.100020 0.138408 NaN 
Activity_Index_10
143.458851 129.809098 60.830146 137.150002 NaN 
usability
0.713235 1.000000 0.920956 0.959559 0.000000 
status
valid
valid
valid
valid
rejected
highThr
86.000000 74.000000 75.000000 70.000000 NaN 
lowThr
48.000000 56.000000 41.000000 53.000000 0.000000 
prevThr
25.000000 25.000000 25.000000 25.000000 25.000000 
highThrDef
86.000000 74.000000 75.000000 70.000000 NaN 
lowThrDef
24.000000 56.000000 41.000000 53.000000 0.000000 
prevThrDef
25.000000 25.000000 25.000000 25.000000 25.000000 
manualSeparators


432  433  434
520  521

separators
1   32   40   53   66   75   84   94  102  109  123  161  162  228  229  242  245  262  265  276  279  294  296  374  377  389  404  441  442  545
1  545
1  147  148  419  422  424  428  430  432  433  434  453  456  478  479  507  509  510  511  512  520  523  535  545
1  295  296  315  316  453  456  468  469  482  485  507  520  521  523  524  525  526  532  535  545
1  545
