fields 34
worms 6
Wave_Initiation_Rate_Median
82.458405 13.264429 84.121385 74.780447 NaN NaN 
Wave_Initiation_Rate_Range
16.257927 29.708601 45.145599 23.401815 NaN NaN 
Body_Wave_Number_Median
0.455954 1.108456 0.446895 0.536524 NaN NaN 
Body_Wave_Number_Range
0.152959 0.946970 0.465818 0.342221 NaN NaN 
Asymmetry_Median
-0.012531 -0.040336 0.001017 0.009696 NaN NaN 
Asymmetry_Range
0.029305 0.155931 0.054189 0.056003 NaN NaN 
Reverse_Swimming
0.000000 0.000000 1.545538 0.110396 NaN NaN 
Curling
0.000000 3.405088 0.895522 0.000000 NaN NaN 
Stretch_Median
0.460841 0.623376 0.455437 0.441995 NaN NaN 
Stretch_Range
0.115915 0.152289 0.272654 0.138348 NaN NaN 
Attenuation_Median
67.796639 63.107324 64.352648 63.912122 NaN NaN 
Attenuation_Range
18.403640 17.998338 44.651997 23.604289 NaN NaN 
Traveling_Speed_Mean
10.060825 1.911252 7.741019 5.700777 NaN NaN 
Brush_Stroke_Median
0.242393 0.064977 0.167790 0.202520 NaN NaN 
Brush_Stroke_Range
0.065862 0.015997 0.073823 0.057603 NaN NaN 
Activity_Index_Median
231.169415 36.427984 201.566619 188.874535 NaN NaN 
Activity_Index_Range
55.960386 101.606057 124.276823 78.845819 NaN NaN 
Wave_Initiation_Rate_10
68.060438 8.817372 48.134575 61.165869 NaN NaN 
Body_Wave_Number_10
0.387612 0.630495 0.216634 0.374711 NaN NaN 
Asymmetry_10
-0.028853 -0.138534 -0.037007 -0.003379 NaN NaN 
Stretch_10
0.396891 0.561566 0.324215 0.408286 NaN NaN 
Attenuation_10
58.666130 56.213089 30.184864 51.641539 NaN NaN 
Brush_Stroke_10
0.215874 0.055006 0.128433 0.181897 NaN NaN 
Activity_Index_10
200.360297 25.688569 126.577441 150.485839 NaN NaN 
usability
0.998162 0.939338 0.985294 0.987132 0.652574 0.000000 
status
valid
valid
valid
valid
rejected
rejected
highThr
54.000000 58.000000 55.000000 56.000000 72.000000 35.000000 
lowThr
38.000000 36.000000 33.000000 36.000000 17.000000 17.000000 
prevThr
25.000000 25.000000 25.000000 25.000000 25.000000 25.000000 
highThrDef
54.000000 58.000000 55.000000 56.000000 72.000000 35.000000 
lowThrDef
38.000000 36.000000 33.000000 36.000000 17.000000 17.000000 
prevThrDef
25.000000 25.000000 25.000000 25.000000 25.000000 25.000000 
manualSeparators

27   28  317  318  378  379  396  397
349  350  351

136  137

separators
1   10   11   26   28   61   62  314  315  346  347  394  395  545
1   27   28   30   31   32   74   75   99  100  317  318  320  321  367  368  378  379  380  396  397  400  401  545
1  196  200  219  220  283  284  309  311  348  349  350  351  421  422  545
1  228  235  545
1   61   71   72   90   91  101  102  136  137  140  141  142  190  191  259  262  267  275  277  295  296  301  302  314  315  329  330  347  348  367  368  375  376  381  382  385  386  387  388  545
1  381  382  383  384  385  386  387  392  545
