fields 34
worms 5
Wave_Initiation_Rate_Median
30.726427 65.961856 60.897120 6.810752 NaN 
Wave_Initiation_Rate_Range
44.652752 13.923167 59.816350 16.626054 NaN 
Body_Wave_Number_Median
1.036256 0.681531 0.785086 1.812009 NaN 
Body_Wave_Number_Range
1.076636 0.201152 0.780899 1.776058 NaN 
Asymmetry_Median
0.011053 -0.021175 0.000524 -0.063008 NaN 
Asymmetry_Range
0.139561 0.039205 0.192112 0.147371 NaN 
Reverse_Swimming
2.815087 0.000000 0.000000 0.000000 NaN 
Curling
0.000000 0.000000 0.253700 8.604207 NaN 
Stretch_Median
0.388731 0.416451 0.476001 0.451399 NaN 
Stretch_Range
0.234336 0.170078 0.249884 0.606164 NaN 
Attenuation_Median
63.858779 56.196770 67.492059 63.753652 NaN 
Attenuation_Range
31.451973 18.606645 24.956489 76.453055 NaN 
Traveling_Speed_Mean
2.564628 7.652182 4.141748 0.488289 NaN 
Brush_Stroke_Median
0.105521 0.158061 0.073885 0.038201 NaN 
Brush_Stroke_Range
0.035661 0.023465 0.015780 0.010688 NaN 
Activity_Index_Median
62.771204 184.557884 224.436406 10.254336 NaN 
Activity_Index_Range
93.477433 43.207345 206.668927 6.134908 NaN 
Wave_Initiation_Rate_10
9.038246 53.043897 13.998062 6.052904 NaN 
Body_Wave_Number_10
0.480933 0.607642 0.490358 0.166997 NaN 
Asymmetry_10
-0.064047 -0.040490 -0.039841 -0.151369 NaN 
Stretch_10
0.277280 0.334533 0.326398 0.342902 NaN 
Attenuation_10
42.358114 45.759568 53.846385 5.189115 NaN 
Brush_Stroke_10
0.087476 0.145965 0.065402 0.034136 NaN 
Activity_Index_10
17.636619 152.074564 56.224377 8.172603 NaN 
usability
1.000000 1.000000 0.869485 0.961397 0.022059 
status
valid
valid
valid
valid
rejected
highThr
83.000000 73.000000 77.000000 73.000000 64.000000 
lowThr
56.000000 57.000000 55.000000 48.000000 0.000000 
prevThr
25.000000 25.000000 25.000000 25.000000 25.000000 
highThrDef
83.000000 73.000000 77.000000 73.000000 64.000000 
lowThrDef
56.000000 57.000000 55.000000 48.000000 0.000000 
prevThrDef
25.000000 25.000000 25.000000 25.000000 25.000000 
manualSeparators


153  154
19  20  42  43  57  58

separators
1   11   13  466  473  545
1  545
1  100  101  143  144  153  154  160  161  181  201  202  221  222  286  290  301  304  306  308  326  330  331  332  342  344  351  354  355  372  374  380  391  395  452  454  545
1   19   20   22   23   41   42   43   57   58   59   62   63   69   70   73   74   82   83   86   87   89   90   92   93  101  102  522  523  524  545
1  321  322  334  441  442  545
