fields 34
worms 4
Wave_Initiation_Rate_Median
94.486727 119.896626 NaN 116.613698 
Wave_Initiation_Rate_Range
65.892674 64.035318 NaN 61.431134 
Body_Wave_Number_Median
0.393629 0.640445 NaN 0.599640 
Body_Wave_Number_Range
0.242520 0.330862 NaN 0.300425 
Asymmetry_Median
0.012016 -0.006593 NaN -0.008762 
Asymmetry_Range
0.104109 0.036711 NaN 0.053557 
Reverse_Swimming
0.000000 0.000000 NaN 0.000000 
Curling
0.777778 0.000000 NaN 0.110497 
Stretch_Median
0.398055 0.330831 NaN 0.373996 
Stretch_Range
0.216074 0.226140 NaN 0.155433 
Attenuation_Median
71.089944 69.598471 NaN 68.911834 
Attenuation_Range
20.907622 19.710149 NaN 16.041613 
Traveling_Speed_Mean
11.331761 10.608267 NaN 10.936334 
Brush_Stroke_Median
0.234491 0.232154 NaN 0.271528 
Brush_Stroke_Range
0.110717 0.050056 NaN 0.050704 
Activity_Index_Median
359.240236 272.257830 NaN 281.528394 
Activity_Index_Range
267.328264 136.636125 NaN 122.959960 
Wave_Initiation_Rate_10
54.688747 63.513177 NaN 72.296279 
Body_Wave_Number_10
0.264862 0.402754 NaN 0.431157 
Asymmetry_10
-0.016061 -0.024397 NaN -0.036512 
Stretch_10
0.323996 0.248892 NaN 0.303072 
Attenuation_10
61.192149 59.307549 NaN 59.640155 
Brush_Stroke_10
0.187135 0.207213 NaN 0.242200 
Activity_Index_10
186.332430 160.876393 NaN 185.366456 
usability
0.992647 1.000000 0.000000 0.998162 
status
valid
valid
rejected
valid
highThr
61.000000 59.000000 63.000000 60.000000 
lowThr
37.000000 40.000000 41.000000 40.000000 
prevThr
25.000000 25.000000 25.000000 25.000000 
highThrDef
62.000000 59.000000 63.000000 60.000000 
lowThrDef
41.000000 44.000000 41.000000 44.000000 
prevThrDef
25.000000 25.000000 25.000000 25.000000 
manualSeparators




separators
1   28   29   78   79  104  105  126  127  128  129  130  433  435  454  455  501  502  524  525  545
1  545
1   16   17   26   27   35   42   44   49   50   51   53   55   56   62   65   77   84   87   88   91  102  114  136  137  139  141  148  151  159  162  201  206  208  230  233  242  247  260  264  269  275  279  285  294  299  300  301  303  326  327  545
1   67   68  545
