fields 34
worms 6
Wave_Initiation_Rate_Median
102.382846 NaN 46.759698 68.471536 65.684600 NaN 
Wave_Initiation_Rate_Range
32.439257 NaN 86.069076 13.192152 53.434981 NaN 
Body_Wave_Number_Median
0.685929 NaN 0.518609 0.508045 0.355625 NaN 
Body_Wave_Number_Range
0.399652 NaN 0.880893 0.295197 0.515931 NaN 
Asymmetry_Median
0.001235 NaN 0.005804 -0.015667 0.011156 NaN 
Asymmetry_Range
0.070129 NaN 0.153840 0.050040 0.115683 NaN 
Reverse_Swimming
0.000000 NaN 15.234591 0.000000 5.492537 NaN 
Curling
0.000000 NaN 1.113173 0.000000 1.757322 NaN 
Stretch_Median
0.370764 NaN 0.451189 0.389388 0.451266 NaN 
Stretch_Range
0.178902 NaN 0.254543 0.150555 0.287244 NaN 
Attenuation_Median
68.303330 NaN 48.836048 69.784019 60.546245 NaN 
Attenuation_Range
21.455205 NaN 63.772381 15.037678 46.537423 NaN 
Traveling_Speed_Mean
10.266760 NaN 7.597275 6.996788 6.962340 NaN 
Brush_Stroke_Median
0.256462 NaN 0.097896 0.168036 0.237481 NaN 
Brush_Stroke_Range
0.075744 NaN 0.061021 0.065218 0.156231 NaN 
Activity_Index_Median
262.960669 NaN 184.436125 193.039738 202.213805 NaN 
Activity_Index_Range
114.093756 NaN 273.947412 56.495777 259.602158 NaN 
Wave_Initiation_Rate_10
74.335423 NaN 13.479027 67.314725 32.037140 NaN 
Body_Wave_Number_10
0.403942 NaN 0.266818 0.403849 0.154921 NaN 
Asymmetry_10
-0.014167 NaN -0.057594 -0.041090 -0.060222 NaN 
Stretch_10
0.283438 NaN 0.320925 0.317911 0.345924 NaN 
Attenuation_10
58.555849 NaN 14.082716 62.715805 28.394651 NaN 
Brush_Stroke_10
0.222549 NaN 0.075030 0.142242 0.173076 NaN 
Activity_Index_10
192.411801 NaN 35.444278 167.270434 89.184062 NaN 
usability
0.977941 0.711397 0.990809 0.992647 0.878676 0.115809 
status
valid
rejected
valid
valid
valid
rejected
highThr
59.000000 80.000000 59.000000 68.000000 66.000000 23.000000 
lowThr
40.000000 1.000000 26.000000 24.000000 18.000000 15.000000 
prevThr
25.000000 25.000000 25.000000 25.000000 25.000000 25.000000 
highThrDef
59.000000 80.000000 59.000000 68.000000 66.000000 23.000000 
lowThrDef
40.000000 1.000000 26.000000 24.000000 18.000000 15.000000 
prevThrDef
25.000000 25.000000 25.000000 25.000000 25.000000 25.000000 
manualSeparators






separators
1  123  126  136  137  268  271  419  420  462  463  530  533  545
1  322  327  328  329  330  341  343  344  347  380  396  397  402  406  410  421  422  464  467  468  494  495  496  513  514  536  537  543  544  545
1  220  221  304  305  322  323  342  343  421  422  545
1    2    3  371  373  529  530  545
1   41   42  223  224  225  226  230  232  233  238  239  241  242  301  304  305  306  309  310  390  391  396  397  522  524  525  530  531  532  535  536  545
1  241  242  301  302  304  321  322  323  327  328  329  330  336  337  339  340  341  343  344  347  380  396  397  402  404  405  406  407  410  412  413  415  416  421  422  423  424  427  428  464  467  468  494  495  496  513  514  536  537  538  543  544  545
