fields 34
worms 5
Wave_Initiation_Rate_Median
16.857907 89.248185 76.442555 68.981340 68.237895 
Wave_Initiation_Rate_Range
24.367314 64.629635 19.447575 55.454577 2.932454 
Body_Wave_Number_Median
1.508593 0.610952 0.608893 0.705019 0.741393 
Body_Wave_Number_Range
0.664602 0.318447 0.254031 0.562184 0.577108 
Asymmetry_Median
-0.021809 0.002356 -0.003584 -0.007179 -0.005916 
Asymmetry_Range
0.107854 0.079842 0.096947 0.076420 0.025878 
Reverse_Swimming
0.000000 0.000000 0.000000 0.000000 0.000000 
Curling
0.000000 0.831683 0.000000 0.000000 0.000000 
Stretch_Median
0.658031 0.357419 0.404510 0.373480 0.442127 
Stretch_Range
0.180143 0.274421 0.153879 0.237777 0.111553 
Attenuation_Median
73.519749 65.729886 66.125825 63.961128 67.009388 
Attenuation_Range
16.207411 23.050612 21.028810 20.845470 11.414324 
Traveling_Speed_Mean
2.096589 9.263792 10.569304 8.396906 4.996689 
Brush_Stroke_Median
0.070927 0.055416 0.213063 0.193254 0.178954 
Brush_Stroke_Range
0.037520 0.030664 0.057967 0.052204 0.029359 
Activity_Index_Median
42.322025 225.685378 211.028786 201.597861 183.802007 
Activity_Index_Range
59.073254 218.735794 67.081082 149.954110 31.603110 
Wave_Initiation_Rate_10
7.595526 45.772048 66.876933 37.231116 66.390935 
Body_Wave_Number_10
1.193798 0.422721 0.491278 0.457593 0.454941 
Asymmetry_10
-0.073880 -0.023420 -0.062082 -0.058855 -0.016618 
Stretch_10
0.557248 0.282819 0.337221 0.303931 0.390527 
Attenuation_10
67.886157 53.023196 56.498720 53.701222 60.324088 
Brush_Stroke_10
0.056033 0.043030 0.187594 0.167420 0.168922 
Activity_Index_10
14.116712 85.197475 177.641695 125.707560 172.156869 
usability
1.000000 0.928309 1.000000 0.990809 0.814338 
status
valid
valid
valid
valid
valid
highThr
68.000000 70.000000 69.000000 72.000000 81.000000 
lowThr
51.000000 45.000000 45.000000 45.000000 50.000000 
prevThr
25.000000 25.000000 25.000000 25.000000 25.000000 
highThrDef
68.000000 70.000000 69.000000 72.000000 81.000000 
lowThrDef
51.000000 45.000000 45.000000 45.000000 29.000000 
prevThrDef
25.000000 25.000000 25.000000 25.000000 25.000000 
manualSeparators




486  487  485
separators
1  201  202  545
1   20   21  317  320  332  333  338  340  376  380  384  389  421  422  461  462  545
1  264  268  376  380  429  430  431  436  545
1  442  443  501  502  506  507  515  516  532  534  545
1    4    5   15   16   37   38   54   56   85   86  133  141  150  151  163  167  177  178  179  180  195  196  209  210  223  225  239  240  253  256  266  269  295  296  325  331  353  360  367  369  381  389  390  395  403  404  409  412  423  426  449  450  463  465  477  481  485  486  487  488  489  499  500  501  504  506  531  538  543  545
