fields 34
worms 5
Wave_Initiation_Rate_Median
34.685373 67.640182 66.022668 12.694703 39.575815 
Wave_Initiation_Rate_Range
3.389248 47.607660 17.471098 23.243834 45.616901 
Body_Wave_Number_Median
1.573473 0.936524 0.972663 1.126460 0.853908 
Body_Wave_Number_Range
0.683072 0.673395 0.658325 1.263061 0.556145 
Asymmetry_Median
-0.005776 -0.021894 -0.001732 0.021107 -0.017978 
Asymmetry_Range
0.042476 0.128935 0.047443 0.335846 0.130797 
Reverse_Swimming
0.000000 0.000000 0.000000 10.929163 0.000000 
Curling
0.000000 1.238274 0.000000 0.000000 0.441176 
Stretch_Median
0.446017 0.419905 0.430968 0.516825 0.527911 
Stretch_Range
0.098093 0.181040 0.194918 0.189412 0.298205 
Attenuation_Median
50.396730 60.957564 69.342183 65.794365 60.609027 
Attenuation_Range
28.487183 22.685162 14.859225 51.093954 34.759129 
Traveling_Speed_Mean
4.053992 4.909448 3.355643 1.842259 4.589479 
Brush_Stroke_Median
0.048537 0.166892 0.122564 0.085144 0.094037 
Brush_Stroke_Range
0.022532 0.056992 0.048601 0.043925 0.038624 
Activity_Index_Median
80.134788 150.938670 122.591576 38.953866 103.040685 
Activity_Index_Range
45.151701 103.954436 61.830953 77.600965 112.861106 
Wave_Initiation_Rate_10
32.655382 24.209535 49.687869 8.005516 21.375290 
Body_Wave_Number_10
1.185520 0.545964 0.605557 0.419730 0.601962 
Asymmetry_10
-0.025399 -0.119541 -0.019568 -0.198202 -0.091132 
Stretch_10
0.394404 0.360746 0.330204 0.445302 0.380097 
Attenuation_10
34.950328 48.654682 61.324108 33.545139 41.537615 
Brush_Stroke_10
0.042553 0.133892 0.105759 0.052720 0.072033 
Activity_Index_10
69.038463 78.190358 92.691191 16.680106 59.232001 
usability
1.000000 0.979779 0.946691 0.990809 1.000000 
status
valid
valid
valid
valid
valid
highThr
73.000000 66.000000 74.000000 74.000000 68.000000 
lowThr
54.000000 46.000000 38.000000 55.000000 46.000000 
prevThr
25.000000 25.000000 25.000000 25.000000 25.000000 
highThrDef
73.000000 66.000000 74.000000 74.000000 68.000000 
lowThrDef
54.000000 49.000000 38.000000 55.000000 46.000000 
prevThrDef
25.000000 25.000000 25.000000 25.000000 25.000000 
manualSeparators

485
478  480  481


separators
1   18   19   22   24   26   27  197  201  545
1  233  234  485  496  497  545
1  464  478  480  481  483  488  502  503  513  514  517  521  523  524  541  543  544  545
1  464  480  481  483  487  488  502  503  513  514  517  521  523  524  541  543  544  545
1  186  187  233  234  285  286  545
