fields 34
worms 5
Wave_Initiation_Rate_Median
24.425439 20.928045 63.113067 9.622244 4.966201 
Wave_Initiation_Rate_Range
87.831688 57.686946 84.310306 9.950321 0.880124 
Body_Wave_Number_Median
0.791866 0.878766 0.585593 1.597548 2.000000 
Body_Wave_Number_Range
1.122322 1.497509 0.722227 0.618489 0.024086 
Asymmetry_Median
0.018995 0.001529 0.008814 0.035548 -0.103067 
Asymmetry_Range
0.111906 0.175653 0.109534 0.102821 0.006401 
Reverse_Swimming
0.000000 13.799448 0.000000 0.000000 0.000000 
Curling
0.000000 0.000000 0.000000 0.000000 0.000000 
Stretch_Median
0.521671 0.679158 0.341709 0.397395 0.009901 
Stretch_Range
0.349398 0.366420 0.282059 0.160124 0.093106 
Attenuation_Median
68.925081 52.967725 66.847964 70.351333 19.406083 
Attenuation_Range
22.715456 98.080654 18.009921 28.261963 88.665152 
Traveling_Speed_Mean
4.336096 3.743000 8.459123 1.381780 0.038880 
Brush_Stroke_Median
0.110054 0.124654 0.155532 0.040757 0.020000 
Brush_Stroke_Range
0.044619 0.070621 0.034833 0.018912 0.001145 
Activity_Index_Median
65.615465 50.192947 170.532336 19.243623 4.966201 
Activity_Index_Range
233.832201 158.005100 223.174428 29.148672 1.047079 
Wave_Initiation_Rate_10
10.354473 9.387927 15.919040 7.161582 4.966201 
Body_Wave_Number_10
0.346943 0.111250 0.295885 1.265831 1.975914 
Asymmetry_10
-0.037379 -0.111036 -0.024247 -0.029359 -0.108294 
Stretch_10
0.274669 0.395458 0.251985 0.330041 0.000000 
Attenuation_10
56.349992 -27.575265 56.752416 55.579312 0.000000 
Brush_Stroke_10
0.082416 0.083743 0.136993 0.029815 0.020000 
Activity_Index_10
21.297154 16.014451 39.318204 11.086586 4.966201 
usability
1.000000 1.000000 1.000000 1.000000 1.000000 
status
valid
valid
valid
valid
valid
highThr
70.000000 60.000000 65.000000 62.000000 NaN 
lowThr
48.000000 44.000000 46.000000 34.000000 0.000000 
prevThr
25.000000 25.000000 25.000000 25.000000 25.000000 
highThrDef
70.000000 60.000000 65.000000 62.000000 NaN 
lowThrDef
48.000000 44.000000 46.000000 34.000000 0.000000 
prevThrDef
25.000000 25.000000 25.000000 25.000000 25.000000 
manualSeparators





separators
1  235  237  349  350  545
1   79   81   87   89  545
1  134  139  218  219  545
1  545
1  545
