fields 34
worms 5
Wave_Initiation_Rate_Median
118.392496 101.478104 120.332278 112.039169 NaN 
Wave_Initiation_Rate_Range
20.883014 27.898652 30.914409 57.009994 NaN 
Body_Wave_Number_Median
0.501844 0.471692 0.495624 0.464146 NaN 
Body_Wave_Number_Range
0.241895 0.265452 0.217873 0.231391 NaN 
Asymmetry_Median
-0.009282 0.010197 -0.009967 0.009088 NaN 
Asymmetry_Range
0.031096 0.051596 0.036200 0.082924 NaN 
Reverse_Swimming
0.000000 0.000000 0.000000 0.000000 NaN 
Curling
0.000000 0.225564 0.000000 0.125786 NaN 
Stretch_Median
0.353316 0.381684 0.347205 0.359296 NaN 
Stretch_Range
0.116658 0.099856 0.113738 0.195931 NaN 
Attenuation_Median
59.661337 59.432331 58.191134 60.441758 NaN 
Attenuation_Range
24.856099 18.580869 17.644300 17.988690 NaN 
Traveling_Speed_Mean
11.320290 12.948761 12.433600 11.417609 NaN 
Brush_Stroke_Median
0.055988 0.257571 0.301842 0.296384 NaN 
Brush_Stroke_Range
0.056320 0.051652 0.036168 0.296329 NaN 
Activity_Index_Median
343.582385 260.692828 297.523063 316.603781 NaN 
Activity_Index_Range
341.784025 61.339613 64.868616 453.170697 NaN 
Wave_Initiation_Rate_10
107.523029 74.689644 103.020534 67.638709 NaN 
Body_Wave_Number_10
0.359132 0.326085 0.390863 0.307892 NaN 
Asymmetry_10
-0.025703 -0.005856 -0.033249 -0.002948 NaN 
Stretch_10
0.304162 0.337942 0.310262 0.297166 NaN 
Attenuation_10
43.971746 51.157840 50.902189 52.198687 NaN 
Brush_Stroke_10
0.051141 0.237250 0.288372 0.265551 NaN 
Activity_Index_10
291.980792 229.024168 256.611538 148.379315 NaN 
usability
0.941176 0.977941 1.000000 0.876838 
status
valid
valid
valid
valid
rejected
highThr
52.000000 50.000000 47.000000 47.000000 NaN 
lowThr
31.000000 31.000000 29.000000 28.000000 0.000000 
prevThr
20.000000 25.000000 25.000000 25.000000 25.000000 
highThrDef
52.000000 50.000000 47.000000 47.000000 NaN 
lowThrDef
31.000000 31.000000 29.000000 28.000000 0.000000 
prevThrDef
25.000000 25.000000 25.000000 25.000000 25.000000 
manualSeparators
183




separators
1  121  122  146  147  154  155  183  199  201  202  360  363  368  369  370  545
1   18   19  106  108  115  116  117  120  484  489  545
1  545
1   61   62   63   64   85   88   96   97  302  303  545
1  545
