fields 34
worms 5
Wave_Initiation_Rate_Median
11.170125 65.988966 67.783360 66.404269 52.324212 
Wave_Initiation_Rate_Range
22.908422 42.302990 8.653525 33.897600 34.015897 
Body_Wave_Number_Median
1.296242 0.541881 0.781320 0.701438 0.539980 
Body_Wave_Number_Range
0.856897 0.401615 0.195789 0.388531 0.463282 
Asymmetry_Median
-0.020392 -0.000902 -0.006334 -0.012246 -0.057763 
Asymmetry_Range
0.135975 0.100863 0.035999 0.091267 0.080024 
Reverse_Swimming
11.149954 3.422263 0.000000 0.000000 10.045998 
Curling
0.000000 0.000000 0.000000 0.000000 0.000000 
Stretch_Median
0.435657 0.455895 0.369134 0.440964 0.448212 
Stretch_Range
0.303863 0.229533 0.090425 0.288194 0.198501 
Attenuation_Median
31.573980 64.266591 57.794798 67.709492 55.868287 
Attenuation_Range
77.603299 24.237499 15.993097 15.743020 47.031146 
Traveling_Speed_Mean
2.388320 6.027483 1.619238 6.914909 6.677154 
Brush_Stroke_Median
0.066770 0.145238 0.167952 0.112002 0.087655 
Brush_Stroke_Range
0.018541 0.032685 0.022362 0.033966 0.021158 
Activity_Index_Median
39.283949 156.419108 170.397472 192.507096 225.366488 
Activity_Index_Range
76.164489 114.670395 26.033356 118.018294 162.696351 
Wave_Initiation_Rate_10
7.106228 25.073491 59.879477 33.802615 32.506265 
Body_Wave_Number_10
0.912961 0.320647 0.680710 0.469913 0.175250 
Asymmetry_10
-0.095092 -0.025205 -0.022734 -0.081978 -0.097578 
Stretch_10
0.345052 0.328674 0.326520 0.376667 0.362854 
Attenuation_10
-16.935719 48.295646 50.418904 60.994249 18.751826 
Brush_Stroke_10
0.059342 0.134167 0.159402 0.094044 0.075384 
Activity_Index_10
22.911184 59.341190 158.460411 116.454390 133.012616 
usability
1.000000 1.000000 0.768382 1.000000 1.000000 
status
valid
valid
valid
valid
valid
highThr
71.000000 71.000000 80.000000 73.000000 68.000000 
lowThr
55.000000 55.000000 50.000000 49.000000 48.000000 
prevThr
25.000000 25.000000 25.000000 25.000000 25.000000 
highThrDef
71.000000 71.000000 108.000000 73.000000 68.000000 
lowThrDef
55.000000 55.000000 21.000000 49.000000 48.000000 
prevThrDef
25.000000 25.000000 25.000000 25.000000 25.000000 
manualSeparators


369  370  386  387  402  403  421  422  472  473  474


separators
1  283  284  326  327  545
1  545
1  330  333  368  369  370  381  386  387  392  401  402  403  409  410  411  420  421  422  428  436  437  445  454  455  461  471  472  473  474  504  523  528  537  545
1  171  174  545
1   31   34  545
