fields 34
worms 8
Wave_Initiation_Rate_Median
68.877230 63.920739 69.004608 NaN 67.755987 NaN NaN NaN 
Wave_Initiation_Rate_Range
50.712899 59.285174 37.564920 NaN 60.688517 NaN NaN NaN 
Body_Wave_Number_Median
0.484583 0.442948 0.517042 NaN 0.450070 NaN NaN NaN 
Body_Wave_Number_Range
0.337129 0.725147 0.379048 NaN 0.476837 NaN NaN NaN 
Asymmetry_Median
-0.015666 -0.018398 0.025132 NaN -0.017544 NaN NaN NaN 
Asymmetry_Range
0.127168 0.130201 0.088273 NaN 0.104314 NaN NaN NaN 
Reverse_Swimming
0.000000 3.034134 0.000000 NaN 2.487047 NaN NaN NaN 
Curling
3.396226 2.538976 0.268456 NaN 2.536998 NaN NaN NaN 
Stretch_Median
0.439297 0.461553 0.414193 NaN 0.492160 NaN NaN NaN 
Stretch_Range
0.227996 0.227359 0.172719 NaN 0.255915 NaN NaN NaN 
Attenuation_Median
58.378651 51.573942 52.064699 NaN 61.740170 NaN NaN NaN 
Attenuation_Range
27.888002 63.746048 21.638983 NaN 37.879104 NaN NaN NaN 
Traveling_Speed_Mean
6.588675 3.166537 4.576692 NaN 4.741073 NaN NaN NaN 
Brush_Stroke_Median
0.268896 0.230370 0.087374 NaN 0.183464 NaN NaN NaN 
Brush_Stroke_Range
0.080812 0.065154 0.051888 NaN 0.111534 NaN NaN NaN 
Activity_Index_Median
197.322240 200.345105 283.518961 NaN 219.400559 NaN NaN NaN 
Activity_Index_Range
129.103211 179.904590 293.689354 NaN 169.514825 NaN NaN NaN 
Wave_Initiation_Rate_10
38.371594 26.584133 46.877358 NaN 40.520430 NaN NaN NaN 
Body_Wave_Number_10
0.277975 0.170569 0.252355 NaN 0.238210 NaN NaN NaN 
Asymmetry_10
-0.112574 -0.105933 -0.013729 NaN -0.092660 NaN NaN NaN 
Stretch_10
0.352884 0.386587 0.352949 NaN 0.358160 NaN NaN NaN 
Attenuation_10
43.309482 4.055635 43.835856 NaN 34.543453 NaN NaN NaN 
Brush_Stroke_10
0.220077 0.192340 0.046217 NaN 0.143791 NaN NaN NaN 
Activity_Index_10
126.488616 69.909173 104.958385 NaN 127.515156 NaN NaN NaN 
usability
0.876838 0.825368 0.821691 0.920956 0.869485 0.373162 0.176471 0.000000 
status
valid
valid
valid
rejected
valid
rejected
rejected
rejected
highThr
51.000000 57.000000 47.000000 39.000000 52.000000 34.000000 43.000000 NaN 
lowThr
22.000000 15.000000 26.000000 24.000000 25.000000 11.000000 14.000000 0.000000 
prevThr
25.000000 25.000000 25.000000 25.000000 25.000000 25.000000 25.000000 25.000000 
highThrDef
51.000000 57.000000 47.000000 39.000000 52.000000 34.000000 43.000000 NaN 
lowThrDef
22.000000 15.000000 26.000000 24.000000 25.000000 11.000000 14.000000 0.000000 
prevThrDef
25.000000 25.000000 25.000000 25.000000 25.000000 25.000000 25.000000 25.000000 
manualSeparators








separators
1  122  123  384  385  388  389  450  451  485  501  502  509  510  511  512  513  516  517  520  524  525  541  542  545
1   20   21  127  128  134  135  136  139  153  158  159  160  161  162  201  202  203  204  205  206  212  213  218  219  221  228  338  339  399  400  401  402  436  461  462  539  540  545
1  132  133  134  135  136  139  140  153  161  162  241  242  272  273  277  278  279  280  545
1    6    7   12   13   22   23   25   26   33   34   46   47   51   52   85   86   87   88  119  120  132  133  137  138  162  163  172  173  175  176  208  209  215  216  221  222  229  230  243  244  250  251  257  258  267  268  273  274  285  286  287  288  303  304  305  306  310  311  342  343  346  347  367  368  371  372  379  380  387  388  389  390  405  406  442  443  444  445  466  467  476  477  481  482  527  528  545
1   61   62  131  132  243  244  245  246  262  263  264  265  289  290  321  322  325  326  342  343  450  451  545
1  181  182  301  302  308  309  341  342  348  349  401  402  403  406  407  461  462  541  542  545
1  381  382  385  386  421  422  423  426  427  428  441  447  450  451  452  453  455  456  459  460  462  463  470  471  473  474  479  480  481  482  491  492  493  494  495  496  509  510  512  513  515  516  520  521  523  524  527  528  535  536  540  541  542  543  545
1  541  542  545
