fields 34
worms 5
Wave_Initiation_Rate_Median
146.846291 136.240233 135.901249 136.890794 132.990164 
Wave_Initiation_Rate_Range
33.158774 27.177921 51.906861 32.747256 111.701087 
Body_Wave_Number_Median
0.603923 0.641033 0.539270 0.623905 0.391685 
Body_Wave_Number_Range
0.304589 0.206833 0.255693 0.495260 0.710583 
Asymmetry_Median
-0.009426 -0.002757 -0.004900 0.009083 -0.007255 
Asymmetry_Range
0.043503 0.033013 0.062662 0.046183 0.113733 
Reverse_Swimming
0.000000 0.000000 1.655934 2.980681 2.673575 
Curling
0.000000 0.000000 0.000000 0.567108 0.628931 
Stretch_Median
0.339468 0.302388 0.374283 0.404823 0.434443 
Stretch_Range
0.179365 0.171322 0.153869 0.209819 0.298022 
Attenuation_Median
69.227504 71.628341 67.341571 70.641671 66.203687 
Attenuation_Range
23.609992 21.311568 16.642542 27.804438 14.210156 
Traveling_Speed_Mean
14.230680 14.953333 17.436180 28.695688 8.852752 
Brush_Stroke_Median
0.344119 0.334660 0.325169 0.385069 0.324140 
Brush_Stroke_Range
0.041811 0.102232 0.058692 0.484859 0.086089 
Activity_Index_Median
347.537142 316.622804 360.824470 369.454622 353.786281 
Activity_Index_Range
108.947919 114.504311 136.934644 471.476277 296.766166 
Wave_Initiation_Rate_10
120.048759 119.722673 100.185184 117.388261 41.890902 
Body_Wave_Number_10
0.404262 0.500858 0.406120 0.384693 0.038930 
Asymmetry_10
-0.039264 -0.020217 -0.050162 -0.004881 -0.101739 
Stretch_10
0.273379 0.216384 0.309278 0.317527 0.340016 
Attenuation_10
56.468964 59.382707 59.006722 51.661239 59.097088 
Brush_Stroke_10
0.324057 0.278080 0.297760 0.334220 0.283291 
Activity_Index_10
263.419930 243.818949 256.622867 318.862122 103.856013 
usability
0.985294 0.992647 0.994485 0.972426 0.876838 
status
valid
valid
valid
valid
valid
highThr
58.000000 64.000000 61.000000 64.000000 69.000000 
lowThr
38.000000 42.000000 42.000000 36.000000 43.000000 
prevThr
25.000000 25.000000 25.000000 25.000000 25.000000 
highThrDef
58.000000 64.000000 61.000000 64.000000 69.000000 
lowThrDef
38.000000 42.000000 42.000000 36.000000 43.000000 
prevThrDef
25.000000 25.000000 25.000000 25.000000 25.000000 
manualSeparators





separators
1  439  440  446  447  454  455  482  483  488  489  495  497  502  503  545
1   22   23  238  239  261  262  269  270  545
1  127  129  143  144  545
1    2    4   47   49   60   61   79   80   96   97  102  103  140  141  263  264  265  268  269  271  272  319  320  336  337  545
1   61   62   67   68   72   73  144  145  155  156  183  184  394  395  545
