fields 34
worms 6
Wave_Initiation_Rate_Median
53.096482 68.499407 40.551330 NaN NaN NaN 
Wave_Initiation_Rate_Range
60.796967 39.510698 41.616486 NaN NaN NaN 
Body_Wave_Number_Median
0.423879 0.691552 0.675083 NaN NaN NaN 
Body_Wave_Number_Range
0.508483 0.281470 0.925911 NaN NaN NaN 
Asymmetry_Median
0.002807 -0.005089 0.018949 NaN NaN NaN 
Asymmetry_Range
0.165755 0.059611 0.140325 NaN NaN NaN 
Reverse_Swimming
17.111316 2.567760 4.577823 NaN NaN NaN 
Curling
5.878004 1.645570 3.785851 NaN NaN NaN 
Stretch_Median
0.518666 0.569446 0.686266 NaN NaN NaN 
Stretch_Range
0.346825 0.213184 0.278322 NaN NaN NaN 
Attenuation_Median
48.663126 62.956505 51.956213 NaN NaN NaN 
Attenuation_Range
55.373265 19.856410 35.395101 NaN NaN NaN 
Traveling_Speed_Mean
6.174462 6.263926 3.540352 NaN NaN NaN 
Brush_Stroke_Median
0.194016 0.087853 0.145562 NaN NaN NaN 
Brush_Stroke_Range
0.052116 0.054895 0.069195 NaN NaN NaN 
Activity_Index_Median
180.649340 365.023349 140.776412 NaN NaN NaN 
Activity_Index_Range
181.303528 280.360848 84.121555 NaN NaN NaN 
Wave_Initiation_Rate_10
21.269896 43.675042 15.446641 NaN NaN NaN 
Body_Wave_Number_10
0.139603 0.546229 0.359516 NaN NaN NaN 
Asymmetry_10
-0.058318 -0.035188 -0.029413 NaN NaN NaN 
Stretch_10
0.410406 0.476962 0.583262 NaN NaN NaN 
Attenuation_10
4.007838 54.609241 24.645396 NaN NaN NaN 
Brush_Stroke_10
0.169538 0.053523 0.120271 NaN NaN NaN 
Activity_Index_10
64.375737 133.078909 81.739006 NaN NaN NaN 
usability
0.994485 0.871324 0.961397 0.580882 0.733456 0.051471 
status
valid
valid
valid
rejected
rejected
rejected
highThr
63.000000 69.000000 65.000000 63.000000 94.000000 98.000000 
lowThr
42.000000 46.000000 42.000000 29.000000 13.000000 20.000000 
prevThr
25.000000 25.000000 25.000000 25.000000 25.000000 25.000000 
highThrDef
63.000000 69.000000 65.000000 63.000000 94.000000 98.000000 
lowThrDef
42.000000 46.000000 42.000000 29.000000 13.000000 20.000000 
prevThrDef
25.000000 25.000000 25.000000 25.000000 25.000000 25.000000 
manualSeparators
54   55  432  433
145  146  159  160  161
383  384  443  444
44   45   74   75   76   77  178  179  182  183  184  185  202  203  204  205  206  222  223  221  224  225  226  241  242  243  244  246  247  251  252  253  255  256  257  261  262  281  282  283  284  300  301  302  303  304  305  322  323  324  325  326  329  330  341  342  343  344  345  346  362  363  364  378  379  380  381  382  383  384  391  392  393  402  403  404


separators
1   40   41   47   54   55   57  104  105  141  142  401  402  432  433  434  435  545
1   40   41   47   57  139  145  146  154  155  159  160  161  235  236  257  281  282  301  302  545
1   42   48   49  128  129  153  154  198  199  383  384  385  426  427  441  443  444  447  448  452  453  507  508  545
1   32   41   42   44   45   48   49   74   75   76   77  178  179  181  182  183  184  185  202  203  204  205  206  221  222  223  224  225  226  241  242  243  244  246  247  251  252  253  255  256  257  261  262  264  265  281  282  283  284  300  301  302  303  304  305  322  323  324  325  326  329  330  341  342  343  344  345  346  362  363  364  378  379  380  381  382  383  384  391  392  393  402  403  404  422  545
1   81   82   87   88   99  100  163  164  191  192  214  215  221  261  262  263  289  290  292  293  300  301  307  308  309  310  311  312  319  320  321  322  341  342  382  383  388  389  414  415  416  417  418  424  425  456  457  461  462  545
1  221  222  242  243  244  245  246  247  253  545
