fields 34
worms 4
Wave_Initiation_Rate_Median
63.189125 11.484897 69.188114 95.451535 
Wave_Initiation_Rate_Range
30.943019 15.737688 55.418148 109.856233 
Body_Wave_Number_Median
0.580765 1.249859 0.517337 0.447729 
Body_Wave_Number_Range
0.432186 0.868947 0.312003 0.720003 
Asymmetry_Median
-0.066040 -0.067958 -0.003186 -0.003257 
Asymmetry_Range
0.035107 0.152688 0.055550 0.067376 
Reverse_Swimming
0.000000 0.000000 0.000000 8.445262 
Curling
0.000000 0.000000 0.000000 0.000000 
Stretch_Median
0.396667 0.682948 0.298223 0.368989 
Stretch_Range
0.150331 0.272487 0.153115 0.254317 
Attenuation_Median
76.418484 74.315116 68.221088 66.691085 
Attenuation_Range
12.127239 21.946569 25.244623 47.620380 
Traveling_Speed_Mean
4.793684 1.369260 5.838647 7.648372 
Brush_Stroke_Median
0.178763 0.054524 0.144691 0.064851 
Brush_Stroke_Range
0.037029 0.015154 0.038137 0.018888 
Activity_Index_Median
171.509200 29.512797 174.463305 200.100460 
Activity_Index_Range
94.874154 47.778976 145.527274 226.865912 
Wave_Initiation_Rate_10
35.935463 8.920821 33.105312 21.507465 
Body_Wave_Number_10
0.436368 0.648363 0.359019 0.082898 
Asymmetry_10
-0.081793 -0.117977 -0.033721 -0.049211 
Stretch_10
0.342439 0.501966 0.227534 0.252710 
Attenuation_10
69.807441 64.119755 53.928730 31.473292 
Brush_Stroke_10
0.156802 0.045125 0.127097 0.056871 
Activity_Index_10
108.426122 20.162057 75.907444 49.815022 
usability
0.977941 0.994485 1.000000 0.966912 
status
valid
valid
valid
valid
highThr
63.000000 56.000000 64.000000 61.000000 
lowThr
39.000000 38.000000 35.000000 36.000000 
prevThr
25.000000 25.000000 25.000000 25.000000 
highThrDef
63.000000 56.000000 64.000000 61.000000 
lowThrDef
39.000000 38.000000 42.000000 36.000000 
prevThrDef
25.000000 25.000000 25.000000 25.000000 
manualSeparators




separators
1   49   51   65   66  101  102  121  122  268  269  285  287  329  330  413  414  473  474  490  491  545
1  118  120  477  478  545
1  545
1  274  275  340  342  441  442  445  447  452  454  455  457  460  462  464  465  489  491  493  494  505  507  545
