fields 34
worms 5
Wave_Initiation_Rate_Median
18.050736 11.308622 6.756979 8.376938 6.216174 
Wave_Initiation_Rate_Range
11.167798 9.443478 1.082154 7.873609 0.751812 
Body_Wave_Number_Median
1.433787 1.510650 1.855069 1.701024 1.911210 
Body_Wave_Number_Range
0.579162 0.481354 0.165321 0.510633 0.100249 
Asymmetry_Median
0.027906 0.014529 0.021905 0.012569 0.121837 
Asymmetry_Range
0.089929 0.176316 0.025464 0.145031 0.061352 
Reverse_Swimming
1.876725 0.000000 0.000000 2.649494 0.000000 
Curling
0.000000 0.128755 0.000000 0.000000 0.000000 
Stretch_Median
0.668954 0.697385 0.344761 0.604574 0.424838 
Stretch_Range
0.202924 0.153163 0.179248 0.272431 0.135623 
Attenuation_Median
64.722413 20.438435 80.628122 72.559087 80.128362 
Attenuation_Range
18.540578 52.812309 10.451662 32.200754 10.215944 
Traveling_Speed_Mean
2.006936 2.324804 0.377299 1.300294 0.387967 
Brush_Stroke_Median
0.052343 0.065859 0.025917 0.051150 0.026924 
Brush_Stroke_Range
0.014324 0.019774 0.002067 0.015793 0.004783 
Activity_Index_Median
45.250743 38.702225 8.668582 18.252059 8.420557 
Activity_Index_Range
27.279387 40.937834 1.854066 27.919928 2.326188 
Wave_Initiation_Rate_10
9.996708 8.406009 6.167863 6.269149 5.991101 
Body_Wave_Number_10
1.185527 1.338930 1.753972 1.394295 1.837125 
Asymmetry_10
-0.027585 -0.100474 0.010058 -0.033301 0.074126 
Stretch_10
0.580554 0.606884 0.285647 0.522942 0.359299 
Attenuation_10
54.103552 9.832313 75.374438 52.203179 74.257878 
Brush_Stroke_10
0.045723 0.058370 0.025280 0.042390 0.025613 
Activity_Index_10
29.933638 26.207582 7.818759 13.745671 7.757427 
usability
1.000000 0.856618 0.998162 0.985294 1.000000 
status
valid
valid
valid
valid
valid
highThr
65.000000 73.000000 52.000000 75.000000 56.000000 
lowThr
50.000000 41.000000 37.000000 50.000000 43.000000 
prevThr
25.000000 25.000000 25.000000 85.000000 25.000000 
highThrDef
65.000000 73.000000 49.000000 75.000000 56.000000 
lowThrDef
50.000000 36.000000 37.000000 50.000000 43.000000 
prevThrDef
25.000000 25.000000 25.000000 25.000000 25.000000 
manualSeparators

510  511  512  500  501  524  525

321  421  422

separators
1  545
1  101  103  105  106  117  118  120  121  124  125  129  130  135  136  138  139  149  150  151  152  155  156  161  162  500  501  510  511  512  524  525  541  545
1  141  142  441  442  504  505  545
1  315  316  321  417  418  419  421  422  463  465  545
1  141  142  301  302  341  342  381  382  545
