fields 34
worms 6
Wave_Initiation_Rate_Median
75.208119 68.398802 108.317009 70.578158 84.826920 NaN 
Wave_Initiation_Rate_Range
49.756232 71.856409 74.976230 72.652964 56.402888 NaN 
Body_Wave_Number_Median
0.348222 0.404381 0.491588 0.528714 0.569967 NaN 
Body_Wave_Number_Range
0.501313 0.496420 0.202560 0.314820 0.338758 NaN 
Asymmetry_Median
-0.008058 0.001111 -0.005513 0.041234 0.013984 NaN 
Asymmetry_Range
0.057361 0.114613 0.123161 0.112455 0.102904 NaN 
Reverse_Swimming
7.136929 7.600412 0.000000 2.039135 5.850966 NaN 
Curling
0.000000 0.461538 0.333952 0.000000 0.000000 NaN 
Stretch_Median
0.365713 0.398798 0.350136 0.383318 0.387874 NaN 
Stretch_Range
0.214176 0.256973 0.138204 0.176071 0.152320 NaN 
Attenuation_Median
60.798282 68.446755 60.689703 62.238565 65.189941 NaN 
Attenuation_Range
42.542982 47.981404 18.530742 17.909115 24.636113 NaN 
Traveling_Speed_Mean
6.279672 6.745796 8.814162 6.241241 6.393182 NaN 
Brush_Stroke_Median
0.234818 0.068835 0.403928 0.056036 0.237507 NaN 
Brush_Stroke_Range
0.111405 0.025474 0.062236 0.036322 0.065537 NaN 
Activity_Index_Median
231.515458 235.396107 369.428613 197.666806 218.102910 NaN 
Activity_Index_Range
146.604536 339.147721 234.355851 373.378659 132.516582 NaN 
Wave_Initiation_Rate_10
61.750894 40.333777 59.780296 30.472704 44.671617 NaN 
Body_Wave_Number_10
0.038827 0.129701 0.355175 0.376058 0.304533 NaN 
Asymmetry_10
-0.035560 -0.066230 -0.075817 -0.022133 -0.059789 NaN 
Stretch_10
0.284058 0.280299 0.274936 0.301532 0.329040 NaN 
Attenuation_10
31.788448 27.298907 48.867923 52.743752 55.218042 NaN 
Brush_Stroke_10
0.203048 0.057929 0.374633 0.050446 0.204778 NaN 
Activity_Index_10
155.373363 128.039910 202.050375 79.135759 127.862822 NaN 
usability
0.722426 0.955882 0.990809 0.943015 0.996324 0.000000 
status
valid
valid
valid
valid
valid
rejected
highThr
76.000000 64.000000 61.000000 62.000000 63.000000 NaN 
lowThr
26.000000 44.000000 46.000000 38.000000 38.000000 0.000000 
prevThr
25.000000 25.000000 25.000000 25.000000 25.000000 25.000000 
highThrDef
76.000000 64.000000 61.000000 62.000000 63.000000 NaN 
lowThrDef
0.000000 44.000000 46.000000 38.000000 38.000000 0.000000 
prevThrDef
25.000000 25.000000 25.000000 25.000000 25.000000 25.000000 
manualSeparators






separators
1  122  123  218  220  223  224  237  238  299  300  301  311  312  313  314  318  320  325  326  327  328  330  335  336  338  340  341  342  345  361  362  378  379  381  382  401  402  421  422  423  427  428  439  440  441  442  468  469  495  496  500  501  531  532  545
1   79   80  191  192  200  204  205  217  240  241  251  252  256  257  338  340  545
1   81   82  182  183  192  193  285  286  531  532  545
1  156  157  191  192  200  216  217  232  236  327  333  398  400  545
1  135  136  233  234  545
1  545
