fields 34
worms 6
Wave_Initiation_Rate_Median
39.401071 13.979183 48.032419 52.005283 24.633044 NaN 
Wave_Initiation_Rate_Range
53.708444 14.595444 33.997430 34.182691 40.218467 NaN 
Body_Wave_Number_Median
0.508258 0.962241 0.640629 0.646477 0.781012 NaN 
Body_Wave_Number_Range
0.739094 1.684928 0.720019 0.678941 1.514045 NaN 
Asymmetry_Median
0.002766 -0.089396 -0.022888 -0.045076 0.007210 NaN 
Asymmetry_Range
0.245892 0.402396 0.098675 0.136359 0.348429 NaN 
Reverse_Swimming
7.234043 12.484076 8.562691 11.977921 5.014409 NaN 
Curling
5.178236 24.691849 2.716981 5.037313 6.201550 NaN 
Stretch_Median
0.483864 0.724052 0.479752 0.573620 0.703094 NaN 
Stretch_Range
0.425049 0.544196 0.291141 0.313926 0.471980 NaN 
Attenuation_Median
65.567650 42.727868 50.905036 56.651666 64.398838 NaN 
Attenuation_Range
40.218418 78.629914 57.442189 46.985696 62.677561 NaN 
Traveling_Speed_Mean
5.560739 1.515343 5.244077 8.131995 3.298700 NaN 
Brush_Stroke_Median
0.078838 0.046071 0.081161 0.164001 0.099641 NaN 
Brush_Stroke_Range
0.047738 0.043893 0.031076 0.078986 0.112986 NaN 
Activity_Index_Median
141.552387 30.392728 178.177351 147.711365 74.466938 NaN 
Activity_Index_Range
254.527079 55.542806 182.311683 103.677464 211.183172 NaN 
Wave_Initiation_Rate_10
14.220340 8.227990 22.606838 32.707035 7.660016 NaN 
Body_Wave_Number_10
0.189631 0.037618 0.164055 0.162618 0.106903 NaN 
Asymmetry_10
-0.147647 -0.243430 -0.064488 -0.119322 -0.129816 NaN 
Stretch_10
0.303251 0.546957 0.347201 0.475170 0.517437 NaN 
Attenuation_10
38.346210 -17.057262 5.324482 21.657329 16.248348 NaN 
Brush_Stroke_10
0.063292 0.028374 0.063466 0.122457 0.055558 NaN 
Activity_Index_10
49.128715 11.185281 72.402716 82.279121 11.351308 NaN 
usability
0.979779 0.924632 0.974265 0.985294 0.711397 0.000000 
status
valid
valid
valid
valid
valid
rejected
highThr
74.000000 91.000000 76.000000 76.000000 80.000000 NaN 
lowThr
52.000000 37.000000 51.000000 48.000000 41.000000 0.000000 
prevThr
25.000000 25.000000 25.000000 25.000000 25.000000 25.000000 
highThrDef
74.000000 91.000000 76.000000 76.000000 80.000000 NaN 
lowThrDef
52.000000 37.000000 51.000000 48.000000 41.000000 0.000000 
prevThrDef
25.000000 25.000000 25.000000 25.000000 25.000000 25.000000 
manualSeparators

317  471  472

286  287
302  303  500

separators
1   40   51  162  163  269  270  290  294  545
1   19   20   90   91  120  121  231  233  244  249  316  317  321  322  401  407  471  472  473  483  487  489  500  502  503  505  506  510  512  513  521  522  527  530  531  532  541  542  544  545
1   40   41   43   51   52   54  208  209  330  332  349  350  357  358  545
1  143  146  201  202  206  207  229  232  261  262  277  278  286  287  288  517  518  520  521  522  545
1  101  225  226  231  233  244  249  301  302  303  336  337  483  487  489  500  501  502  503  504  505  506  510  512  513  514  527  545
1  545
