fields 34
worms 5
Wave_Initiation_Rate_Median
11.371427 50.920822 9.248328 67.274861 NaN 
Wave_Initiation_Rate_Range
11.194871 11.714306 25.783933 1.378726 NaN 
Body_Wave_Number_Median
1.460878 0.825850 1.594504 0.645127 NaN 
Body_Wave_Number_Range
1.285341 0.204742 0.814253 0.263049 NaN 
Asymmetry_Median
0.020073 0.019951 0.033317 -0.010876 NaN 
Asymmetry_Range
0.262342 0.024853 0.281806 0.070964 NaN 
Reverse_Swimming
4.305428 0.000000 0.000000 0.000000 NaN 
Curling
0.000000 0.000000 0.000000 0.000000 NaN 
Stretch_Median
0.756159 0.502207 0.624433 0.514100 NaN 
Stretch_Range
0.366005 0.215720 0.452101 0.178232 NaN 
Attenuation_Median
79.686566 61.486927 69.714526 71.128586 NaN 
Attenuation_Range
12.935302 25.653504 24.485743 15.842402 NaN 
Traveling_Speed_Mean
3.109914 4.849757 1.655868 1.830455 NaN 
Brush_Stroke_Median
0.064527 0.145022 0.047479 0.213920 NaN 
Brush_Stroke_Range
0.021916 0.023029 0.024371 0.069573 NaN 
Activity_Index_Median
40.465863 156.308287 20.565922 229.360051 NaN 
Activity_Index_Range
31.195103 51.694129 81.179711 74.259578 NaN 
Wave_Initiation_Rate_10
7.593444 41.095387 7.492996 66.529096 NaN 
Body_Wave_Number_10
0.558088 0.722201 0.935983 0.495557 NaN 
Asymmetry_10
-0.172541 0.005897 -0.154489 -0.049593 NaN 
Stretch_10
0.484380 0.394133 0.364245 0.442180 NaN 
Attenuation_10
72.373406 44.907323 58.477261 63.572341 NaN 
Brush_Stroke_10
0.051031 0.133525 0.035747 0.176640 NaN 
Activity_Index_10
28.634160 117.937056 16.674493 191.746666 NaN 
usability
0.998162 0.845588 0.880515 0.794118 0.128676 
status
valid
valid
valid
valid
rejected
highThr
75.000000 76.000000 86.000000 80.000000 67.000000 
lowThr
55.000000 53.000000 53.000000 50.000000 50.000000 
prevThr
25.000000 25.000000 25.000000 25.000000 25.000000 
highThrDef
75.000000 76.000000 86.000000 80.000000 67.000000 
lowThrDef
55.000000 53.000000 53.000000 41.000000 27.000000 
prevThrDef
25.000000 25.000000 25.000000 25.000000 25.000000 
manualSeparators
522  523

235  236  237
89   90  104  105  187  188  199  200  235  236  463  464  476  477  475  478  479

separators
1  506  507  522  523  524  525  526  544  545
1  461  471  478  479  481  482  488  501  502  503  506  519  523  525  526  528  529  530  534  539  541  545
1  234  235  236  237  461  471  478  479  482  501  502  503  509  510  511  512  517  518  519  528  529  530  534  542  543  545
1   61   62   83   84   89   90   91   97   98   99  100  103  104  105  116  120  122  124  133  134  141  142  149  150  156  157  182  187  188  199  200  204  207  208  228  229  235  236  237  258  260  270  271  276  277  293  295  301  302  310  311  319  321  335  337  343  345  360  361  461  462  463  464  475  476  477  478  479  494  496  512  514  545
1   41   42   46   47   48   49   50   53   67   73   75  141  142  155  156  161  162  174  175  178  180  181  186  198  199  200  206  214  215  220  223  224  225  235  236  241  243  257  258  259  260  261  270  277  283  296  297  300  301  302  303  321  322  339  340  345  346  361  362  401  402  415  416  419  420  421  422  433  435  441  442  461  464  465  468  478  479  480  482  541  545
