fields 34
worms 6
Wave_Initiation_Rate_Median
7.423998 11.495223 20.588161 7.660772 NaN NaN 
Wave_Initiation_Rate_Range
2.144354 18.337675 68.771599 2.909873 NaN NaN 
Body_Wave_Number_Median
1.798634 1.163044 0.957393 1.763678 NaN NaN 
Body_Wave_Number_Range
0.319424 1.102772 0.918410 0.463412 NaN NaN 
Asymmetry_Median
-0.026186 -0.069954 -0.017284 -0.002239 NaN NaN 
Asymmetry_Range
0.033157 0.356831 0.157329 0.073487 NaN NaN 
Reverse_Swimming
0.000000 3.201472 0.551978 0.000000 NaN NaN 
Curling
0.000000 12.421442 1.340782 0.000000 NaN NaN 
Stretch_Median
0.280271 0.602495 0.542845 0.341984 NaN NaN 
Stretch_Range
0.194219 0.277899 0.289370 0.176692 NaN NaN 
Attenuation_Median
76.140820 60.182145 65.238353 81.382513 NaN NaN 
Attenuation_Range
17.038466 41.768152 15.463085 10.948705 NaN NaN 
Traveling_Speed_Mean
0.534692 1.949066 3.038866 0.655942 NaN NaN 
Brush_Stroke_Median
0.026087 0.047877 0.061842 0.032003 NaN NaN 
Brush_Stroke_Range
0.008778 0.029655 0.042282 0.009965 NaN NaN 
Activity_Index_Median
9.880993 27.896191 108.170609 12.055949 NaN NaN 
Activity_Index_Range
4.480867 66.919045 278.968244 5.976852 NaN NaN 
Wave_Initiation_Rate_10
6.596063 7.270499 10.164726 6.558390 NaN NaN 
Body_Wave_Number_10
1.623692 0.751426 0.587238 1.436690 NaN NaN 
Asymmetry_10
-0.041767 -0.253715 -0.076812 -0.032489 NaN NaN 
Stretch_10
0.223126 0.437666 0.394084 0.299232 NaN NaN 
Attenuation_10
66.480230 31.309630 56.816568 73.763406 NaN NaN 
Brush_Stroke_10
0.024909 0.033174 0.035439 0.027289 NaN NaN 
Activity_Index_10
8.370246 14.222493 24.790739 10.102047 NaN NaN 
usability
1.000000 0.994485 0.987132 1.000000 
status
valid
valid
valid
valid
rejected
rejected
highThr
60.000000 70.000000 56.000000 58.000000 69.000000 14.000000 
lowThr
46.000000 44.000000 32.000000 43.000000 29.000000 9.000000 
prevThr
25.000000 25.000000 25.000000 25.000000 25.000000 25.000000 
highThrDef
59.000000 70.000000 56.000000 58.000000 69.000000 14.000000 
lowThrDef
48.000000 44.000000 32.000000 43.000000 29.000000 9.000000 
prevThrDef
25.000000 25.000000 25.000000 25.000000 25.000000 25.000000 
manualSeparators


202  203



separators
1  545
1  121  122  201  202  215  216  545
1  202  203  207  208  212  213  223  224  545
1  438  441  545
1  201  202  242  243  263  264  273  274  281  282  497  498  545
1  441  442  496  545
