fields 34
worms 5
Wave_Initiation_Rate_Median
7.636510 36.155585 11.996928 36.207140 101.172103 
Wave_Initiation_Rate_Range
4.341582 54.940235 24.746041 94.317217 87.052899 
Body_Wave_Number_Median
1.816751 0.639775 1.227123 0.698153 0.425453 
Body_Wave_Number_Range
0.518901 1.101951 1.678741 1.205440 0.506917 
Asymmetry_Median
0.059795 0.042623 0.126644 0.000888 0.001919 
Asymmetry_Range
0.198769 0.240564 0.282562 0.114521 0.061927 
Reverse_Swimming
1.174047 9.679421 11.290712 9.107636 4.581417 
Curling
0.000000 2.097087 7.702703 0.221811 0.000000 
Stretch_Median
0.450531 0.525630 0.489832 0.590470 0.398114 
Stretch_Range
0.242489 0.333247 0.474761 0.342022 0.237489 
Attenuation_Median
83.176740 57.497496 67.562690 66.819720 60.384289 
Attenuation_Range
16.465158 54.013905 55.008230 47.068879 23.322301 
Traveling_Speed_Mean
0.565635 3.894677 0.334984 4.344118 8.311004 
Brush_Stroke_Median
0.033278 0.173779 0.055784 0.077063 0.116658 
Brush_Stroke_Range
0.010873 0.106806 0.048613 0.040795 0.020965 
Activity_Index_Median
13.437246 136.505773 27.797658 123.008113 385.302158 
Activity_Index_Range
5.846517 219.034447 61.269061 436.348629 342.070406 
Wave_Initiation_Rate_10
6.826915 12.239486 6.397780 9.110516 33.473116 
Body_Wave_Number_10
1.391618 0.183933 0.173381 0.337086 0.224646 
Asymmetry_10
-0.026551 -0.080100 -0.088885 -0.047812 -0.027573 
Stretch_10
0.339003 0.360382 0.366659 0.341341 0.317136 
Attenuation_10
72.983034 21.541551 24.916736 30.387558 47.454364 
Brush_Stroke_10
0.028197 0.114499 0.030216 0.048923 0.107016 
Activity_Index_10
10.134589 21.197366 10.067562 23.363030 119.661932 
usability
0.961397 0.946691 0.816176 0.994485 1.000000 
status
valid
valid
valid
valid
valid
highThr
77.000000 68.000000 66.000000 57.000000 60.000000 
lowThr
43.000000 44.000000 40.000000 37.000000 41.000000 
prevThr
25.000000 25.000000 25.000000 25.000000 25.000000 
highThrDef
77.000000 68.000000 66.000000 57.000000 60.000000 
lowThrDef
43.000000 44.000000 40.000000 37.000000 41.000000 
prevThrDef
25.000000 25.000000 25.000000 25.000000 25.000000 
manualSeparators





separators
1  362  363  368  369  371  373  424  441  545
1  301  302  303  308  321  322  358  365  370  371  429  430  545
1  163  164  174  175  221  222  234  235  261  262  321  322  390  392  395  397  398  399  400  401  435  436  449  450  520  521  545
1  358  360  362  363  545
1  545
