fields 34
worms 5
Wave_Initiation_Rate_Median
35.086955 7.313965 NaN 7.545842 NaN 
Wave_Initiation_Rate_Range
24.607613 3.595036 NaN 3.057158 NaN 
Body_Wave_Number_Median
1.398001 1.819595 NaN 1.730200 NaN 
Body_Wave_Number_Range
1.133754 1.200262 NaN 0.461915 NaN 
Asymmetry_Median
-0.010439 0.037947 NaN 0.111123 NaN 
Asymmetry_Range
0.066395 0.036038 NaN 0.133478 NaN 
Reverse_Swimming
7.826087 0.000000 NaN 0.000000 NaN 
Curling
2.596154 0.000000 NaN 1.918977 NaN 
Stretch_Median
0.547528 0.379430 NaN 0.484666 NaN 
Stretch_Range
0.169788 0.169292 NaN 0.252391 NaN 
Attenuation_Median
44.293331 67.314569 NaN 58.779180 NaN 
Attenuation_Range
28.644328 17.076024 NaN 20.823850 NaN 
Traveling_Speed_Mean
2.256013 0.523511 NaN 0.486125 NaN 
Brush_Stroke_Median
0.139678 0.029422 NaN 0.034431 NaN 
Brush_Stroke_Range
0.033657 0.002635 NaN 0.008960 NaN 
Activity_Index_Median
98.864968 10.962001 NaN 11.660259 NaN 
Activity_Index_Range
33.073872 5.324115 NaN 5.048667 NaN 
Wave_Initiation_Rate_10
24.916821 5.816335 NaN 6.586290 NaN 
Body_Wave_Number_10
0.514065 1.688705 NaN 1.513249 NaN 
Asymmetry_10
-0.057293 0.022379 NaN 0.006673 NaN 
Stretch_10
0.500809 0.293483 NaN 0.320960 NaN 
Attenuation_10
33.764767 56.145819 NaN 48.974685 NaN 
Brush_Stroke_10
0.130262 0.028124 NaN 0.029436 NaN 
Activity_Index_10
91.166036 8.387532 NaN 10.508470 NaN 
usability
0.764706 0.924632 1.000000 0.862132 1.000000 
status
valid
valid
rejected
valid
rejected
highThr
71.000000 41.000000 40.000000 46.000000 33.000000 
lowThr
36.000000 26.000000 27.000000 27.000000 25.000000 
prevThr
25.000000 25.000000 25.000000 25.000000 25.000000 
highThrDef
71.000000 41.000000 40.000000 46.000000 33.000000 
lowThrDef
12.000000 26.000000 27.000000 27.000000 25.000000 
prevThrDef
25.000000 25.000000 25.000000 25.000000 25.000000 
manualSeparators
216  217


343  344  345  363  364  365

separators
1   43   44   46   58   78   81   82   84   85   86   93  106  107  128  129  153  158  159  164  165  167  168  181  182  216  217  218  232  234  235  540  541  545
1   39   80  521  522  545
1  341  342  381  382  545
1   22   23   24  341  342  343  344  345  363  364  365  442  443  444  478  545
1   25   26   41   42  289  290  541  542  545
