fields 34
worms 6
Wave_Initiation_Rate_Median
7.183749 55.548718 12.338190 9.065071 6.250938 NaN 
Wave_Initiation_Rate_Range
3.419144 46.863631 23.531739 4.701080 1.140417 NaN 
Body_Wave_Number_Median
1.813583 0.494588 1.320476 1.643887 2.087206 NaN 
Body_Wave_Number_Range
0.306594 0.602868 0.886392 0.385325 0.650769 NaN 
Asymmetry_Median
0.008826 0.048648 -0.010996 0.005315 0.052069 NaN 
Asymmetry_Range
0.032609 0.249167 0.338407 0.053632 0.022383 NaN 
Reverse_Swimming
0.000000 11.761006 0.386385 0.000000 0.000000 NaN 
Curling
0.000000 8.235294 0.000000 0.000000 0.000000 NaN 
Stretch_Median
0.375846 0.618230 0.478045 0.370926 0.417784 NaN 
Stretch_Range
0.101145 0.286336 0.237066 0.161158 0.132406 NaN 
Attenuation_Median
81.187112 43.744360 73.018287 86.404880 75.103323 NaN 
Attenuation_Range
10.939012 60.695127 40.546201 5.163610 12.087103 NaN 
Traveling_Speed_Mean
0.588187 2.259983 4.182071 0.656306 0.481885 NaN 
Brush_Stroke_Median
0.029533 0.071724 0.083602 0.033941 0.025907 NaN 
Brush_Stroke_Range
0.006243 0.054402 0.033416 0.007865 0.004677 NaN 
Activity_Index_Median
10.680719 224.325548 34.020716 14.892490 7.986268 NaN 
Activity_Index_Range
4.061758 189.199522 56.884889 6.674463 2.872266 NaN 
Wave_Initiation_Rate_10
6.482613 21.778188 7.913597 7.098026 5.723054 NaN 
Body_Wave_Number_10
1.563516 0.229498 0.859718 1.437399 1.731965 NaN 
Asymmetry_10
-0.008241 -0.105806 -0.155373 -0.028418 0.040813 NaN 
Stretch_10
0.311929 0.505688 0.388135 0.322453 0.327420 NaN 
Attenuation_10
73.028969 0.769438 41.916536 83.056829 67.258849 NaN 
Brush_Stroke_10
0.027508 0.055780 0.062796 0.030154 0.025532 NaN 
Activity_Index_10
9.497582 90.797463 18.508720 11.551057 7.451958 NaN 
usability
1.000000 0.843750 0.990809 0.998162 0.996324 0.000000 
status
valid
valid
valid
valid
valid
rejected
highThr
57.000000 68.000000 81.000000 73.000000 60.000000 NaN 
lowThr
44.000000 42.000000 41.000000 58.000000 49.000000 0.000000 
prevThr
25.000000 25.000000 25.000000 25.000000 25.000000 25.000000 
highThrDef
57.000000 68.000000 81.000000 73.000000 60.000000 NaN 
lowThrDef
44.000000 42.000000 41.000000 58.000000 49.000000 0.000000 
prevThrDef
25.000000 25.000000 25.000000 25.000000 25.000000 25.000000 
manualSeparators






separators
1  545
1   57   58   62   63   81   82  103  106  133  134  176  178  185  186  197  241  242  261  262  319  320  382  384  444  445  506  507  540  541  545
1   39   44  545
1  461  462  545
1   76   77  146  147  545
1  241  242  541  542  545
