fields 34
worms 5
Wave_Initiation_Rate_Median
58.612276 75.116711 67.624300 91.950668 NaN 
Wave_Initiation_Rate_Range
58.414668 18.238421 32.443730 31.279520 NaN 
Body_Wave_Number_Median
0.544131 0.538488 0.656159 0.791191 NaN 
Body_Wave_Number_Range
0.533269 0.262378 0.657855 0.241041 NaN 
Asymmetry_Median
0.000586 -0.010340 -0.024319 0.005298 NaN 
Asymmetry_Range
0.136366 0.087467 0.060481 0.033389 NaN 
Reverse_Swimming
6.734131 0.000000 0.000000 0.000000 NaN 
Curling
0.441176 0.000000 0.000000 0.000000 NaN 
Stretch_Median
0.478225 0.412456 0.428009 0.344932 NaN 
Stretch_Range
0.250254 0.151595 0.216038 0.185177 NaN 
Attenuation_Median
70.170571 59.650334 68.929502 60.956615 NaN 
Attenuation_Range
65.140397 16.675593 7.565194 18.291244 NaN 
Traveling_Speed_Mean
6.800269 8.579470 3.726138 9.861343 NaN 
Brush_Stroke_Median
0.161065 0.229076 0.198780 0.218477 NaN 
Brush_Stroke_Range
0.045755 0.037840 0.069243 0.074843 NaN 
Activity_Index_Median
159.682091 208.850834 160.795980 213.932385 NaN 
Activity_Index_Range
159.241903 54.286339 97.158945 83.826162 NaN 
Wave_Initiation_Rate_10
25.791468 67.184093 51.161472 68.860972 NaN 
Body_Wave_Number_10
0.325194 0.362754 0.277976 0.699402 NaN 
Asymmetry_10
-0.079419 -0.069717 -0.064007 -0.010819 NaN 
Stretch_10
0.314373 0.353312 0.353077 0.277602 NaN 
Attenuation_10
11.442967 52.726814 65.401816 54.075281 NaN 
Brush_Stroke_10
0.132309 0.211338 0.170640 0.174028 NaN 
Activity_Index_10
62.828855 177.118690 114.580636 164.695411 NaN 
usability
1.000000 1.000000 0.689338 1.000000 0.626838 
status
valid
valid
valid
valid
rejected
highThr
69.000000 66.000000 74.000000 67.000000 77.000000 
lowThr
47.000000 50.000000 50.000000 46.000000 50.000000 
prevThr
25.000000 25.000000 25.000000 25.000000 25.000000 
highThrDef
69.000000 66.000000 74.000000 67.000000 77.000000 
lowThrDef
47.000000 50.000000 40.000000 46.000000 30.000000 
prevThrDef
25.000000 25.000000 25.000000 25.000000 25.000000 
manualSeparators


96   97  164  165  246  247  248  249  297  298  352  353  351  362  363  361  377  378  376  375  391  392  390  463  464

316  317  458  459  460  461
separators
1  238  242  256  259  374  375  529  530  545
1  172  173  545
1    7   10   71   72   84   85   96   97   98  110  112  123  125  149  150  164  165  166  246  247  248  249  260  262  272  276  285  288  297  298  299  301  343  344  351  352  353  357  361  362  363  369  375  376  377  378  382  390  391  392  394  395  398  403  405  409  418  421  423  429  434  435  445  455  457  458  460  463  464  465  466  474  480  481  483  485  490  493  495  496  498  510  511  513  514  515  521  522  530  537  540  541  545
1  142  144  446  448  545
1   24   29   30   31   32   36   54   61   64   66   67   68   69   70   72   73   85   89   90   92   93  109  111  112  116  128  141  181  182  201  203  204  215  218  291  295  298  300  303  307  316  317  318  455  457  458  459  460  461  466  468  469  471  472  474  479  480  481  483  485  486  490  495  496  498  499  500  545
