fields 34
worms 5
Wave_Initiation_Rate_Median
22.719065 23.989065 8.491037 8.190281 9.304186 
Wave_Initiation_Rate_Range
23.377074 24.721684 5.542950 5.222959 8.028978 
Body_Wave_Number_Median
0.877008 1.251644 1.697397 1.745171 1.582613 
Body_Wave_Number_Range
0.993797 1.414085 0.753948 0.412983 0.723286 
Asymmetry_Median
-0.027440 0.017425 0.046883 -0.025573 -0.008324 
Asymmetry_Range
0.189283 0.108433 0.166761 0.116099 0.227753 
Reverse_Swimming
8.003680 0.000000 0.000000 0.000000 0.000000 
Curling
0.000000 0.000000 0.000000 0.000000 0.000000 
Stretch_Median
0.449348 0.424129 0.432406 0.358466 0.478794 
Stretch_Range
0.166122 0.223566 0.158301 0.168277 0.253532 
Attenuation_Median
59.180428 63.841629 79.826192 68.189245 59.353692 
Attenuation_Range
35.686739 28.559470 24.038320 34.421484 27.744548 
Traveling_Speed_Mean
2.080872 2.170746 1.517664 0.942665 0.825210 
Brush_Stroke_Median
0.061348 0.063895 0.041568 0.033361 0.038819 
Brush_Stroke_Range
0.020602 0.033002 0.024363 0.014087 0.019165 
Activity_Index_Median
62.986926 58.488573 19.467182 13.265024 18.446637 
Activity_Index_Range
86.862117 80.140727 19.044450 11.408627 25.420107 
Wave_Initiation_Rate_10
11.454300 8.926093 6.302031 6.281042 7.260350 
Body_Wave_Number_10
0.660303 0.916319 1.129138 1.485137 1.122252 
Asymmetry_10
-0.083949 -0.004374 -0.045119 -0.104459 -0.122536 
Stretch_10
0.366377 0.312922 0.391086 0.279344 0.376644 
Attenuation_10
43.490127 49.377682 61.674047 47.031284 43.507876 
Brush_Stroke_10
0.047022 0.048637 0.032242 0.028332 0.030515 
Activity_Index_10
27.456559 15.410835 10.255604 9.575192 10.643640 
usability
1.000000 1.000000 0.970588 0.996324 0.996324 
status
valid
valid
valid
valid
valid
highThr
64.000000 58.000000 67.000000 58.000000 59.000000 
lowThr
49.000000 32.000000 44.000000 44.000000 46.000000 
prevThr
25.000000 25.000000 25.000000 25.000000 25.000000 
highThrDef
64.000000 58.000000 67.000000 58.000000 59.000000 
lowThrDef
49.000000 32.000000 44.000000 44.000000 46.000000 
prevThrDef
25.000000 25.000000 25.000000 25.000000 25.000000 
manualSeparators





separators
1  545
1  545
1  296  297  299  313  315  316  545
1    2    3    5    6  545
1  101  102  161  162  545
