fields 34
worms 6
Wave_Initiation_Rate_Median
17.734531 104.688732 68.342644 66.518771 NaN NaN 
Wave_Initiation_Rate_Range
24.434830 64.011479 38.336165 34.738601 NaN NaN 
Body_Wave_Number_Median
1.363981 0.672366 0.363734 0.590693 NaN NaN 
Body_Wave_Number_Range
0.808445 0.496072 0.543617 0.464805 NaN NaN 
Asymmetry_Median
0.000354 -0.000952 0.006458 0.020793 NaN NaN 
Asymmetry_Range
0.182855 0.055617 0.094660 0.112776 NaN NaN 
Reverse_Swimming
5.022999 0.000000 0.000000 0.000000 NaN NaN 
Curling
0.000000 0.903955 0.000000 0.115385 NaN NaN 
Stretch_Median
0.735118 0.344023 0.503823 0.372863 NaN NaN 
Stretch_Range
0.385676 0.180326 0.289270 0.206857 NaN NaN 
Attenuation_Median
75.529734 64.326284 67.964303 68.571714 NaN NaN 
Attenuation_Range
23.812847 27.226732 28.964928 23.466298 NaN NaN 
Traveling_Speed_Mean
2.832180 11.708255 9.263319 5.910653 NaN NaN 
Brush_Stroke_Median
0.082224 0.256643 0.271078 0.192052 NaN NaN 
Brush_Stroke_Range
0.036911 0.059982 0.237546 0.059475 NaN NaN 
Activity_Index_Median
44.635431 274.745230 371.750079 185.120155 NaN NaN 
Activity_Index_Range
74.630038 170.135986 233.403936 107.768844 NaN NaN 
Wave_Initiation_Rate_10
7.893579 57.614313 63.268947 35.448701 NaN NaN 
Body_Wave_Number_10
0.922133 0.318961 0.138015 0.408225 NaN NaN 
Asymmetry_10
-0.088622 -0.022989 -0.042031 -0.043040 NaN NaN 
Stretch_10
0.515937 0.298328 0.373414 0.303032 NaN NaN 
Attenuation_10
62.172998 49.520796 50.872027 54.859942 NaN NaN 
Brush_Stroke_10
0.060335 0.216914 0.221619 0.172856 NaN NaN 
Activity_Index_10
18.087233 149.893017 223.509508 114.668388 NaN NaN 
usability
1.000000 0.976103 0.898897 0.955882 0.417279 0.270221 
status
valid
valid
valid
valid
rejected
rejected
highThr
76.000000 61.000000 66.000000 83.000000 76.000000 64.000000 
lowThr
50.000000 36.000000 25.000000 48.000000 2.000000 27.000000 
prevThr
25.000000 25.000000 10.000000 25.000000 25.000000 25.000000 
highThrDef
76.000000 61.000000 66.000000 83.000000 76.000000 64.000000 
lowThrDef
50.000000 36.000000 17.000000 48.000000 2.000000 27.000000 
prevThrDef
25.000000 25.000000 25.000000 25.000000 25.000000 25.000000 
manualSeparators






separators
1  545
1  260  261  339  341  342  468  469  494  497  512  517  545
1   39   42   43   44   48   54   55   57   59   60  256  269  270  272  274  275  284  289  290  545
1  189  190  191  192  193  201  202  302  305  359  360  361  362  395  396  460  461  464  466  503  506  545
1   23   25   29   30   38   40   48   50   51   58   59   61   62   66   69  108  109  113  114  115  116  140  141  142  153  155  162  164  168  181  182  187  201  202  209  210  213  214  231  232  234  235  242  244  250  251  258  259  261  281  282  283  284  287  288  289  291  292  296  297  299  300  301  302  310  311  313  314  317  318  319  320  322  323  327  545
1  341  342  348  351  352  353  359  360  361  362  363  401  402  409  410  421  422  427  429  442  443  506  507  525  527  528  529  545
