fields 34
worms 5
Wave_Initiation_Rate_Median
134.613624 135.155176 131.217018 131.696485 120.402676 
Wave_Initiation_Rate_Range
34.598527 18.671534 69.765804 40.418592 79.204000 
Body_Wave_Number_Median
0.610928 0.549896 0.562355 0.631710 0.531251 
Body_Wave_Number_Range
0.282680 0.245834 0.320326 0.229045 0.418005 
Asymmetry_Median
0.002089 0.006771 -0.009670 -0.008027 -0.015858 
Asymmetry_Range
0.055301 0.042088 0.071630 0.053819 0.106788 
Reverse_Swimming
0.000000 0.000000 0.000000 0.000000 4.195032 
Curling
0.112360 0.000000 0.000000 0.000000 0.560748 
Stretch_Median
0.316998 0.334222 0.436108 0.386421 0.445968 
Stretch_Range
0.179468 0.179673 0.161626 0.216526 0.292100 
Attenuation_Median
75.410791 76.954104 70.936140 73.257982 73.962423 
Attenuation_Range
18.547282 14.858234 14.865278 15.114600 29.180462 
Traveling_Speed_Mean
11.217982 9.654152 13.919759 11.295160 15.196230 
Brush_Stroke_Median
0.288815 0.336324 0.227057 0.326637 0.318825 
Brush_Stroke_Range
0.099561 0.089137 0.045719 0.109580 0.058902 
Activity_Index_Median
303.900192 315.909393 338.063899 330.931791 315.971743 
Activity_Index_Range
100.094418 72.147323 175.696251 198.798052 209.334941 
Wave_Initiation_Rate_10
107.868582 117.814280 79.803563 95.010303 57.458740 
Body_Wave_Number_10
0.492836 0.421998 0.381857 0.519252 0.269146 
Asymmetry_10
-0.020995 -0.004993 -0.063396 -0.047913 -0.086526 
Stretch_10
0.235936 0.269971 0.354286 0.314155 0.334509 
Attenuation_10
65.543850 68.167848 64.409202 65.404208 54.382570 
Brush_Stroke_10
0.222940 0.310519 0.207540 0.287504 0.290544 
Activity_Index_10
234.121319 290.500054 234.723745 217.293295 143.430158 
usability
0.981618 0.959559 0.994485 0.990809 0.983456 
status
valid
valid
valid
valid
valid
highThr
69.000000 62.000000 61.000000 57.000000 63.000000 
lowThr
42.000000 41.000000 42.000000 39.000000 39.000000 
prevThr
25.000000 25.000000 25.000000 25.000000 25.000000 
highThrDef
69.000000 62.000000 61.000000 57.000000 63.000000 
lowThrDef
42.000000 41.000000 42.000000 39.000000 39.000000 
prevThrDef
25.000000 25.000000 25.000000 25.000000 25.000000 
manualSeparators





separators
1    4    5   47   48  146  149  451  455  480  481  545
1   42   43   78   79  158  159  227  228  288  290  347  348  364  365  406  407  408  409  433  437  452  454  457  458  501  503  506  507  514  515  539  540  545
1   41   42  247  248  515  516  545
1   11   12   21   22  116  117  308  309  311  312  545
1  334  335  445  446  452  456  457  458  459  545
