fields 34
worms 5
Wave_Initiation_Rate_Median
7.008077 6.262449 17.421341 8.161237 9.874782 
Wave_Initiation_Rate_Range
3.297992 1.933266 25.641852 6.196273 13.086391 
Body_Wave_Number_Median
1.843028 1.887052 1.324974 1.772584 1.458266 
Body_Wave_Number_Range
0.308401 0.194883 0.484005 0.759364 1.038931 
Asymmetry_Median
0.076806 -0.012471 0.013848 -0.116721 -0.095726 
Asymmetry_Range
0.045339 0.053111 0.245681 0.111772 0.332898 
Reverse_Swimming
0.000000 0.000000 0.000000 0.000000 8.831647 
Curling
0.000000 0.000000 2.803738 0.126582 16.446125 
Stretch_Median
0.258351 0.394047 0.562498 0.579277 0.639546 
Stretch_Range
0.130699 0.243954 0.253364 0.294438 0.275231 
Attenuation_Median
80.172966 82.690581 54.876737 74.756488 54.958574 
Attenuation_Range
11.635080 13.788601 36.732388 34.135604 38.978202 
Traveling_Speed_Mean
0.495731 0.408696 1.702576 0.433527 1.443543 
Brush_Stroke_Median
0.026815 0.025424 0.058104 0.030693 0.051438 
Brush_Stroke_Range
0.008605 0.001047 0.014148 0.005144 0.016103 
Activity_Index_Median
9.429435 7.874040 41.145518 11.936560 26.746944 
Activity_Index_Range
6.097774 2.623763 69.927813 10.160040 45.267035 
Wave_Initiation_Rate_10
6.365118 5.658538 9.246278 6.971032 7.571105 
Body_Wave_Number_10
1.604401 1.755176 1.072777 1.183615 0.720421 
Asymmetry_10
0.039020 -0.041338 -0.079328 -0.189532 -0.262338 
Stretch_10
0.209281 0.231684 0.481260 0.432575 0.475061 
Attenuation_10
71.554763 72.710211 40.151237 50.779627 29.832099 
Brush_Stroke_10
0.025469 0.024952 0.050419 0.028919 0.043025 
Activity_Index_10
8.414987 7.189749 19.986276 10.194303 18.466578 
usability
1.000000 1.000000 0.983456 0.871324 0.972426 
status
valid
valid
valid
valid
valid
highThr
77.000000 59.000000 75.000000 49.000000 66.000000 
lowThr
64.000000 45.000000 51.000000 34.000000 45.000000 
prevThr
25.000000 25.000000 25.000000 66.000000 25.000000 
highThrDef
75.000000 59.000000 75.000000 49.000000 66.000000 
lowThrDef
65.000000 46.000000 51.000000 29.000000 45.000000 
prevThrDef
25.000000 25.000000 25.000000 25.000000 25.000000 
manualSeparators




22   23  456  457  494
separators
1  545
1  545
1   16   17   19   20   21   22   23   25   30   31   49   50   75   80   83   85  541  545
1    5    6   34   35   36   41   42   43   44   45   46   50   51   52   54   55   57   58   59   60   61   62   69   70   71   74   75   76   78   79   80  122  123  124  125  126  127  128  129  130  133  134  135  136  137  138  151  152  153  154  155  156  158  159  160  161  162  164  168  169  170  171  174  184  185  205  206  343  344  350  351  363  365  366  545
1   21   22   23   31   32   33   34  265  266  321  322  327  328  408  409  456  457  461  462  482  483  494  501  502  503  507  508  545
