fields 34
worms 5
Wave_Initiation_Rate_Median
62.307539 68.259666 NaN 51.981694 NaN 
Wave_Initiation_Rate_Range
14.385543 2.342388 NaN 9.638608 NaN 
Body_Wave_Number_Median
0.819675 0.745971 NaN 0.681940 NaN 
Body_Wave_Number_Range
0.304452 0.215382 NaN 0.497286 NaN 
Asymmetry_Median
-0.003306 0.015048 NaN -0.009835 NaN 
Asymmetry_Range
0.027914 0.040500 NaN 0.042424 NaN 
Reverse_Swimming
0.000000 0.000000 NaN 0.000000 NaN 
Curling
0.000000 0.000000 NaN 0.000000 NaN 
Stretch_Median
0.362597 0.365098 NaN 0.419331 NaN 
Stretch_Range
0.137737 0.089260 NaN 0.140581 NaN 
Attenuation_Median
65.985317 46.833629 NaN 57.665864 NaN 
Attenuation_Range
14.977583 16.843388 NaN 22.271711 NaN 
Traveling_Speed_Mean
1.321728 8.614981 NaN 6.102494 NaN 
Brush_Stroke_Median
0.053579 0.194420 NaN 0.148368 NaN 
Brush_Stroke_Range
0.009314 0.026474 NaN 0.019245 NaN 
Activity_Index_Median
163.379784 198.709590 NaN 154.262919 NaN 
Activity_Index_Range
56.804090 26.573066 NaN 48.368483 NaN 
Wave_Initiation_Rate_10
52.982628 67.181935 NaN 44.421928 NaN 
Body_Wave_Number_10
0.698294 0.618615 NaN 0.447764 NaN 
Asymmetry_10
-0.013267 0.003345 NaN -0.031307 NaN 
Stretch_10
0.322589 0.339145 NaN 0.367171 NaN 
Attenuation_10
57.516865 38.953843 NaN 48.432789 NaN 
Brush_Stroke_10
0.049531 0.183095 NaN 0.138472 NaN 
Activity_Index_10
139.808975 186.671647 NaN 117.911769 NaN 
usability
0.895221 1.000000 0.659926 1.000000 0.555147 
status
valid
valid
rejected
valid
rejected
highThr
71.000000 68.000000 77.000000 73.000000 74.000000 
lowThr
50.000000 52.000000 50.000000 53.000000 41.000000 
prevThr
25.000000 25.000000 25.000000 25.000000 25.000000 
highThrDef
71.000000 68.000000 77.000000 73.000000 74.000000 
lowThrDef
40.000000 52.000000 30.000000 53.000000 41.000000 
prevThrDef
25.000000 25.000000 25.000000 25.000000 25.000000 
manualSeparators
97   98  178  179  208  209  210  211  212  284  285  286  287  288  356  357  355  411  412  410  409  408  407  406  405




separators
1   11   13   60   61   71   72   97   98   99  175  176  177  178  179  194  196  197  199  208  209  210  211  212  245  257  284  285  286  287  288  355  356  357  361  382  383  393  395  405  406  407  408  409  410  411  412  417  427  442  443  470  472  489  492  524  525  545
1  545
1   19   41   43   45   60   62   63   66   67   70   71   81   82   84  101  102  103  106  107  122  123  125  126  128  129  142  143  145  146  157  158  159  160  163  164  179  180  181  228  233  245  247  248  250  263  265  284  289  301  306  364  365  380  381  404  406  466  473  474  475  479  481  482  483  487  488  509  510  545
1  545
1  241  242  473  474  545
