fields 34
worms 5
Wave_Initiation_Rate_Median
27.332626 6.983432 17.720608 21.708535 33.039840 
Wave_Initiation_Rate_Range
25.425452 2.063286 25.580591 20.508594 35.129561 
Body_Wave_Number_Median
1.176059 1.850235 1.188129 1.016303 0.849681 
Body_Wave_Number_Range
1.113738 0.212243 0.931565 0.854978 0.823171 
Asymmetry_Median
-0.002728 -0.039017 0.028721 -0.000990 0.004134 
Asymmetry_Range
0.131246 0.191970 0.180203 0.110888 0.124703 
Reverse_Swimming
5.685373 0.000000 6.513339 10.101196 10.597976 
Curling
0.000000 0.000000 0.110294 0.000000 0.000000 
Stretch_Median
0.512192 0.462846 0.559549 0.485293 0.473313 
Stretch_Range
0.121819 0.172900 0.258106 0.102833 0.130387 
Attenuation_Median
65.154637 72.216731 55.197256 53.504496 49.047207 
Attenuation_Range
24.797887 11.670408 42.659277 32.209720 36.197634 
Traveling_Speed_Mean
1.833128 0.649354 1.776395 1.810539 2.724219 
Brush_Stroke_Median
0.054795 0.033936 0.050196 0.052840 0.085421 
Brush_Stroke_Range
0.023959 0.010908 0.021647 0.018066 0.025779 
Activity_Index_Median
75.260749 11.666680 42.268229 55.189766 72.183542 
Activity_Index_Range
78.361180 5.712544 83.612159 42.149625 77.329433 
Wave_Initiation_Rate_10
9.370436 6.248861 9.717286 11.726787 11.972838 
Body_Wave_Number_10
0.452520 1.720758 0.693615 0.594751 0.431852 
Asymmetry_10
-0.105166 -0.091826 -0.037540 -0.072033 -0.039496 
Stretch_10
0.464357 0.374243 0.444639 0.425141 0.417477 
Attenuation_10
52.849145 67.034912 30.633885 27.800581 34.750027 
Brush_Stroke_10
0.046895 0.030936 0.043863 0.041625 0.075251 
Activity_Index_10
26.534886 10.017303 24.857942 33.713573 30.243764 
usability
1.000000 0.994485 1.000000 0.998162 0.996324 
status
valid
valid
valid
valid
valid
highThr
59.000000 53.000000 55.000000 51.000000 59.000000 
lowThr
42.000000 39.000000 36.000000 29.000000 39.000000 
prevThr
25.000000 25.000000 25.000000 25.000000 25.000000 
highThrDef
59.000000 53.000000 55.000000 51.000000 59.000000 
lowThrDef
42.000000 39.000000 36.000000 29.000000 39.000000 
prevThrDef
25.000000 25.000000 25.000000 25.000000 25.000000 
manualSeparators





separators
1  545
1  212  213  223  224  544  545
1  545
1  407  408  545
1  223  224  361  362  545
