fields 34
worms 5
Wave_Initiation_Rate_Median
66.183151 86.961185 74.647056 77.706101 28.428977 
Wave_Initiation_Rate_Range
30.855010 34.799073 18.993352 34.326088 58.149218 
Body_Wave_Number_Median
0.567362 0.493676 0.510531 0.539626 0.778173 
Body_Wave_Number_Range
0.336513 0.241255 0.201968 0.354387 1.477293 
Asymmetry_Median
0.002196 0.005507 -0.013182 0.000566 -0.091838 
Asymmetry_Range
0.054664 0.055882 0.049120 0.045560 0.386850 
Reverse_Swimming
0.772769 1.300310 0.386385 0.000000 5.711361 
Curling
0.000000 0.228137 0.664207 0.223048 18.532819 
Stretch_Median
0.488562 0.399444 0.428373 0.405941 0.652108 
Stretch_Range
0.239318 0.151094 0.121504 0.214386 0.273053 
Attenuation_Median
76.432363 66.332596 65.512734 68.062691 55.796532 
Attenuation_Range
23.791850 19.869477 28.537743 27.526583 43.939856 
Traveling_Speed_Mean
4.998198 8.778281 7.853789 8.383886 1.750837 
Brush_Stroke_Median
0.129213 0.265336 0.183629 0.165526 0.070060 
Brush_Stroke_Range
0.038263 0.060416 0.042975 0.065104 0.055988 
Activity_Index_Median
167.337842 244.247137 226.011682 197.178306 52.901961 
Activity_Index_Range
106.490589 125.736297 73.873127 110.999496 240.398722 
Wave_Initiation_Rate_10
36.882278 66.619436 65.844148 62.700424 8.641172 
Body_Wave_Number_10
0.389228 0.354683 0.400579 0.342123 0.248812 
Asymmetry_10
-0.024748 -0.020341 -0.033495 -0.021030 -0.380433 
Stretch_10
0.367904 0.357174 0.368002 0.327878 0.492948 
Attenuation_10
63.359088 54.489799 45.485809 49.484257 22.675489 
Brush_Stroke_10
0.112342 0.232670 0.162575 0.126149 0.029927 
Activity_Index_10
95.968301 148.567570 177.520837 138.571879 20.580775 
usability
1.000000 0.966912 0.996324 0.988971 0.952206 
status
valid
valid
valid
valid
valid
highThr
58.000000 57.000000 55.000000 55.000000 63.000000 
lowThr
37.000000 40.000000 38.000000 33.000000 37.000000 
prevThr
25.000000 25.000000 25.000000 25.000000 25.000000 
highThrDef
58.000000 57.000000 55.000000 55.000000 63.000000 
lowThrDef
37.000000 40.000000 38.000000 33.000000 37.000000 
prevThrDef
25.000000 25.000000 25.000000 25.000000 25.000000 
manualSeparators

481  482  483
61  62  63  65  66  67
266  267  481  482  480  479
129  130  131  132  133  187  188  186  189  195  196  250  251  266  267  452  453  460  461  462  463  464  465  466
separators
1  385  387  395  400  414  415  498  501  545
1  327  330  334  336  398  399  400  481  482  483  486  501  502  527  528  545
1   35   36   61   62   63   65   66   67   68   69   70   84   85  327  330  334  336  539  540  545
1  102  103  122  123  238  240  266  267  268  467  468  479  480  481  482  483  491  492  545
1   12   13   95   96  129  130  131  132  133  186  187  188  189  195  196  250  251  252  266  267  268  279  280  323  324  341  343  452  453  459  460  461  462  463  464  465  466  480  481  545
