fields 34
worms 5
Wave_Initiation_Rate_Median
9.588847 39.229569 10.813711 5.834774 9.328962 
Wave_Initiation_Rate_Range
11.561054 50.703331 9.119864 1.458920 11.813724 
Body_Wave_Number_Median
1.607113 0.243179 1.428017 1.946156 1.671900 
Body_Wave_Number_Range
0.851576 0.362001 1.013916 0.058680 0.736020 
Asymmetry_Median
0.024510 -0.010879 -0.001097 -0.045416 0.001722 
Asymmetry_Range
0.200458 0.138130 0.142087 0.013110 0.161608 
Reverse_Swimming
0.000000 1.490340 6.155440 0.000000 0.000000 
Curling
0.000000 1.323529 0.000000 0.000000 0.000000 
Stretch_Median
0.619889 0.484008 0.561292 0.278284 0.531773 
Stretch_Range
0.192512 0.342543 0.181535 0.153922 0.213877 
Attenuation_Median
80.495044 56.391143 86.147452 70.211737 81.992178 
Attenuation_Range
14.260405 17.767459 45.594126 17.666724 12.104208 
Traveling_Speed_Mean
1.725139 6.089699 1.496319 0.332842 0.995419 
Brush_Stroke_Median
0.043617 0.216643 0.048011 0.025795 0.046511 
Brush_Stroke_Range
0.021462 0.080454 0.025505 0.002422 0.028398 
Activity_Index_Median
19.303909 95.032211 27.733246 7.592870 21.705243 
Activity_Index_Range
34.835095 136.250903 34.681364 1.322865 38.080859 
Wave_Initiation_Rate_10
7.346819 16.698059 8.672954 5.501496 6.838756 
Body_Wave_Number_10
0.922907 0.103712 0.610836 1.906072 1.145374 
Asymmetry_10
-0.095409 -0.087077 -0.059316 -0.055827 -0.062651 
Stretch_10
0.494957 0.345517 0.440202 0.215709 0.370604 
Attenuation_10
71.817563 46.614313 43.386642 63.990087 76.646903 
Brush_Stroke_10
0.034371 0.163569 0.038841 0.024386 0.028937 
Activity_Index_10
14.409773 34.039912 19.375813 6.854653 9.627682 
usability
0.996324 1.000000 0.887868 0.887868 0.740809 
status
valid
valid
valid
valid
valid
highThr
57.000000 65.000000 66.000000 45.000000 67.000000 
lowThr
36.000000 45.000000 53.000000 36.000000 54.000000 
prevThr
25.000000 25.000000 25.000000 25.000000 25.000000 
highThrDef
57.000000 65.000000 66.000000 45.000000 67.000000 
lowThrDef
36.000000 45.000000 53.000000 36.000000 54.000000 
prevThrDef
25.000000 25.000000 25.000000 25.000000 25.000000 
manualSeparators





separators
1  382  384  545
1    6    7  270  271  318  319  545
1   61   62  545
1   61   62  161  162  377  378  384  385  545
1  141  142  545
