fields 34
worms 5
Wave_Initiation_Rate_Median
67.219212 69.329921 70.878767 52.041594 77.545815 
Wave_Initiation_Rate_Range
13.795191 16.508570 17.366378 31.589450 51.613885 
Body_Wave_Number_Median
0.534700 0.618773 0.715605 0.664948 0.491313 
Body_Wave_Number_Range
0.364566 0.265438 0.225660 0.269195 0.593419 
Asymmetry_Median
-0.037877 -0.034406 0.016288 -0.019579 0.028530 
Asymmetry_Range
0.033665 0.075242 0.079389 0.122884 0.084980 
Reverse_Swimming
0.000000 0.000000 0.000000 0.000000 5.354186 
Curling
0.000000 0.000000 0.000000 0.000000 0.000000 
Stretch_Median
0.487238 0.428706 0.490248 0.447482 0.473830 
Stretch_Range
0.178298 0.170805 0.218093 0.114804 0.355108 
Attenuation_Median
66.976809 59.867866 68.678696 57.312222 74.376135 
Attenuation_Range
18.440570 15.275260 14.868894 15.541832 20.990407 
Traveling_Speed_Mean
5.327771 8.704003 7.077313 7.077924 7.440697 
Brush_Stroke_Median
0.194429 0.193612 0.217381 0.161383 0.194754 
Brush_Stroke_Range
0.065080 0.029662 0.030757 0.055188 0.050486 
Activity_Index_Median
206.413109 204.151158 208.991689 165.441915 210.572570 
Activity_Index_Range
88.186146 50.185315 53.028377 125.700172 147.549869 
Wave_Initiation_Rate_10
54.471911 67.239085 66.827799 34.731367 34.412430 
Body_Wave_Number_10
0.378941 0.449027 0.555011 0.476012 0.180599 
Asymmetry_10
-0.051291 -0.071921 -0.035363 -0.103999 -0.011387 
Stretch_10
0.425581 0.375385 0.385589 0.405476 0.319992 
Attenuation_10
60.406818 52.101740 60.615491 49.779505 60.628686 
Brush_Stroke_10
0.173191 0.180382 0.203028 0.143980 0.167517 
Activity_Index_10
161.688689 193.510224 184.638623 101.012339 99.685532 
usability
1.000000 0.998162 0.930147 0.906250 0.972426 
status
valid
valid
valid
valid
valid
highThr
73.000000 68.000000 75.000000 80.000000 73.000000 
lowThr
42.000000 52.000000 56.000000 58.000000 50.000000 
prevThr
25.000000 25.000000 25.000000 25.000000 25.000000 
highThrDef
73.000000 68.000000 75.000000 80.000000 73.000000 
lowThrDef
42.000000 52.000000 56.000000 58.000000 45.000000 
prevThrDef
25.000000 25.000000 25.000000 25.000000 25.000000 
manualSeparators



495  496  513  514  528  529
147  148  149  150  314  315  316  317  361  362  415  416
separators
1  545
1   92   93  135  136  143  144  229  230  545
1  492  493  494  496  497  498  500  501  511  517  520  522  523  524  528  529  531  532  533  540  542  545
1  341  361  492  493  494  495  496  497  498  500  501  511  513  514  517  519  520  521  523  525  528  529  532  533  535  536  539  540  541  542  545
1   74   75   83   86   90   91  147  148  149  150  206  208  314  315  316  317  361  362  364  366  368  415  416  419  545
