fields 34
worms 5
Wave_Initiation_Rate_Median
66.909275 67.307372 50.847282 67.222708 56.365377 
Wave_Initiation_Rate_Range
12.593388 8.885284 17.741607 27.211695 18.124616 
Body_Wave_Number_Median
0.576610 0.798946 0.574006 0.484673 0.590236 
Body_Wave_Number_Range
0.204632 0.200677 0.379983 0.228163 0.535647 
Asymmetry_Median
0.004072 -0.003343 -0.025062 -0.009101 -0.006149 
Asymmetry_Range
0.049715 0.047415 0.071396 0.064363 0.116654 
Reverse_Swimming
0.000000 0.000000 0.000000 3.643054 8.823529 
Curling
0.000000 0.000000 0.929204 0.000000 0.000000 
Stretch_Median
0.425565 0.419963 0.602515 0.409507 0.487645 
Stretch_Range
0.089646 0.110055 0.231556 0.170983 0.212048 
Attenuation_Median
63.751488 59.607115 71.277987 70.719635 63.794112 
Attenuation_Range
14.910793 20.687501 25.099463 26.110788 50.302530 
Traveling_Speed_Mean
5.238281 9.915796 8.503750 10.850470 9.651595 
Brush_Stroke_Median
0.199869 0.189536 0.165304 0.176782 0.184366 
Brush_Stroke_Range
0.090107 0.053131 0.041616 0.037679 0.077679 
Activity_Index_Median
222.629205 203.937201 175.156523 186.298766 156.779665 
Activity_Index_Range
108.125823 77.177585 62.492749 101.581586 86.227124 
Wave_Initiation_Rate_10
55.181559 58.848974 38.242761 40.412920 50.021049 
Body_Wave_Number_10
0.438366 0.664242 0.425835 0.342267 0.341731 
Asymmetry_10
-0.022745 -0.031362 -0.055434 -0.026839 -0.085482 
Stretch_10
0.385819 0.384803 0.523883 0.347371 0.368415 
Attenuation_10
52.770809 50.240910 59.112789 54.166111 23.355410 
Brush_Stroke_10
0.162445 0.159706 0.141607 0.163248 0.140596 
Activity_Index_10
193.127641 150.223907 132.771567 112.155961 126.917291 
usability
0.966912 0.987132 0.830882 1.000000 0.825368 
status
valid
valid
valid
valid
valid
highThr
70.000000 75.000000 86.000000 73.000000 79.000000 
lowThr
46.000000 55.000000 37.000000 59.000000 44.000000 
prevThr
25.000000 25.000000 25.000000 25.000000 25.000000 
highThrDef
70.000000 75.000000 86.000000 73.000000 79.000000 
lowThrDef
46.000000 55.000000 37.000000 59.000000 44.000000 
prevThrDef
25.000000 25.000000 25.000000 25.000000 25.000000 
manualSeparators

493  494  495  496
50  51


separators
1   72   73  108  109  120  121  147  148  168  169  202  203  241  242  243  245  249  255  256  257  258  259  260  261  262  263  282  283  300  301  355  356  378  379  409  410  442  443  545
1  122  123  187  189  290  292  307  309  345  346  493  494  495  496  502  508  509  522  525  545
1   47   48   49   50   51   52  122  123  210  213  214  216  463  478  479  497  500  504  507  517  523  529  530  531  536  542  545
1  202  203  545
1   74   76   87   89   91   92  104  108  117  125  127  128  134  135  136  150  151  154  155  201  202  218  220  237  238  493  501  508  509  545
