fields 34
worms 6
Wave_Initiation_Rate_Median
33.490055 33.191013 32.418590 6.824784 69.126757 NaN 
Wave_Initiation_Rate_Range
25.506519 31.923293 23.847573 1.608654 11.970882 NaN 
Body_Wave_Number_Median
1.045874 1.074671 0.889711 1.887410 0.950212 NaN 
Body_Wave_Number_Range
0.829912 0.805430 0.610727 0.617533 0.443884 NaN 
Asymmetry_Median
-0.022831 -0.015547 -0.005115 -0.005783 0.000244 NaN 
Asymmetry_Range
0.180242 0.188511 0.134948 0.072731 0.027419 NaN 
Reverse_Swimming
7.384615 0.000000 8.279669 0.000000 0.000000 NaN 
Curling
3.212237 5.529412 0.000000 0.000000 0.000000 NaN 
Stretch_Median
0.569356 0.686515 0.453063 0.469158 0.364112 NaN 
Stretch_Range
0.136384 0.327249 0.127386 0.156996 0.162445 NaN 
Attenuation_Median
59.251865 53.645237 50.339752 58.842145 56.511065 NaN 
Attenuation_Range
17.042456 20.395479 21.635897 26.002682 32.659699 NaN 
Traveling_Speed_Mean
2.319533 3.054593 3.953423 1.168015 4.244238 NaN 
Brush_Stroke_Median
0.069801 0.103430 0.080783 0.036176 0.059865 NaN 
Brush_Stroke_Range
0.026066 0.045066 0.038209 0.009023 0.017494 NaN 
Activity_Index_Median
83.347359 95.655495 84.631697 12.933004 210.200343 NaN 
Activity_Index_Range
77.650562 76.015616 63.808777 5.155634 74.315195 NaN 
Wave_Initiation_Rate_10
10.234078 15.926920 11.692877 6.104974 67.026447 NaN 
Body_Wave_Number_10
0.719590 0.556532 0.579985 1.565657 0.711765 NaN 
Asymmetry_10
-0.175058 -0.137618 -0.033388 -0.040318 -0.015107 NaN 
Stretch_10
0.519471 0.507790 0.382997 0.403000 0.275447 NaN 
Attenuation_10
50.254549 40.666640 39.536529 49.267860 39.456978 NaN 
Brush_Stroke_10
0.051089 0.083648 0.068615 0.033927 0.054981 NaN 
Activity_Index_10
21.019463 62.682168 35.404181 10.470720 181.598972 NaN 
usability
0.961397 0.937500 1.000000 1.000000 0.705882 0.000000 
status
valid
valid
valid
valid
valid
rejected
highThr
59.000000 63.000000 68.000000 56.000000 65.000000 47.000000 
lowThr
30.000000 45.000000 50.000000 37.000000 41.000000 0.000000 
prevThr
25.000000 25.000000 25.000000 25.000000 25.000000 25.000000 
highThrDef
59.000000 63.000000 68.000000 56.000000 65.000000 47.000000 
lowThrDef
30.000000 45.000000 50.000000 37.000000 41.000000 0.000000 
prevThrDef
25.000000 25.000000 25.000000 25.000000 25.000000 25.000000 
manualSeparators
261  262  263  264  265  290  291  293  294  295  296
82  83  84




separators
1  229  230  261  262  263  264  265  282  283  284  285  286  287  289  290  291  293  294  295  296  298  299  301  302  303  545
1   82   83   84   87   88  301  302  364  365  369  370  371  381  382  401  402  545
1    2  223  224  226  227  545
1  545
1    4    7    8   10   14   17   30   31   35   36   38   39   40   41   44   58   59   60   61   64   69   81   85  141  142  160  161  162  545
1  161  162  242  545
