fields 34
worms 6
Wave_Initiation_Rate_Median
156.570661 170.805350 169.557714 168.764403 157.145314 NaN 
Wave_Initiation_Rate_Range
75.004506 46.421739 65.093706 47.742304 93.351110 NaN 
Body_Wave_Number_Median
0.556923 0.508188 0.525122 0.570777 0.499650 NaN 
Body_Wave_Number_Range
0.420111 0.341850 0.279766 0.442647 0.196344 NaN 
Asymmetry_Median
0.002092 -0.000773 0.007606 0.010196 -0.009526 NaN 
Asymmetry_Range
0.080070 0.038251 0.038512 0.037683 0.093022 NaN 
Reverse_Swimming
0.000000 0.000000 0.000000 0.000000 0.000000 NaN 
Curling
0.914286 0.250000 1.352459 0.337711 0.000000 NaN 
Stretch_Median
0.360271 0.320375 0.334040 0.337260 0.365535 NaN 
Stretch_Range
0.199582 0.157559 0.134222 0.128854 0.185936 NaN 
Attenuation_Median
73.271434 75.108864 69.762754 66.644140 66.159830 NaN 
Attenuation_Range
24.831528 22.561072 28.328321 29.617052 23.362669 NaN 
Traveling_Speed_Mean
16.087329 11.796815 16.697590 19.515995 18.512632 NaN 
Brush_Stroke_Median
0.293580 0.384880 0.421481 0.435885 0.874841 NaN 
Brush_Stroke_Range
0.085542 0.057740 0.074915 0.116581 0.650395 NaN 
Activity_Index_Median
381.125858 393.591401 425.182282 423.634292 959.920956 NaN 
Activity_Index_Range
179.717119 125.270037 191.953487 142.961366 905.228756 NaN 
Wave_Initiation_Rate_10
95.645982 136.444099 105.560034 123.148244 76.926964 NaN 
Body_Wave_Number_10
0.339424 0.331215 0.358328 0.270014 0.396142 NaN 
Asymmetry_10
-0.014718 -0.021389 -0.014513 -0.006303 -0.074856 NaN 
Stretch_10
0.279949 0.255520 0.291575 0.277237 0.299316 NaN 
Attenuation_10
56.116411 60.442170 51.292740 48.584820 53.870608 NaN 
Brush_Stroke_10
0.266213 0.357971 0.376782 0.393135 0.323931 NaN 
Activity_Index_10
253.054304 305.818398 265.684619 350.933712 408.308604 NaN 
usability
0.965074 0.882353 0.897059 0.979779 0.773897 0.000000 
status
valid
valid
valid
valid
valid
rejected
highThr
53.000000 53.000000 51.000000 58.000000 51.000000 52.000000 
lowThr
18.000000 21.000000 16.000000 21.000000 25.000000 26.000000 
prevThr
10.000000 25.000000 10.000000 10.000000 10.000000 25.000000 
highThrDef
53.000000 53.000000 51.000000 58.000000 51.000000 52.000000 
lowThrDef
18.000000 21.000000 16.000000 21.000000 25.000000 26.000000 
prevThrDef
25.000000 25.000000 25.000000 25.000000 25.000000 25.000000 
manualSeparators






separators
1   67   68   69   82   83  154  155  164  165  174  175  279  280  334  335  348  349  354  355  368  369  413  414  419  420  496  497  508  509  510  515  516  530  531  532  545
1   12   13   18   19   21   22   41   42   85   86   87   92   93   98   99  109  110  160  161  226  227  228  229  232  233  257  258  263  264  314  315  417  418  421  423  461  462  468  469  481  483  495  496  497  498  500  501  545
1  137  138  139  140  326  327  347  348  356  357  361  362  363  364  373  374  380  381  429  430  464  465  466  481  482  495  496  497  509  510  520  541  542  545
1  104  105  128  129  150  151  162  166  167  327  328  333  334  528  529  545
1  101  102  161  162  181  195  196  431  432  545
1  181  182  545
