fields 34
worms 5
Wave_Initiation_Rate_Median
9.539612 34.215196 6.961415 6.554499 NaN 
Wave_Initiation_Rate_Range
5.051086 8.541523 3.858029 1.300379 NaN 
Body_Wave_Number_Median
1.565007 0.932055 1.760712 1.907788 NaN 
Body_Wave_Number_Range
0.508567 0.514266 0.357611 0.121588 NaN 
Asymmetry_Median
-0.002117 0.016900 -0.035287 -0.036523 NaN 
Asymmetry_Range
0.206585 0.077082 0.100039 0.011334 NaN 
Reverse_Swimming
1.655934 0.000000 0.000000 0.000000 NaN 
Curling
0.000000 0.553506 0.000000 0.000000 NaN 
Stretch_Median
0.515066 0.550874 0.333515 0.331085 NaN 
Stretch_Range
0.255524 0.140444 0.098872 0.155822 NaN 
Attenuation_Median
66.824415 51.693177 71.645383 76.758572 NaN 
Attenuation_Range
36.936747 15.318215 19.175921 12.953416 NaN 
Traveling_Speed_Mean
1.262401 3.817561 0.598156 0.478480 NaN 
Brush_Stroke_Median
0.044622 0.054677 0.026765 0.026487 NaN 
Brush_Stroke_Range
0.019039 0.022074 0.002698 0.001957 NaN 
Activity_Index_Median
20.482025 95.240163 9.049415 8.664274 NaN 
Activity_Index_Range
13.892739 33.684184 5.585139 1.912305 NaN 
Wave_Initiation_Rate_10
7.087359 32.552186 5.443275 5.841907 NaN 
Body_Wave_Number_10
1.273675 0.660937 1.531064 1.835921 NaN 
Asymmetry_10
-0.121764 -0.038979 -0.061084 -0.043717 NaN 
Stretch_10
0.377086 0.454249 0.296014 0.302248 NaN 
Attenuation_10
41.307666 43.483936 58.815883 70.223993 NaN 
Brush_Stroke_10
0.036379 0.047623 0.026029 0.025382 NaN 
Activity_Index_10
15.416185 83.614910 7.179589 7.631068 NaN 
usability
1.000000 0.996324 1.000000 1.000000 0.751838 
status
valid
valid
valid
valid
rejected
highThr
52.000000 55.000000 49.000000 46.000000 64.000000 
lowThr
38.000000 36.000000 32.000000 35.000000 6.000000 
prevThr
25.000000 25.000000 25.000000 25.000000 25.000000 
highThrDef
52.000000 55.000000 49.000000 46.000000 64.000000 
lowThrDef
38.000000 36.000000 32.000000 35.000000 6.000000 
prevThrDef
25.000000 25.000000 25.000000 25.000000 25.000000 
manualSeparators





separators
1  161  162  545
1   39   40   43   44  545
1  545
1  506  507  523  524  545
1   41   42   63   64   80   81   89   90  101  102  104  105  126  127  130  131  135  136  161  162  164  165  195  196  197  198  199  200  201  202  256  257  444  445  494  495  499  500  508  509  545
