fields 34
worms 5
Wave_Initiation_Rate_Median
31.650361 13.834859 14.664513 NaN NaN 
Wave_Initiation_Rate_Range
23.751587 10.055427 23.696748 NaN NaN 
Body_Wave_Number_Median
1.134680 1.460237 1.535286 NaN NaN 
Body_Wave_Number_Range
0.469652 0.845537 0.816426 NaN NaN 
Asymmetry_Median
-0.009050 -0.044383 0.000244 NaN NaN 
Asymmetry_Range
0.107006 0.210679 0.093213 NaN NaN 
Reverse_Swimming
0.000000 1.655934 0.551978 NaN NaN 
Curling
0.000000 3.535912 0.000000 NaN NaN 
Stretch_Median
0.544488 0.741429 0.515298 NaN NaN 
Stretch_Range
0.195061 0.203289 0.192855 NaN NaN 
Attenuation_Median
57.173693 59.869109 56.846480 NaN NaN 
Attenuation_Range
32.161041 27.219286 29.515402 NaN NaN 
Traveling_Speed_Mean
3.000348 3.089307 2.705731 NaN NaN 
Brush_Stroke_Median
0.053822 0.052532 0.058755 NaN NaN 
Brush_Stroke_Range
0.018114 0.020018 0.030129 NaN NaN 
Activity_Index_Median
71.986549 37.414010 48.636407 NaN NaN 
Activity_Index_Range
59.872389 32.583137 62.580377 NaN NaN 
Wave_Initiation_Rate_10
11.437668 9.064984 8.805114 NaN NaN 
Body_Wave_Number_10
0.876621 0.862307 0.986836 NaN NaN 
Asymmetry_10
-0.090447 -0.162701 -0.043535 NaN NaN 
Stretch_10
0.408766 0.639997 0.429106 NaN NaN 
Attenuation_10
37.288429 42.560245 39.932811 NaN NaN 
Brush_Stroke_10
0.044950 0.047047 0.045374 NaN NaN 
Activity_Index_10
32.900734 20.846432 29.154216 NaN NaN 
usability
1.000000 0.998162 1.000000 1.000000 0.091912 
status
valid
valid
valid
rejected
rejected
highThr
64.000000 64.000000 66.000000 63.000000 63.000000 
lowThr
47.000000 48.000000 50.000000 51.000000 14.000000 
prevThr
25.000000 25.000000 25.000000 25.000000 25.000000 
highThrDef
64.000000 64.000000 66.000000 63.000000 63.000000 
lowThrDef
47.000000 48.000000 50.000000 51.000000 14.000000 
prevThrDef
25.000000 25.000000 25.000000 25.000000 25.000000 
manualSeparators





separators
1  437  438  470  473  545
1  158  159  230  231  234  235  244  245  344  345  368  369  545
1  201  202  545
1  545
1  361  362  365  366  368  369  378  379  381  382  387  388  393  394  411  412  419  545
