fields 34
worms 6
Wave_Initiation_Rate_Median
57.755992 135.249058 66.750226 133.946968 53.391401 NaN 
Wave_Initiation_Rate_Range
62.072602 26.595642 53.216403 91.449709 86.136722 NaN 
Body_Wave_Number_Median
0.689557 0.547873 0.350766 0.494167 0.252268 NaN 
Body_Wave_Number_Range
1.016238 0.637940 0.572709 0.523680 0.400513 NaN 
Asymmetry_Median
0.009799 0.002375 -0.012750 0.002112 0.016375 NaN 
Asymmetry_Range
0.125211 0.028275 0.129140 0.127278 0.324739 NaN 
Reverse_Swimming
0.000000 0.000000 0.000000 7.948482 19.595216 NaN 
Curling
0.000000 0.000000 0.127119 0.776340 14.064272 NaN 
Stretch_Median
0.399813 0.373177 0.503373 0.378191 0.676872 NaN 
Stretch_Range
0.255944 0.149080 0.268963 0.258160 0.368963 NaN 
Attenuation_Median
72.373065 69.180497 68.549960 66.231333 35.687871 NaN 
Attenuation_Range
22.289634 18.594937 15.721819 24.439004 60.448759 NaN 
Traveling_Speed_Mean
5.451249 28.034208 5.862487 8.774567 4.127490 NaN 
Brush_Stroke_Median
0.106834 0.282184 0.193440 0.400110 0.121036 NaN 
Brush_Stroke_Range
0.046364 0.069501 0.044737 0.161828 0.062787 NaN 
Activity_Index_Median
163.158128 376.346628 203.954900 332.015316 494.292740 NaN 
Activity_Index_Range
148.124933 103.968420 149.203109 275.262754 561.034953 NaN 
Wave_Initiation_Rate_10
17.218410 109.354630 35.556305 44.292326 15.932668 NaN 
Body_Wave_Number_10
0.513013 0.348961 0.121811 0.165960 0.036531 NaN 
Asymmetry_10
-0.023187 -0.012993 -0.075862 -0.051073 -0.207360 NaN 
Stretch_10
0.321088 0.327299 0.392689 0.296425 0.482626 NaN 
Attenuation_10
62.181907 59.017595 60.057890 50.090438 6.931054 NaN 
Brush_Stroke_10
0.079242 0.233528 0.174958 0.303788 0.072993 NaN 
Activity_Index_10
83.208221 305.678298 115.933052 165.812826 127.746804 NaN 
usability
0.983456 0.974265 0.867647 0.994485 0.972426 0.000000 
status
valid
valid
valid
valid
valid
rejected
highThr
73.000000 65.000000 73.000000 59.000000 64.000000 NaN 
lowThr
45.000000 33.000000 41.000000 42.000000 42.000000 0.000000 
prevThr
25.000000 25.000000 25.000000 25.000000 25.000000 25.000000 
highThrDef
73.000000 65.000000 73.000000 59.000000 64.000000 NaN 
lowThrDef
45.000000 33.000000 41.000000 42.000000 42.000000 0.000000 
prevThrDef
25.000000 25.000000 25.000000 25.000000 25.000000 25.000000 
manualSeparators






separators
1  294  295  309  313  327  330  349  350  545
1  116  117  154  157  163  164  179  181  195  197  198  406  408  414  415  446  447  545
1   44   45  102  103  431  438  439  442  443  461  462  501  502  545
1  249  250  345  346  361  362  545
1   16   17   43   44   64   65  106  107  132  133  134  210  211  232  233  270  271  322  323  331  332  333  342  345  545
1  545
