fields 34
worms 5
Wave_Initiation_Rate_Median
14.682825 8.405030 21.316816 8.090543 81.114443 
Wave_Initiation_Rate_Range
21.048067 4.390205 20.517764 3.558534 37.094967 
Body_Wave_Number_Median
1.100837 1.625609 0.897996 1.718632 0.563201 
Body_Wave_Number_Range
1.079273 0.554391 0.966027 0.507966 0.247358 
Asymmetry_Median
-0.066038 -0.083879 -0.035865 -0.023381 -0.002118 
Asymmetry_Range
0.265964 0.282769 0.145345 0.306198 0.100741 
Reverse_Swimming
7.286109 0.000000 5.795768 0.000000 0.000000 
Curling
0.000000 5.323475 0.000000 11.518987 0.820312 
Stretch_Median
0.536291 0.498113 0.715767 0.520461 0.439972 
Stretch_Range
0.252575 0.231951 0.189912 0.208931 0.213603 
Attenuation_Median
66.984216 70.232284 62.602642 69.900576 59.738629 
Attenuation_Range
33.449061 33.090715 24.204182 73.866909 24.359011 
Traveling_Speed_Mean
2.074996 1.282545 3.332520 0.867127 7.712957 
Brush_Stroke_Median
0.054639 0.038163 0.068766 0.037609 0.164298 
Brush_Stroke_Range
0.019719 0.020598 0.019540 0.017342 0.044501 
Activity_Index_Median
44.315216 17.668336 66.452857 15.069188 196.538535 
Activity_Index_Range
56.168041 15.739228 58.383962 5.603247 114.753408 
Wave_Initiation_Rate_10
9.010163 7.340079 12.283951 7.272111 50.367197 
Body_Wave_Number_10
0.519095 1.302039 0.349173 1.495957 0.420712 
Asymmetry_10
-0.177178 -0.203237 -0.107973 -0.269033 -0.082306 
Stretch_10
0.418808 0.407765 0.596617 0.400484 0.371541 
Attenuation_10
47.217263 43.780349 54.230861 3.363929 46.475413 
Brush_Stroke_10
0.044705 0.031061 0.058200 0.028135 0.142688 
Activity_Index_10
26.073591 11.609315 41.580561 13.615615 133.536828 
usability
1.000000 0.994485 0.981618 0.871324 0.941176 
status
valid
valid
valid
valid
valid
highThr
68.000000 64.000000 70.000000 67.000000 64.000000 
lowThr
49.000000 47.000000 51.000000 48.000000 43.000000 
prevThr
25.000000 25.000000 25.000000 25.000000 25.000000 
highThrDef
68.000000 64.000000 70.000000 67.000000 64.000000 
lowThrDef
49.000000 47.000000 51.000000 48.000000 43.000000 
prevThrDef
25.000000 25.000000 25.000000 25.000000 25.000000 
manualSeparators

423  424
222  223

362
separators
1  157  158  363  366  545
1  144  145  415  416  422  423  424  461  462  466  467  469  470  545
1  171  178  182  192  193  194  222  223  231  237  241  242  244  245  246  259  264  545
1   59   60   61  151  153  181  182  221  545
1   24   25  171  178  182  192  193  194  196  223  231  237  241  242  244  245  246  259  264  282  283  362  447  449  453  454  462  465  466  468  476  477  481  489  490  524  525  537  538  545
