fields 34
worms 5
Wave_Initiation_Rate_Median
164.332929 158.702988 144.116655 139.302630 184.421019 
Wave_Initiation_Rate_Range
47.869308 136.862102 114.315999 100.132402 81.157686 
Body_Wave_Number_Median
0.593295 0.439031 0.541644 0.499225 0.463105 
Body_Wave_Number_Range
0.277957 0.386141 0.792320 0.494365 0.291391 
Asymmetry_Median
0.005971 0.008448 0.002728 0.001420 -0.005860 
Asymmetry_Range
0.065984 0.090415 0.077509 0.093545 0.055773 
Reverse_Swimming
0.000000 0.000000 0.000000 3.357513 0.000000 
Curling
0.606061 1.492537 0.484848 1.904762 0.000000 
Stretch_Median
0.381295 0.344138 0.322445 0.342966 0.311559 
Stretch_Range
0.182694 0.270284 0.271711 0.249456 0.131001 
Attenuation_Median
63.035836 69.190545 66.329479 66.861512 64.714567 
Attenuation_Range
25.254114 31.733318 21.017071 34.922419 23.114706 
Traveling_Speed_Mean
16.735677 6.872641 11.871670 9.528519 13.737775 
Brush_Stroke_Median
0.358837 0.585127 0.302429 0.271262 0.497224 
Brush_Stroke_Range
0.048246 0.339332 0.145363 0.100230 0.112603 
Activity_Index_Median
400.676133 515.723520 346.921015 355.843779 457.264537 
Activity_Index_Range
160.198651 584.038554 318.081076 246.711003 120.752516 
Wave_Initiation_Rate_10
122.828326 66.463139 52.561183 67.450670 114.062723 
Body_Wave_Number_10
0.424571 0.246571 0.300797 0.261849 0.311671 
Asymmetry_10
-0.009499 -0.009157 -0.011817 -0.019602 -0.024507 
Stretch_10
0.305851 0.272898 0.245934 0.279498 0.252325 
Attenuation_10
48.957533 49.875393 53.673676 42.762182 53.244695 
Brush_Stroke_10
0.334136 0.438155 0.227584 0.239261 0.460330 
Activity_Index_10
291.349614 163.050776 168.873866 208.133937 383.920887 
usability
0.909926 0.738971 0.909926 0.926471 0.895221 
status
valid
valid
valid
valid
valid
highThr
51.000000 51.000000 56.000000 52.000000 52.000000 
lowThr
30.000000 16.000000 13.000000 17.000000 12.000000 
prevThr
25.000000 10.000000 10.000000 25.000000 10.000000 
highThrDef
51.000000 51.000000 56.000000 52.000000 52.000000 
lowThrDef
30.000000 16.000000 13.000000 17.000000 12.000000 
prevThrDef
25.000000 25.000000 25.000000 25.000000 25.000000 
manualSeparators


137  138  351  355  356


separators
1   46   47   74   75  174  175  218  219  222  223  233  234  313  314  382  421  422  460  461  519  520  545
1   15   16   51   52   63   64  107  108  134  135  140  141  142  143  181  182  269  270  283  284  298  299  302  303  304  305  306  321  322  324  325  336  337  339  341  344  345  361  362  384  401  424  425  430  431  441  442  462  463  464  481  482  539  540  545
1   63   65   67   68   73   74   77   78   95   96  118  119  124  125  137  138  139  140  141  142  228  229  351  352  353  355  356  411  412  450  451  461  462  463  464  468  469  470  481  482  545
1  104  105  106  142  143  146  147  167  168  174  175  183  184  200  201  205  206  211  212  213  318  319  356  357  363  381  382  383  387  389  397  398  401  402  420  421  468  469  516  517  545
1   36   37   58   61   62  163  164  174  175  184  201  202  403  404  406  407  410  411  415  416  418  419  420  421  422  434  435  462  463  466  467  472  473  475  476  478  479  481  482  483  484  485  486  487  501  502  538  539  545
