fields 34
worms 3
Wave_Initiation_Rate_Median
103.234333 117.482580 109.041079 
Wave_Initiation_Rate_Range
114.351146 102.451598 108.459563 
Body_Wave_Number_Median
0.678417 0.482585 0.577346 
Body_Wave_Number_Range
0.703584 0.749726 0.586404 
Asymmetry_Median
0.001930 0.008019 0.009983 
Asymmetry_Range
0.085190 0.085490 0.086803 
Reverse_Swimming
1.324747 0.000000 0.000000 
Curling
2.290076 0.000000 0.893855 
Stretch_Median
0.520076 0.361697 0.529226 
Stretch_Range
0.238466 0.247186 0.251095 
Attenuation_Median
64.632640 71.190507 66.108019 
Attenuation_Range
18.976917 21.356859 19.852823 
Traveling_Speed_Mean
6.756741 8.111463 9.348510 
Brush_Stroke_Median
0.309450 0.358571 0.494125 
Brush_Stroke_Range
0.097699 0.115273 0.204078 
Activity_Index_Median
320.106985 296.075546 498.800224 
Activity_Index_Range
211.205353 310.688490 513.115051 
Wave_Initiation_Rate_10
20.305183 32.739341 19.328188 
Body_Wave_Number_10
0.427854 0.238461 0.387834 
Asymmetry_10
-0.036296 -0.030526 -0.016752 
Stretch_10
0.400973 0.265118 0.419978 
Attenuation_10
52.719055 61.673413 52.771840 
Brush_Stroke_10
0.264335 0.307585 0.421443 
Activity_Index_10
167.996820 64.121032 159.485790 
usability
0.963235 0.979779 0.987132 
status
valid
valid
valid
highThr
60.000000 61.000000 55.000000 
lowThr
31.000000 34.000000 31.000000 
prevThr
25.000000 25.000000 10.000000 
highThrDef
60.000000 61.000000 55.000000 
lowThrDef
31.000000 34.000000 31.000000 
prevThrDef
25.000000 25.000000 25.000000 
manualSeparators



separators
1   33   34   39   40   76   77   78   85   87   88  154  155  158  159  177  178  185  187  193  196  278  280  281  282  341  342  404  405  545
1   67   68   69  116  117  135  136  145  146  177  179  232  233  261  262  465  467  545
1   80   81   90   91   92   94  104  105  149  150  510  511  545
