fields 34
worms 5
Wave_Initiation_Rate_Median
11.137499 15.448051 8.899293 12.235789 33.327621 
Wave_Initiation_Rate_Range
10.163588 21.655511 3.606655 13.512128 35.985833 
Body_Wave_Number_Median
1.426569 1.350195 1.593984 1.303164 0.778274 
Body_Wave_Number_Range
0.793351 0.958596 0.523060 1.141442 0.820487 
Asymmetry_Median
-0.023755 0.006479 0.047431 -0.015988 0.003150 
Asymmetry_Range
0.235100 0.174818 0.163952 0.211069 0.101445 
Reverse_Swimming
1.545538 4.084637 0.000000 5.409384 8.279669 
Curling
0.000000 2.209945 0.000000 0.000000 0.000000 
Stretch_Median
0.474779 0.513243 0.342725 0.494708 0.456851 
Stretch_Range
0.224684 0.114244 0.094917 0.169158 0.203159 
Attenuation_Median
60.317067 62.101612 66.591475 42.969907 57.504369 
Attenuation_Range
54.066096 34.401398 59.483388 52.855036 41.650008 
Traveling_Speed_Mean
1.066558 1.775107 0.971415 1.496924 2.523418 
Brush_Stroke_Median
0.049073 0.065480 0.037751 0.053552 0.059142 
Brush_Stroke_Range
0.015601 0.025832 0.017388 0.016176 0.015907 
Activity_Index_Median
29.156432 31.705964 16.256635 32.163070 85.995290 
Activity_Index_Range
18.749394 46.089971 11.370926 35.350527 106.434759 
Wave_Initiation_Rate_10
8.548056 9.714222 6.633808 9.657823 14.924299 
Body_Wave_Number_10
0.865670 0.660216 1.377888 0.447452 0.320868 
Asymmetry_10
-0.136628 -0.113065 -0.041053 -0.112471 -0.054748 
Stretch_10
0.417535 0.441532 0.311703 0.416371 0.382427 
Attenuation_10
31.142436 42.098022 19.940197 7.760773 26.710363 
Brush_Stroke_10
0.041000 0.054813 0.031092 0.045120 0.051461 
Activity_Index_10
21.160351 22.009333 12.220468 22.876401 41.318729 
usability
0.981618 0.998162 0.998162 0.998162 1.000000 
status
valid
valid
valid
valid
valid
highThr
69.000000 66.000000 62.000000 56.000000 51.000000 
lowThr
33.000000 33.000000 33.000000 42.000000 28.000000 
prevThr
25.000000 25.000000 25.000000 25.000000 25.000000 
highThrDef
69.000000 66.000000 62.000000 56.000000 51.000000 
lowThrDef
33.000000 33.000000 33.000000 42.000000 28.000000 
prevThrDef
25.000000 25.000000 25.000000 25.000000 25.000000 
manualSeparators





separators
1  197  201  202  204  205  209  545
1   21   22  545
1  544  545
1  301  302  545
1  545
