fields 34
worms 5
Wave_Initiation_Rate_Median
7.228938 6.972407 50.669513 5.869817 7.635596 
Wave_Initiation_Rate_Range
5.595929 2.001863 48.948022 0.882759 3.960337 
Body_Wave_Number_Median
1.727406 1.873011 0.522938 1.909734 1.756155 
Body_Wave_Number_Range
0.653398 0.153467 1.119588 0.620268 0.458223 
Asymmetry_Median
0.016634 0.053849 0.015374 0.010922 -0.073246 
Asymmetry_Range
0.199809 0.053250 0.057769 0.054202 0.092039 
Reverse_Swimming
0.000000 0.000000 0.000000 0.000000 0.000000 
Curling
2.218115 0.000000 2.320442 0.000000 0.000000 
Stretch_Median
0.357615 0.333396 0.386107 0.370812 0.458435 
Stretch_Range
0.269472 0.124917 0.159701 0.133444 0.181325 
Attenuation_Median
68.766240 67.839786 68.919821 69.800450 70.030420 
Attenuation_Range
24.264707 18.673320 32.757365 15.767207 26.612148 
Traveling_Speed_Mean
0.701102 0.565251 3.412138 0.628397 0.694572 
Brush_Stroke_Median
0.033162 0.028444 0.130404 0.027686 0.032837 
Brush_Stroke_Range
0.007385 0.003880 0.059474 0.002935 0.005982 
Activity_Index_Median
12.512737 9.711266 115.494879 8.175455 12.372537 
Activity_Index_Range
8.551661 3.403427 136.114254 1.751354 8.342224 
Wave_Initiation_Rate_10
6.163830 6.183069 9.462364 5.445503 6.820333 
Body_Wave_Number_10
1.296374 1.777848 0.358454 1.522625 1.416393 
Asymmetry_10
-0.058223 0.011997 -0.002026 -0.016187 -0.108958 
Stretch_10
0.285764 0.294986 0.307495 0.318465 0.381908 
Attenuation_10
53.290547 57.481231 45.869620 59.093983 53.221841 
Brush_Stroke_10
0.029618 0.026700 0.106432 0.026801 0.030144 
Activity_Index_10
10.557074 8.378022 17.091776 7.324114 10.485728 
usability
0.994485 1.000000 0.998162 1.000000 0.998162 
status
valid
valid
valid
valid
valid
highThr
54.000000 41.000000 45.000000 53.000000 40.000000 
lowThr
38.000000 21.000000 16.000000 41.000000 23.000000 
prevThr
25.000000 25.000000 25.000000 25.000000 25.000000 
highThrDef
53.000000 41.000000 45.000000 53.000000 40.000000 
lowThrDef
38.000000 21.000000 16.000000 41.000000 23.000000 
prevThrDef
25.000000 25.000000 25.000000 25.000000 25.000000 
manualSeparators





separators
1   89   90   97   98  113  114  545
1  545
1  536  537  545
1   50   51  541  542  545
1  449  450  545
