fields 34
worms 6
Wave_Initiation_Rate_Median
68.729442 51.888542 15.962345 50.791712 26.571363 NaN 
Wave_Initiation_Rate_Range
34.993636 47.476757 26.068824 52.537800 22.646461 NaN 
Body_Wave_Number_Median
0.660189 0.788352 1.275852 0.839333 0.830593 NaN 
Body_Wave_Number_Range
0.280231 1.031139 0.897133 0.809323 1.082444 NaN 
Asymmetry_Median
0.024654 0.007571 0.037573 0.013305 -0.001445 NaN 
Asymmetry_Range
0.147006 0.114583 0.204374 0.147578 0.148871 NaN 
Reverse_Swimming
0.000000 9.935603 0.138889 0.000000 6.165414 NaN 
Curling
0.000000 1.561338 2.556818 0.000000 0.000000 NaN 
Stretch_Median
0.443099 0.445562 0.626455 0.480062 0.607272 NaN 
Stretch_Range
0.208993 0.359018 0.163766 0.212780 0.213000 NaN 
Attenuation_Median
53.226092 58.526528 41.938497 61.358680 61.877504 NaN 
Attenuation_Range
28.313223 27.022920 58.659058 21.039324 39.054971 NaN 
Traveling_Speed_Mean
8.203954 4.606747 0.498793 3.857650 2.146506 NaN 
Brush_Stroke_Median
0.272523 0.142029 0.067244 0.126992 0.059925 NaN 
Brush_Stroke_Range
0.160808 0.049082 0.031368 0.037896 0.021691 NaN 
Activity_Index_Median
245.811162 112.279250 38.040833 116.049875 72.034858 NaN 
Activity_Index_Range
137.200773 120.746377 72.769488 131.669838 77.692907 NaN 
Wave_Initiation_Rate_10
48.503077 19.910012 8.861030 13.827286 12.117883 NaN 
Body_Wave_Number_10
0.519491 0.223940 0.865750 0.496688 0.436207 NaN 
Asymmetry_10
-0.081860 -0.028392 -0.102911 -0.061716 -0.104807 NaN 
Stretch_10
0.371511 0.368906 0.530458 0.403551 0.506806 NaN 
Attenuation_10
37.554573 47.103556 -8.518435 48.381586 42.592161 NaN 
Brush_Stroke_10
0.229618 0.118610 0.048779 0.107053 0.046405 NaN 
Activity_Index_10
189.209674 38.998572 22.944437 35.173457 28.298968 NaN 
usability
0.987132 0.988971 0.647059 1.000000 0.854779 0.000000 
status
valid
valid
valid
valid
valid
rejected
highThr
69.000000 70.000000 75.000000 66.000000 67.000000 NaN 
lowThr
50.000000 46.000000 38.000000 50.000000 42.000000 0.000000 
prevThr
25.000000 25.000000 25.000000 25.000000 25.000000 25.000000 
highThrDef
69.000000 70.000000 75.000000 66.000000 67.000000 NaN 
lowThrDef
50.000000 46.000000 38.000000 50.000000 42.000000 0.000000 
prevThrDef
25.000000 25.000000 25.000000 25.000000 25.000000 25.000000 
manualSeparators






separators
1  174  175  195  196  487  488  495  498  501  545
1   11   16  176  177  188  189  190  191  244  245  462  463  497  498  545
1   23   24  121  122  127  128  167  168  171  172  201  239  240  241  242  243  245  250  299  321  420  436  446  449  450  454  455  461  477  481  482  501  530  531  545
1   23   24  545
1  420  436  446  461  477  481  482  501  545
1  481  482  545
