fields 34
worms 5
Wave_Initiation_Rate_Median
NaN 9.936837 52.926564 20.981023 77.647077 
Wave_Initiation_Rate_Range
NaN 12.582964 35.768131 22.048720 57.241351 
Body_Wave_Number_Median
NaN 1.616353 1.182210 1.163582 0.608585 
Body_Wave_Number_Range
NaN 0.991714 0.832869 0.903477 0.511274 
Asymmetry_Median
NaN -0.075011 -0.014144 -0.021123 0.007660 
Asymmetry_Range
NaN 0.150365 0.134579 0.231322 0.139500 
Reverse_Swimming
NaN 13.295129 5.796506 7.286109 16.614535 
Curling
NaN 0.000000 1.065089 0.000000 0.000000 
Stretch_Median
NaN 0.550297 0.433079 0.541259 0.484693 
Stretch_Range
NaN 0.254524 0.566357 0.167259 0.239391 
Attenuation_Median
NaN 66.609833 56.942576 53.849660 58.078738 
Attenuation_Range
NaN 49.645329 40.203096 47.950205 25.238276 
Traveling_Speed_Mean
NaN 1.751325 2.744573 1.956276 6.699842 
Brush_Stroke_Median
NaN 0.045660 0.047360 0.058308 0.110914 
Brush_Stroke_Range
NaN 0.018654 0.018666 0.017714 0.022986 
Activity_Index_Median
NaN 20.652343 124.376479 62.660121 235.732939 
Activity_Index_Range
NaN 21.570477 96.056823 67.058595 208.510015 
Wave_Initiation_Rate_10
NaN 7.489708 23.560602 10.021185 28.025585 
Body_Wave_Number_10
NaN 0.908964 0.584082 0.736233 0.305625 
Asymmetry_10
NaN -0.138778 -0.046700 -0.095660 -0.106693 
Stretch_10
NaN 0.455441 0.340541 0.452894 0.382732 
Attenuation_10
NaN 28.794659 32.488089 29.567205 41.551047 
Brush_Stroke_10
NaN 0.038470 0.036410 0.049278 0.098123 
Activity_Index_10
NaN 15.690436 48.561194 25.591544 72.091454 
usability
0.181985 0.950368 0.931985 1.000000 1.000000 
status
rejected
valid
valid
valid
valid
highThr
82.000000 79.000000 83.000000 69.000000 69.000000 
lowThr
49.000000 43.000000 52.000000 53.000000 51.000000 
prevThr
25.000000 25.000000 25.000000 25.000000 25.000000 
highThrDef
82.000000 79.000000 83.000000 69.000000 69.000000 
lowThrDef
49.000000 43.000000 52.000000 53.000000 51.000000 
prevThrDef
25.000000 25.000000 25.000000 25.000000 25.000000 
manualSeparators





separators
1   12   13   19   20   21   22   23   44   45   46   89   90   97   98  104  105  109  545
1   21   22  522  527  530  534  543  545
1  132  134  136  137  141  142  190  206  259  260  262  263  265  266  272  273  274  275  279  280  286  289  295  296  299  545
1  172  175  310  311  545
1    8   11  545
