fields 34
worms 5
Wave_Initiation_Rate_Median
49.308705 57.264033 NaN NaN 6.912338 
Wave_Initiation_Rate_Range
34.717661 43.726588 NaN NaN 1.334903 
Body_Wave_Number_Median
0.852172 0.697547 NaN NaN 1.828958 
Body_Wave_Number_Range
0.575469 0.879508 NaN NaN 0.138960 
Asymmetry_Median
-0.001260 0.003152 NaN NaN -0.102518 
Asymmetry_Range
0.118601 0.084558 NaN NaN 0.039197 
Reverse_Swimming
0.438757 0.000000 NaN NaN 0.000000 
Curling
9.906542 0.337079 NaN NaN 0.000000 
Stretch_Median
0.658237 0.547759 NaN NaN 0.361938 
Stretch_Range
0.247012 0.179093 NaN NaN 0.134245 
Attenuation_Median
51.958646 39.095285 NaN NaN 66.972040 
Attenuation_Range
18.924883 25.067200 NaN NaN 23.781846 
Traveling_Speed_Mean
0.845064 5.182368 NaN NaN 0.172981 
Brush_Stroke_Median
0.065357 0.150017 NaN NaN 0.029846 
Brush_Stroke_Range
0.036295 0.085577 NaN NaN 0.001815 
Activity_Index_Median
161.860991 160.097618 NaN NaN 10.035192 
Activity_Index_Range
115.236442 183.515918 NaN NaN 1.546609 
Wave_Initiation_Rate_10
32.336338 23.275615 NaN NaN 6.135120 
Body_Wave_Number_10
0.594111 0.556660 NaN NaN 1.761137 
Asymmetry_10
-0.066013 -0.042240 NaN NaN -0.119076 
Stretch_10
0.568842 0.472691 NaN NaN 0.312956 
Attenuation_10
43.234561 30.453185 NaN NaN 51.154622 
Brush_Stroke_10
0.053103 0.100832 NaN NaN 0.028715 
Activity_Index_10
114.727783 39.134126 NaN NaN 9.590584 
usability
0.590074 0.981618 0.933824 0.994485 0.954044 
status
valid
valid
rejected
rejected
valid
highThr
59.000000 50.000000 37.000000 38.000000 43.000000 
lowThr
19.000000 29.000000 24.000000 28.000000 25.000000 
prevThr
25.000000 25.000000 25.000000 25.000000 75.000000 
highThrDef
59.000000 50.000000 37.000000 38.000000 43.000000 
lowThrDef
19.000000 29.000000 24.000000 28.000000 25.000000 
prevThrDef
25.000000 25.000000 25.000000 25.000000 25.000000 
manualSeparators
62   63   65   66   69   70   71   72   80   81   89   90  122  123  345  346  347  348  349  350  351  360  361
512  513

302  303
302  303  304  103  104
separators
1   42   43   44   45   61   62   63   65   66   69   70   71   72   80   81   89   90   91   94   96   97  101  102  113  114  121  122  123  139  301  302  321  345  346  347  348  349  350  351  356  357  360  361  362  545
1  146  147  192  195  496  499  502  512  513  514  520  523  524  527  528  530  532  537  538  539  543  545
1  335  336  368  369  489  490  496  499  502  511  513  520  521  523  524  525  526  530  532  537  538  539  543  545
1    3    4  262  263  302  303  304  342  343  545
1   22   23   24   63   64  102  103  104  162  163  164  177  180  181  182  193  194  282  283  284  301  302  303  304  322  323  326  327  362  363  364  545
