fields 34
worms 5
Wave_Initiation_Rate_Median
15.160977 18.547280 15.156574 34.021792 51.104998 
Wave_Initiation_Rate_Range
11.278570 22.540056 13.684492 51.177722 51.576223 
Body_Wave_Number_Median
1.294516 1.262492 1.394208 0.888530 0.818514 
Body_Wave_Number_Range
1.150274 0.749379 1.119805 0.601449 0.734168 
Asymmetry_Median
-0.009536 -0.035369 0.003215 0.002033 0.030635 
Asymmetry_Range
0.216078 0.250351 0.209459 0.224896 0.149050 
Reverse_Swimming
10.211592 1.379945 5.354186 8.942042 5.685373 
Curling
0.000000 0.000000 0.000000 0.000000 0.111732 
Stretch_Median
0.609390 0.578147 0.519291 0.539259 0.412628 
Stretch_Range
0.129160 0.167486 0.158016 0.288872 0.177441 
Attenuation_Median
65.904807 73.859320 70.122203 68.245425 58.506570 
Attenuation_Range
26.275749 23.980203 36.719193 62.733378 28.477079 
Traveling_Speed_Mean
1.319798 1.916261 1.148067 3.019831 2.509292 
Brush_Stroke_Median
0.055583 0.075201 0.046777 0.058372 0.062453 
Brush_Stroke_Range
0.022362 0.023988 0.020092 0.021699 0.017006 
Activity_Index_Median
40.955581 43.199973 36.443300 83.531286 143.602259 
Activity_Index_Range
30.706744 55.443278 51.263146 128.006264 145.330754 
Wave_Initiation_Rate_10
8.747472 10.340907 9.795178 13.382997 13.774282 
Body_Wave_Number_10
0.463567 0.843238 0.655024 0.656842 0.498690 
Asymmetry_10
-0.145592 -0.143047 -0.128288 -0.089406 -0.023675 
Stretch_10
0.540782 0.509672 0.436328 0.356114 0.328325 
Attenuation_10
51.774520 57.487883 46.068574 25.779249 38.698561 
Brush_Stroke_10
0.044809 0.061221 0.037024 0.047736 0.054871 
Activity_Index_10
27.769269 23.899836 19.149550 22.230535 42.671242 
usability
0.998162 1.000000 0.996324 0.983456 0.987132 
status
valid
valid
valid
valid
valid
highThr
57.000000 67.000000 63.000000 66.000000 50.000000 
lowThr
41.000000 47.000000 47.000000 37.000000 31.000000 
prevThr
25.000000 25.000000 25.000000 25.000000 25.000000 
highThrDef
57.000000 67.000000 63.000000 66.000000 50.000000 
lowThrDef
41.000000 47.000000 47.000000 37.000000 31.000000 
prevThrDef
25.000000 25.000000 25.000000 25.000000 25.000000 
manualSeparators





separators
1  161  162  545
1  545
1  201  202  381  382  545
1  499  508  545
1   61   62   67   72   73   74  545
