fields 34
worms 6
Wave_Initiation_Rate_Median
32.691322 6.189166 20.229093 9.345594 14.597170 NaN 
Wave_Initiation_Rate_Range
20.546154 2.312916 20.869939 25.715484 14.782787 NaN 
Body_Wave_Number_Median
1.180645 1.929333 1.188645 1.546616 1.310746 NaN 
Body_Wave_Number_Range
0.627638 0.220018 0.784444 1.287903 0.669647 NaN 
Asymmetry_Median
-0.002992 -0.062885 0.025193 0.017395 0.005924 NaN 
Asymmetry_Range
0.185511 0.068059 0.108282 0.043508 0.264615 NaN 
Reverse_Swimming
0.000000 0.000000 5.850966 8.334867 2.870285 NaN 
Curling
0.000000 0.000000 0.000000 0.000000 0.000000 NaN 
Stretch_Median
0.549354 0.235539 0.517734 0.387838 0.584205 NaN 
Stretch_Range
0.166175 0.182787 0.188616 0.128651 0.179749 NaN 
Attenuation_Median
53.125952 69.089857 51.456812 85.387583 55.425444 NaN 
Attenuation_Range
18.422050 28.714431 30.249704 7.127213 32.174186 NaN 
Traveling_Speed_Mean
2.414341 0.394381 2.004233 1.029416 2.698650 NaN 
Brush_Stroke_Median
0.056025 0.027189 0.057323 0.037544 0.056671 NaN 
Brush_Stroke_Range
0.018967 0.004036 0.012292 0.010223 0.024352 NaN 
Activity_Index_Median
85.778805 8.407262 58.138071 18.450089 42.999935 NaN 
Activity_Index_Range
65.611497 4.791247 62.550667 48.095570 52.639787 NaN 
Wave_Initiation_Rate_10
14.449746 5.425780 12.130009 7.798588 9.247877 NaN 
Body_Wave_Number_10
0.919110 1.749094 0.840987 0.457567 0.969845 NaN 
Asymmetry_10
-0.118665 -0.073045 -0.008555 -0.001537 -0.104903 NaN 
Stretch_10
0.490042 0.177801 0.425969 0.321454 0.513798 NaN 
Attenuation_10
42.937557 54.059843 40.050593 80.729067 37.873160 NaN 
Brush_Stroke_10
0.048774 0.025710 0.049420 0.031904 0.043908 NaN 
Activity_Index_10
46.441542 7.035305 30.322488 14.396043 22.493103 NaN 
usability
1.000000 1.000000 1.000000 1.000000 1.000000 0.000000 
status
valid
valid
valid
valid
valid
rejected
highThr
65.000000 61.000000 64.000000 62.000000 66.000000 NaN 
lowThr
51.000000 48.000000 41.000000 47.000000 53.000000 0.000000 
prevThr
25.000000 25.000000 25.000000 25.000000 25.000000 25.000000 
highThrDef
65.000000 61.000000 64.000000 62.000000 66.000000 NaN 
lowThrDef
51.000000 48.000000 41.000000 47.000000 53.000000 0.000000 
prevThrDef
25.000000 25.000000 25.000000 25.000000 25.000000 25.000000 
manualSeparators






separators
1  545
1    2  101  102  121  122  521  522  545
1  545
1  501  502  545
1  161  162  405  406  545
1  545
