fields 34
worms 5
Wave_Initiation_Rate_Median
6.718935 NaN 17.711582 10.972357 NaN 
Wave_Initiation_Rate_Range
3.534669 NaN 24.018375 11.559349 NaN 
Body_Wave_Number_Median
1.813974 NaN 1.518843 1.413506 NaN 
Body_Wave_Number_Range
0.448136 NaN 0.983679 0.738352 NaN 
Asymmetry_Median
0.131526 NaN 0.006854 0.055423 NaN 
Asymmetry_Range
0.221945 NaN 0.149500 0.453191 NaN 
Reverse_Swimming
0.000000 NaN 7.727691 0.000000 NaN 
Curling
17.095588 NaN 0.555556 16.350711 NaN 
Stretch_Median
0.430716 NaN 0.630141 0.766253 NaN 
Stretch_Range
0.406414 NaN 0.290869 0.147260 NaN 
Attenuation_Median
71.455378 NaN 64.358181 45.740132 NaN 
Attenuation_Range
20.639480 NaN 33.970612 44.896022 NaN 
Traveling_Speed_Mean
0.896596 NaN 2.412745 1.733374 NaN 
Brush_Stroke_Median
0.032941 NaN 0.053019 0.058557 NaN 
Brush_Stroke_Range
0.011661 NaN 0.032303 0.018022 NaN 
Activity_Index_Median
11.040640 NaN 48.544343 39.102807 NaN 
Activity_Index_Range
7.072000 NaN 58.917213 40.288106 NaN 
Wave_Initiation_Rate_10
5.743215 NaN 8.601846 8.344149 NaN 
Body_Wave_Number_10
1.503307 NaN 0.800538 1.070995 NaN 
Asymmetry_10
0.025403 NaN -0.054105 -0.235699 NaN 
Stretch_10
0.271894 NaN 0.476569 0.668699 NaN 
Attenuation_10
59.415444 NaN 44.522609 32.388969 NaN 
Brush_Stroke_10
0.026883 NaN 0.040980 0.047306 NaN 
Activity_Index_10
8.693917 NaN 17.855190 23.711317 NaN 
usability
1.000000 0.404412 0.992647 0.775735 0.641544 
status
valid
rejected
valid
valid
rejected
highThr
65.000000 55.000000 69.000000 67.000000 62.000000 
lowThr
47.000000 7.000000 52.000000 35.000000 46.000000 
prevThr
25.000000 25.000000 25.000000 25.000000 25.000000 
highThrDef
65.000000 55.000000 69.000000 67.000000 62.000000 
lowThrDef
47.000000 7.000000 52.000000 35.000000 46.000000 
prevThrDef
25.000000 25.000000 25.000000 25.000000 25.000000 
manualSeparators


424  425
221  222  495

separators
1   21   22   41   42   61   62  114  115  117  121  157  158  545
1  207  218  221  222  321  322  330  331  334  335  525  526  545
1  418  421  422  423  424  425  428  430  545
1   61   62  128  129  130  134  141  142  181  182  221  222  223  225  226  264  265  274  275  380  381  421  422  477  478  495  500  501  545
1  207  401  402  545
