fields 34
worms 5
Wave_Initiation_Rate_Median
33.168915 20.322850 17.365315 19.576897 8.076589 
Wave_Initiation_Rate_Range
35.229327 21.183742 12.904701 22.888862 3.868548 
Body_Wave_Number_Median
1.311637 0.705755 1.232643 1.354989 1.765200 
Body_Wave_Number_Range
0.883368 1.087470 0.537952 0.919213 0.457461 
Asymmetry_Median
0.014863 0.063398 -0.024520 -0.029315 -0.067717 
Asymmetry_Range
0.118662 0.298361 0.157561 0.201624 0.145366 
Reverse_Swimming
0.000000 16.614535 1.324747 6.513339 0.000000 
Curling
5.133080 0.000000 0.000000 0.000000 1.382488 
Stretch_Median
0.518764 0.568352 0.526703 0.444624 0.628684 
Stretch_Range
0.280819 0.172235 0.115559 0.138416 0.368637 
Attenuation_Median
46.862711 64.089577 49.642738 49.503604 67.064309 
Attenuation_Range
49.196517 27.378802 37.947996 33.769844 21.276627 
Traveling_Speed_Mean
2.131789 2.118774 2.095476 1.454672 1.521907 
Brush_Stroke_Median
0.055125 0.067256 0.060376 0.050266 0.045984 
Brush_Stroke_Range
0.013393 0.021340 0.012705 0.026578 0.021756 
Activity_Index_Median
86.829823 67.096577 54.088616 45.746666 17.444238 
Activity_Index_Range
69.132790 83.844982 41.603911 49.349322 12.006972 
Wave_Initiation_Rate_10
11.078068 13.206623 10.421932 10.640677 6.791963 
Body_Wave_Number_10
0.689375 0.091309 0.957508 0.675156 1.470076 
Asymmetry_10
-0.024982 -0.127695 -0.076843 -0.097928 -0.147988 
Stretch_10
0.383552 0.450532 0.459110 0.370002 0.423922 
Attenuation_10
23.511481 48.917909 36.476361 37.994835 57.474228 
Brush_Stroke_10
0.047377 0.051902 0.053531 0.042310 0.035082 
Activity_Index_10
48.677235 34.446460 30.920734 27.149460 12.419346 
usability
0.966912 0.988971 0.998162 1.000000 0.797794 
status
valid
valid
valid
valid
valid
highThr
71.000000 62.000000 60.000000 63.000000 64.000000 
lowThr
37.000000 47.000000 40.000000 48.000000 30.000000 
prevThr
25.000000 25.000000 25.000000 25.000000 25.000000 
highThrDef
71.000000 62.000000 60.000000 63.000000 64.000000 
lowThrDef
37.000000 47.000000 40.000000 48.000000 26.000000 
prevThrDef
25.000000 25.000000 25.000000 25.000000 25.000000 
manualSeparators





separators
1   25   26   31   41   42   81   82  545
1   39   44   45  545
1   33   34  545
1  545
1   81   82  203  204  234  261  326  327  545
