fields 34
worms 4
Wave_Initiation_Rate_Median
125.465663 120.808235 119.009009 115.055390 
Wave_Initiation_Rate_Range
89.289214 32.933873 43.316286 26.713206 
Body_Wave_Number_Median
0.505106 0.539065 0.412973 0.512380 
Body_Wave_Number_Range
0.371276 0.210229 0.374254 0.250532 
Asymmetry_Median
-0.004662 -0.002888 0.006163 0.000177 
Asymmetry_Range
0.059472 0.048346 0.052743 0.046670 
Reverse_Swimming
1.159154 0.000000 3.377687 0.000000 
Curling
0.000000 0.000000 0.000000 0.000000 
Stretch_Median
0.352744 0.356019 0.333471 0.342891 
Stretch_Range
0.150107 0.194005 0.131344 0.158655 
Attenuation_Median
63.790089 65.682944 62.943650 57.531590 
Attenuation_Range
20.909865 17.441868 31.207800 19.079692 
Traveling_Speed_Mean
10.943608 11.534765 10.744184 9.221069 
Brush_Stroke_Median
0.175348 0.290363 0.251886 0.517546 
Brush_Stroke_Range
0.042703 0.034641 0.046730 0.290973 
Activity_Index_Median
312.233238 287.730819 271.777653 524.628896 
Activity_Index_Range
271.486326 81.951999 103.818063 304.785613 
Wave_Initiation_Rate_10
45.941193 101.818983 91.005621 93.784235 
Body_Wave_Number_10
0.344836 0.447004 0.224357 0.400152 
Asymmetry_10
-0.045279 -0.032230 -0.011962 -0.030267 
Stretch_10
0.273851 0.290834 0.282012 0.277132 
Attenuation_10
50.986002 56.405959 48.510415 48.569256 
Brush_Stroke_10
0.145164 0.274301 0.237389 0.266985 
Activity_Index_10
107.118080 235.965367 203.039482 274.507317 
usability
0.996324 1.000000 0.946691 0.919118 
status
valid
valid
valid
valid
highThr
47.000000 49.000000 53.000000 49.000000 
lowThr
30.000000 34.000000 20.000000 32.000000 
prevThr
25.000000 25.000000 25.000000 25.000000 
highThrDef
47.000000 49.000000 53.000000 49.000000 
lowThrDef
30.000000 34.000000 20.000000 32.000000 
prevThrDef
25.000000 25.000000 25.000000 25.000000 
manualSeparators




separators
1   98   99  139  140  545
1  545
1   67   68  324  327  328  386  387  388  392  393  401  402  507  512  513  519  521  522  545
1   41   42  427  429  444  445  545
