fields 34
worms 6
Wave_Initiation_Rate_Median
68.321911 75.310475 66.682779 62.583497 NaN NaN 
Wave_Initiation_Rate_Range
44.895990 27.071426 19.429552 33.014587 NaN NaN 
Body_Wave_Number_Median
0.532717 0.472256 0.606984 0.693544 NaN NaN 
Body_Wave_Number_Range
0.507873 0.232448 0.386052 0.375720 NaN NaN 
Asymmetry_Median
0.000239 0.007603 -0.020642 -0.001177 NaN NaN 
Asymmetry_Range
0.123775 0.067950 0.067613 0.044615 NaN NaN 
Reverse_Swimming
4.050955 0.000000 0.000000 4.787565 NaN NaN 
Curling
0.264901 0.000000 0.000000 0.692308 NaN NaN 
Stretch_Median
0.459588 0.421641 0.433230 0.432854 NaN NaN 
Stretch_Range
0.203023 0.168312 0.144443 0.162801 NaN NaN 
Attenuation_Median
75.585644 62.283891 79.518289 64.459226 NaN NaN 
Attenuation_Range
33.003618 19.152076 13.819578 31.008666 NaN NaN 
Traveling_Speed_Mean
3.874216 8.585253 6.396061 4.270818 NaN NaN 
Brush_Stroke_Median
0.153556 0.159584 0.144016 0.154505 NaN NaN 
Brush_Stroke_Range
0.083887 0.039024 0.057756 0.045720 NaN NaN 
Activity_Index_Median
155.712330 244.955566 163.988583 150.916982 NaN NaN 
Activity_Index_Range
136.318776 82.943979 56.524261 80.660373 NaN NaN 
Wave_Initiation_Rate_10
51.286301 58.873088 48.818779 33.824300 NaN NaN 
Body_Wave_Number_10
0.283022 0.365799 0.451401 0.479836 NaN NaN 
Asymmetry_10
-0.043516 -0.014217 -0.052614 -0.025425 NaN NaN 
Stretch_10
0.333726 0.350604 0.401819 0.397958 NaN NaN 
Attenuation_10
49.565277 51.301928 71.490377 47.440455 NaN NaN 
Brush_Stroke_10
0.101855 0.142509 0.126801 0.135250 NaN NaN 
Activity_Index_10
93.321800 197.513099 141.290290 98.069741 NaN NaN 
usability
0.832721 1.000000 1.000000 0.955882 0.623162 0.025735 
status
valid
valid
valid
valid
rejected
rejected
highThr
58.000000 57.000000 56.000000 63.000000 64.000000 180.000000 
lowThr
34.000000 40.000000 41.000000 33.000000 30.000000 19.000000 
prevThr
25.000000 25.000000 25.000000 25.000000 25.000000 25.000000 
highThrDef
58.000000 57.000000 56.000000 63.000000 64.000000 180.000000 
lowThrDef
34.000000 40.000000 41.000000 30.000000 30.000000 19.000000 
prevThrDef
25.000000 25.000000 25.000000 25.000000 25.000000 25.000000 
manualSeparators
256  257





separators
1   55   56   57   61   62   64   73   79   82   87   89   95   97   98  101  103  104  112  119  120  121  122  123  125  134  139  142  144  172  176  177  221  222  256  257  258  434  435  467  468  545
1  248  249  266  267  354  355  375  376  467  468  545
1  495  496  542  543  545
1  127  128  481  501  530  531  532  535  537  545
1    2    3    6   14   21   22   26   32   33   35   36   37   38   47   48   51   52   53   54   55   56   57   61   62   64   70   73   79   82   87   89   95   98   99  101  103  104  105  112  121  123  125  128  129  133  134  139  141  142  144  145  146  153  154  166  172  176  177  181  182  185  186  187  188  191  193  194  208  213  216  224  226  228  236  237  251  252  309  310  311  312  329  330  360  401  402  421  422  545
1  176  177  181  182  185  188  189  191  192  193  194  195  196  201  202  213  216  228  229  230  236  237  481  482  530  532  535  537  545
