fields 34
worms 4
Wave_Initiation_Rate_Median
26.167102 23.821576 12.170302 68.174263 
Wave_Initiation_Rate_Range
25.481927 24.034072 9.212745 48.108587 
Body_Wave_Number_Median
0.982146 0.911806 1.562203 0.561753 
Body_Wave_Number_Range
1.269036 1.129167 0.683741 0.382365 
Asymmetry_Median
0.022958 -0.007752 -0.040040 -0.028495 
Asymmetry_Range
0.160740 0.155308 0.175854 0.099916 
Reverse_Swimming
14.086379 11.629393 8.666053 3.073639 
Curling
9.545455 7.882353 0.000000 5.294118 
Stretch_Median
0.743200 0.617104 0.659622 0.485104 
Stretch_Range
0.205058 0.291578 0.131223 0.443827 
Attenuation_Median
53.136547 38.546157 70.819547 37.810080 
Attenuation_Range
36.261083 40.361537 25.205263 28.575064 
Traveling_Speed_Mean
1.703280 2.348274 1.917441 6.593146 
Brush_Stroke_Median
0.056621 0.092352 0.047649 0.217516 
Brush_Stroke_Range
0.011107 0.025877 0.018808 0.069245 
Activity_Index_Median
60.635052 67.327163 29.523882 201.493074 
Activity_Index_Range
56.923157 66.756449 26.777546 162.940958 
Wave_Initiation_Rate_10
13.794507 11.991621 8.259240 36.648058 
Body_Wave_Number_10
0.233993 0.160015 1.080802 0.314578 
Asymmetry_10
-0.117877 -0.065241 -0.108346 -0.081360 
Stretch_10
0.656973 0.537909 0.581587 0.412368 
Attenuation_10
30.727059 24.208355 56.169094 27.263424 
Brush_Stroke_10
0.050408 0.079670 0.041421 0.186762 
Activity_Index_10
45.905215 36.704905 20.133791 99.057502 
usability
0.889706 0.937500 1.000000 0.937500 
status
valid
valid
valid
valid
highThr
59.000000 49.000000 49.000000 62.000000 
lowThr
39.000000 31.000000 37.000000 31.000000 
prevThr
25.000000 25.000000 25.000000 25.000000 
highThrDef
59.000000 49.000000 49.000000 62.000000 
lowThrDef
39.000000 31.000000 37.000000 31.000000 
prevThrDef
25.000000 25.000000 25.000000 25.000000 
manualSeparators
160  161  330  331  480  481



separators
1  160  161  163  164  165  166  231  232  256  257  268  269  330  331  332  341  342  381  382  480  481  483  484  545
1  121  122  161  162  438  439  441  448  461  462  481  482  545
1  125  126  342  343  349  350  483  484  545
1  128  129  228  229  241  242  243  358  359  366  367  372  373  410  411  439  440  468  469  487  488  489  491  492  497  521  522  545
