fields 34
worms 3
Wave_Initiation_Rate_Median
96.905211 58.384476 123.311222 
Wave_Initiation_Rate_Range
57.824212 78.383922 66.831003 
Body_Wave_Number_Median
0.411992 0.191810 0.482725 
Body_Wave_Number_Range
0.486148 0.401246 0.762733 
Asymmetry_Median
-0.006034 -0.005640 0.001772 
Asymmetry_Range
0.126537 0.124924 0.063823 
Reverse_Swimming
0.000000 8.390064 0.000000 
Curling
0.000000 0.000000 0.000000 
Stretch_Median
0.485305 0.511600 0.394167 
Stretch_Range
0.302422 0.284385 0.250751 
Attenuation_Median
58.213556 60.118023 66.923045 
Attenuation_Range
25.785307 17.363339 24.989551 
Traveling_Speed_Mean
14.301278 7.526918 9.652509 
Brush_Stroke_Median
0.281002 0.317639 0.374139 
Brush_Stroke_Range
0.082763 0.110566 0.326224 
Activity_Index_Median
314.067324 198.983405 342.727183 
Activity_Index_Range
216.069062 254.056933 450.145607 
Wave_Initiation_Rate_10
67.611821 35.077672 68.298189 
Body_Wave_Number_10
0.237153 0.042188 0.097908 
Asymmetry_10
-0.103397 -0.059935 -0.045873 
Stretch_10
0.331620 0.349719 0.304450 
Attenuation_10
47.529892 52.866023 51.763123 
Brush_Stroke_10
0.242110 0.262969 0.313415 
Activity_Index_10
204.203775 113.451948 201.281687 
usability
0.998162 0.965074 0.917279 
status
valid
valid
valid
highThr
64.000000 65.000000 68.000000 
lowThr
41.000000 38.000000 22.000000 
prevThr
10.000000 25.000000 10.000000 
highThrDef
64.000000 65.000000 68.000000 
lowThrDef
41.000000 38.000000 22.000000 
prevThrDef
25.000000 25.000000 25.000000 
manualSeparators



separators
1  300  301  545
1   35   36   66   67   89   93   95   96   98  342  343  426  427  431  432  469  471  482  483  533  534  536  537  538  541  542  545
1   41  164  165  220  221  374  375  401  402  544  545
