fields 34
worms 4
Wave_Initiation_Rate_Median
82.307331 101.162002 98.513323 96.603381 
Wave_Initiation_Rate_Range
91.989661 47.208764 70.891232 62.015649 
Body_Wave_Number_Median
0.266034 0.341777 0.300418 0.442668 
Body_Wave_Number_Range
0.342025 0.351557 0.456112 0.310599 
Asymmetry_Median
0.011525 -0.032866 0.032259 0.021330 
Asymmetry_Range
0.079819 0.103737 0.103329 0.093164 
Reverse_Swimming
0.772769 1.711132 7.672493 4.802208 
Curling
0.000000 0.000000 0.000000 0.000000 
Stretch_Median
0.389376 0.380392 0.359014 0.358027 
Stretch_Range
0.207609 0.197308 0.186834 0.143376 
Attenuation_Median
68.738847 64.340157 63.579145 62.943017 
Attenuation_Range
21.335789 29.989188 39.560949 22.244172 
Traveling_Speed_Mean
7.828746 12.068331 12.875954 6.390763 
Brush_Stroke_Median
0.239516 0.293214 0.264148 0.308755 
Brush_Stroke_Range
0.107178 0.122252 0.124558 0.080035 
Activity_Index_Median
271.458180 276.207810 281.688521 251.800525 
Activity_Index_Range
257.130676 175.200161 231.294649 181.386031 
Wave_Initiation_Rate_10
37.192945 69.073878 64.626088 68.290293 
Body_Wave_Number_10
0.142701 0.128842 0.071923 0.285922 
Asymmetry_10
-0.028082 -0.084641 -0.019383 -0.020521 
Stretch_10
0.300250 0.292310 0.287447 0.308614 
Attenuation_10
58.505982 49.615829 40.073038 50.443227 
Brush_Stroke_10
0.170442 0.258297 0.219195 0.282086 
Activity_Index_10
136.688783 198.507729 167.559774 188.297119 
usability
0.981618 0.970588 0.968750 0.954044 
status
valid
valid
valid
valid
highThr
59.000000 55.000000 54.000000 48.000000 
lowThr
30.000000 25.000000 26.000000 31.000000 
prevThr
25.000000 15.000000 25.000000 10.000000 
highThrDef
59.000000 55.000000 54.000000 48.000000 
lowThrDef
30.000000 25.000000 26.000000 31.000000 
prevThrDef
25.000000 25.000000 25.000000 25.000000 
manualSeparators




separators
1  267  268  341  342  390  391  418  421  465  469  545
1  230  231  241  242  246  248  249  261  262  263  264  296  297  298  307  308  354  355  401  402  438  439  507  508  534  535  536  545
1   37   38   39   40   41   63   68   69   70   76   79   80  130  131  297  298  380  381  545
1  435  436  545
