fields 34
worms 7
Wave_Initiation_Rate_Median
33.824259 NaN 66.945707 67.099491 NaN 68.037928 NaN 
Wave_Initiation_Rate_Range
47.235087 NaN 32.468506 42.809300 NaN 24.719582 NaN 
Body_Wave_Number_Median
0.392601 NaN 0.666726 0.481023 NaN 0.527178 NaN 
Body_Wave_Number_Range
1.216539 NaN 0.403227 0.595037 NaN 0.369778 NaN 
Asymmetry_Median
0.003371 NaN -0.005492 -0.014633 NaN -0.020031 NaN 
Asymmetry_Range
0.150547 NaN 0.071476 0.074445 NaN 0.042627 NaN 
Reverse_Swimming
9.714811 NaN 0.000000 4.195032 NaN 0.000000 NaN 
Curling
0.332717 NaN 1.113173 0.000000 NaN 0.000000 NaN 
Stretch_Median
0.533261 NaN 0.387004 0.366676 NaN 0.405594 NaN 
Stretch_Range
0.269653 NaN 0.221373 0.185766 NaN 0.173741 NaN 
Attenuation_Median
59.756682 NaN 63.414909 60.224623 NaN 72.611879 NaN 
Attenuation_Range
66.449524 NaN 16.384426 33.280808 NaN 13.645208 NaN 
Traveling_Speed_Mean
5.490260 NaN 9.506570 10.079680 NaN 6.321447 NaN 
Brush_Stroke_Median
0.069088 NaN 0.088971 0.194209 NaN 0.225454 NaN 
Brush_Stroke_Range
0.033750 NaN 0.017525 0.060594 NaN 0.127551 NaN 
Activity_Index_Median
128.360762 NaN 291.624315 177.142045 NaN 233.864149 NaN 
Activity_Index_Range
159.265716 NaN 171.830963 143.259937 NaN 82.916691 NaN 
Wave_Initiation_Rate_10
11.681568 NaN 36.014939 29.810950 NaN 58.821283 NaN 
Body_Wave_Number_10
0.057876 NaN 0.393460 0.153218 NaN 0.317779 NaN 
Asymmetry_10
-0.074406 NaN -0.051374 -0.075344 NaN -0.041311 NaN 
Stretch_10
0.435454 NaN 0.319715 0.305023 NaN 0.331585 NaN 
Attenuation_10
14.541814 NaN 57.146840 36.432091 NaN 65.863521 NaN 
Brush_Stroke_10
0.052996 NaN 0.081157 0.170751 NaN 0.189570 NaN 
Activity_Index_10
42.771419 NaN 163.888666 69.827666 NaN 185.554417 NaN 
usability
0.994485 0.625000 0.990809 1.000000 0.222426 0.698529 0.040441 
status
valid
rejected
valid
valid
rejected
valid
rejected
highThr
72.000000 83.000000 78.000000 72.000000 148.000000 76.000000 99.000000 
lowThr
50.000000 10.000000 51.000000 54.000000 0.000000 50.000000 9.000000 
prevThr
25.000000 25.000000 25.000000 25.000000 25.000000 25.000000 25.000000 
highThrDef
72.000000 83.000000 78.000000 72.000000 148.000000 76.000000 99.000000 
lowThrDef
50.000000 10.000000 51.000000 54.000000 0.000000 36.000000 9.000000 
prevThrDef
25.000000 25.000000 25.000000 25.000000 25.000000 25.000000 25.000000 
manualSeparators
248  249

9  10   8   7




separators
1  166  167  248  249  251  254  255  436  439  545
1  119  120  121  124  125  140  153  160  161  169  181  182  212  213  214  232  233  286  295  296  351  352  405  406  412  416  417  418  419  421  422  440  451  452  461  501  504  505  508  509  520  545
1    2    7    8    9   10  371  372  545
1  122  123  322  323  324  325  545
1   63  121  122  124  125  140  153  160  161  169  212  213  214  286  545
1  101  102  104  111  117  124  129  130  131  138  146  151  161  178  179  306  309  357  361  372  373  525  526  527  535  541  542  543  545
1  241  242  259  260  270  271  273  301  302  361  362  401  402  412  417  418  419  421  440  461  462  501  505  508  509  520  541  542  545
