fields 34
worms 5
Wave_Initiation_Rate_Median
20.460500 31.716843 10.621266 52.071019 NaN 
Wave_Initiation_Rate_Range
23.957797 28.071539 10.691264 27.847395 NaN 
Body_Wave_Number_Median
1.111130 1.346937 1.365742 1.078085 NaN 
Body_Wave_Number_Range
1.253300 1.332758 0.748442 1.018119 NaN 
Asymmetry_Median
0.021760 -0.001024 -0.022554 0.008803 NaN 
Asymmetry_Range
0.223146 0.111842 0.211988 0.034058 NaN 
Reverse_Swimming
16.393744 12.916283 0.275989 3.593583 NaN 
Curling
0.000000 1.215470 0.000000 3.779528 NaN 
Stretch_Median
0.484847 0.609646 0.520310 0.503385 NaN 
Stretch_Range
0.175573 0.140028 0.186656 0.169676 NaN 
Attenuation_Median
58.798836 65.482968 48.999304 51.380905 NaN 
Attenuation_Range
45.289188 41.463486 27.095956 16.824290 NaN 
Traveling_Speed_Mean
2.015501 1.924529 1.546571 4.032930 NaN 
Brush_Stroke_Median
0.072950 0.081029 0.052609 0.108418 NaN 
Brush_Stroke_Range
0.040641 0.041416 0.014747 0.038957 NaN 
Activity_Index_Median
50.715988 74.620684 26.867309 118.103975 NaN 
Activity_Index_Range
65.356165 78.824740 37.209711 76.719484 NaN 
Wave_Initiation_Rate_10
7.551945 11.455090 8.691270 35.809210 NaN 
Body_Wave_Number_10
0.462804 0.423904 0.889052 0.252359 NaN 
Asymmetry_10
-0.131189 -0.076974 -0.110684 -0.006407 NaN 
Stretch_10
0.439561 0.538585 0.459408 0.439065 NaN 
Attenuation_10
32.167510 33.477111 37.520518 43.183909 NaN 
Brush_Stroke_10
0.055975 0.064948 0.045956 0.096215 NaN 
Activity_Index_10
14.004227 31.566583 22.527865 94.779003 NaN 
usability
1.000000 0.998162 1.000000 0.933824 0.000000 
status
valid
valid
valid
valid
rejected
highThr
61.000000 59.000000 60.000000 60.000000 NaN 
lowThr
45.000000 42.000000 40.000000 42.000000 0.000000 
prevThr
25.000000 25.000000 25.000000 25.000000 25.000000 
highThrDef
61.000000 59.000000 60.000000 60.000000 NaN 
lowThrDef
45.000000 42.000000 40.000000 42.000000 0.000000 
prevThrDef
25.000000 25.000000 25.000000 25.000000 25.000000 
manualSeparators

490  491

282  283  288  289  287  286

separators
1  452  453  545
1  159  160  490  491  497  498  545
1  545
1  268  269  281  282  283  286  287  288  289  293  301  302  321  322  341  342  347  348  545
1  221  222  545
