fields 34
worms 5
Wave_Initiation_Rate_Median
8.088907 21.074416 9.550613 8.635122 67.624530 
Wave_Initiation_Rate_Range
2.374680 22.281490 5.336957 4.710606 55.129087 
Body_Wave_Number_Median
1.756071 1.089309 1.539598 1.693426 0.697879 
Body_Wave_Number_Range
0.287773 0.754857 0.977574 0.526792 0.524394 
Asymmetry_Median
0.109119 -0.025100 0.011073 0.030892 -0.002118 
Asymmetry_Range
0.090887 0.125505 0.099425 0.134807 0.075709 
Reverse_Swimming
0.000000 15.952162 1.324747 3.367065 6.458142 
Curling
0.000000 0.000000 0.000000 0.000000 0.000000 
Stretch_Median
0.346026 0.456115 0.441564 0.388472 0.391310 
Stretch_Range
0.212830 0.179001 0.084923 0.204718 0.129277 
Attenuation_Median
73.180949 71.931241 57.889278 56.252528 50.585093 
Attenuation_Range
11.989107 37.434454 17.944861 34.725338 28.236940 
Traveling_Speed_Mean
0.992977 1.232260 1.202919 0.708857 4.585501 
Brush_Stroke_Median
0.038583 0.056452 0.041769 0.036211 0.051805 
Brush_Stroke_Range
0.012585 0.023641 0.017997 0.013399 0.037958 
Activity_Index_Median
16.332510 60.315272 20.370949 15.219901 169.515328 
Activity_Index_Range
7.014125 48.766352 11.124935 12.049946 240.410112 
Wave_Initiation_Rate_10
7.243710 11.377172 7.822300 6.835111 25.579002 
Body_Wave_Number_10
1.586778 0.716799 0.830541 1.329515 0.380580 
Asymmetry_10
0.042699 -0.107474 -0.048330 -0.047217 -0.029513 
Stretch_10
0.266439 0.375074 0.395329 0.314265 0.319422 
Attenuation_10
69.532733 45.650251 48.775419 39.612322 36.253711 
Brush_Stroke_10
0.034848 0.043661 0.035958 0.031331 0.039231 
Activity_Index_10
13.694211 31.313762 16.531633 11.358962 60.677020 
usability
0.998162 1.000000 0.998162 1.000000 0.998162 
status
valid
valid
valid
valid
valid
highThr
61.000000 66.000000 42.000000 39.000000 47.000000 
lowThr
42.000000 48.000000 26.000000 19.000000 31.000000 
prevThr
25.000000 25.000000 25.000000 25.000000 25.000000 
highThrDef
61.000000 66.000000 42.000000 39.000000 47.000000 
lowThrDef
42.000000 48.000000 26.000000 19.000000 31.000000 
prevThrDef
25.000000 25.000000 25.000000 25.000000 25.000000 
manualSeparators





separators
1  441  442  545
1  545
1  410  411  545
1  545
1  349  350  545
