fields 34
worms 6
Wave_Initiation_Rate_Median
66.715113 69.200975 65.562949 51.676928 NaN NaN 
Wave_Initiation_Rate_Range
40.165479 15.771480 58.353825 5.026377 NaN NaN 
Body_Wave_Number_Median
0.575263 0.665276 0.543803 0.864369 NaN NaN 
Body_Wave_Number_Range
0.583277 0.194102 0.501816 0.317510 NaN NaN 
Asymmetry_Median
-0.033617 -0.006372 0.009134 -0.012406 NaN NaN 
Asymmetry_Range
0.149328 0.081809 0.109774 0.041233 NaN NaN 
Reverse_Swimming
5.249237 0.000000 3.091076 0.000000 NaN NaN 
Curling
0.227273 0.000000 0.909091 0.000000 NaN NaN 
Stretch_Median
0.514122 0.415754 0.403964 0.522353 NaN NaN 
Stretch_Range
0.240722 0.127501 0.284006 0.139213 NaN NaN 
Attenuation_Median
70.959059 67.246584 65.936928 58.788735 NaN NaN 
Attenuation_Range
18.244398 15.888294 25.765798 18.172973 NaN NaN 
Traveling_Speed_Mean
6.170212 12.423710 8.718874 6.674253 NaN NaN 
Brush_Stroke_Median
0.164931 0.196693 0.211203 0.143389 NaN NaN 
Brush_Stroke_Range
0.035581 0.046110 0.084819 0.030435 NaN NaN 
Activity_Index_Median
175.114311 209.065753 197.299515 156.673449 NaN NaN 
Activity_Index_Range
126.875808 54.376885 204.026873 52.404749 NaN NaN 
Wave_Initiation_Rate_10
28.285132 67.971049 16.663205 47.699943 NaN NaN 
Body_Wave_Number_10
0.133989 0.544315 0.300993 0.674101 NaN NaN 
Asymmetry_10
-0.064393 -0.039843 -0.019588 -0.036324 NaN NaN 
Stretch_10
0.401009 0.355279 0.287710 0.451714 NaN NaN 
Attenuation_10
59.366612 59.654727 51.014890 52.797904 NaN NaN 
Brush_Stroke_10
0.145075 0.173909 0.163784 0.130003 NaN NaN 
Activity_Index_10
67.909328 189.562063 47.691035 133.518912 NaN NaN 
usability
0.970588 0.880515 0.970588 0.976103 0.604779 0.490809 
status
valid
valid
valid
valid
rejected
rejected
highThr
72.000000 77.000000 79.000000 82.000000 82.000000 40.000000 
lowThr
44.000000 47.000000 49.000000 51.000000 48.000000 7.000000 
prevThr
25.000000 25.000000 25.000000 25.000000 25.000000 25.000000 
highThrDef
72.000000 77.000000 79.000000 82.000000 82.000000 40.000000 
lowThrDef
41.000000 43.000000 49.000000 51.000000 19.000000 7.000000 
prevThrDef
25.000000 25.000000 25.000000 25.000000 25.000000 25.000000 
manualSeparators






separators
1  238  239  284  285  309  320  349  351  461  462  533  534  545
1    5   10   80   81   82   83  151  153  157  222  223  356  358  372  374  415  421  422  423  424  429  437  440  441  442  444  445  447  465  466  475  481  482  484  495  496  497  498  545
1  113  114  190  193  343  345  415  421  423  424  429  435  437  438  440  441  442  444  445  447  465  466  475  481  482  484  485  495  496  497  498  545
1  119  121  261  272  545
1    5   10   11   21   22   30   41   42   74   84   85   92   93   96  112  113  138  142  143  155  156  159  160  172  211  212  213  224  227  228  229  253  254  270  272  274  275  276  277  278  305  306  309  320  321  322  334  340  352  356  358  372  374  387  388  389  401  473  477  478  479  482  484  513  514  530  531  533  534  535  542  544  545
1   50   51  145  146  148  149  152  153  158  159  213  214  231  232  275  301  302  545
