fields 34
worms 5
Wave_Initiation_Rate_Median
67.466223 69.552321 66.083010 67.144231 65.025711 
Wave_Initiation_Rate_Range
35.162564 35.047866 27.681837 17.740377 25.726052 
Body_Wave_Number_Median
0.669674 0.731474 0.588766 0.675152 0.442405 
Body_Wave_Number_Range
0.537160 0.525288 0.253802 0.297175 0.337513 
Asymmetry_Median
0.008572 -0.010658 0.017040 -0.007026 -0.017182 
Asymmetry_Range
0.092173 0.109672 0.070496 0.087032 0.101572 
Reverse_Swimming
10.818767 0.000000 0.000000 1.373391 7.508855 
Curling
0.000000 0.000000 0.000000 1.019417 0.707547 
Stretch_Median
0.416988 0.417396 0.413694 0.446633 0.522789 
Stretch_Range
0.181499 0.230400 0.129924 0.134281 0.196758 
Attenuation_Median
68.540389 65.222722 55.275412 65.071036 70.540774 
Attenuation_Range
43.077749 26.611114 29.070292 24.284458 44.686173 
Traveling_Speed_Mean
6.676471 6.300319 10.174625 5.315878 5.558763 
Brush_Stroke_Median
0.166179 0.116922 0.187822 0.173157 0.086626 
Brush_Stroke_Range
0.089755 0.060737 0.074657 0.135996 0.016481 
Activity_Index_Median
154.717263 180.241916 179.297247 231.843102 261.050808 
Activity_Index_Range
106.914489 89.080107 120.574792 191.807990 132.396837 
Wave_Initiation_Rate_10
33.670317 46.649898 41.280577 50.290743 42.316811 
Body_Wave_Number_10
0.319219 0.522336 0.431884 0.472606 0.229772 
Asymmetry_10
-0.018239 -0.094124 -0.031307 -0.040857 -0.058522 
Stretch_10
0.363316 0.346282 0.365221 0.396784 0.432123 
Attenuation_10
33.182096 53.858996 41.330571 56.476125 38.611166 
Brush_Stroke_10
0.129095 0.094978 0.160385 0.126757 0.078327 
Activity_Index_10
105.362198 140.985277 105.320360 161.584294 173.267264 
usability
0.992647 1.000000 1.000000 0.757353 0.779412 
status
valid
valid
valid
valid
valid
highThr
60.000000 57.000000 61.000000 72.000000 64.000000 
lowThr
41.000000 39.000000 43.000000 38.000000 46.000000 
prevThr
25.000000 25.000000 19.000000 25.000000 25.000000 
highThrDef
59.000000 56.000000 61.000000 72.000000 64.000000 
lowThrDef
39.000000 39.000000 43.000000 23.000000 46.000000 
prevThrDef
25.000000 25.000000 25.000000 25.000000 25.000000 
manualSeparators



402

separators
1   59   61  118  120  350  351  545
1  545
1  545
1   41   62   63  248  249  354  355  359  361  363  365  378  381  402  405  406  410  416  421  432  433  440  441  443  444  446  481  482  545
1  121  122  491  492  545
