fields 34
worms 5
Wave_Initiation_Rate_Median
73.381634 71.957883 82.673321 82.525053 74.154186 
Wave_Initiation_Rate_Range
33.510264 16.555508 41.809264 29.431672 18.217843 
Body_Wave_Number_Median
0.500079 0.444718 0.367036 0.416054 0.468236 
Body_Wave_Number_Range
0.248888 0.175426 0.373352 0.254545 0.276925 
Asymmetry_Median
-0.005146 -0.017937 0.025196 -0.012506 0.010680 
Asymmetry_Range
0.069413 0.064685 0.086026 0.063000 0.124056 
Reverse_Swimming
0.000000 0.000000 5.961362 0.000000 0.000000 
Curling
0.000000 0.000000 1.455224 0.000000 0.000000 
Stretch_Median
0.393839 0.423205 0.400814 0.374618 0.436406 
Stretch_Range
0.128625 0.119372 0.219358 0.112231 0.126645 
Attenuation_Median
59.169491 66.290224 53.227328 56.487032 68.079987 
Attenuation_Range
18.689632 16.643768 40.829306 21.153669 16.937771 
Traveling_Speed_Mean
7.850816 5.204032 7.122721 6.028325 6.032166 
Brush_Stroke_Median
0.178263 0.175089 0.244415 0.220075 0.306248 
Brush_Stroke_Range
0.030964 0.026066 0.044627 0.035497 0.139107 
Activity_Index_Median
219.079397 210.643993 219.370844 217.831364 271.424977 
Activity_Index_Range
100.656658 52.546944 84.123813 72.585206 188.531153 
Wave_Initiation_Rate_10
67.516515 67.222230 53.530624 67.577169 66.485936 
Body_Wave_Number_10
0.370829 0.376977 0.157391 0.254417 0.287995 
Asymmetry_10
-0.021532 -0.040982 -0.036748 -0.040304 -0.085306 
Stretch_10
0.327516 0.373742 0.333774 0.321944 0.392607 
Attenuation_10
50.636631 58.526938 25.409133 46.434265 58.369685 
Brush_Stroke_10
0.163367 0.163429 0.227570 0.202965 0.215382 
Activity_Index_10
183.486629 189.159781 163.715856 184.075473 190.109673 
usability
0.996324 0.966912 0.985294 0.915441 0.795956 
status
valid
valid
valid
valid
valid
highThr
52.000000 52.000000 52.000000 53.000000 59.000000 
lowThr
35.000000 31.000000 27.000000 27.000000 32.000000 
prevThr
25.000000 25.000000 25.000000 25.000000 25.000000 
highThrDef
52.000000 52.000000 52.000000 53.000000 59.000000 
lowThrDef
35.000000 31.000000 27.000000 27.000000 32.000000 
prevThrDef
25.000000 25.000000 25.000000 25.000000 25.000000 
manualSeparators




444
separators
1  148  149  182  183  545
1   82   83   84   87  213  214  224  226  258  259  288  289  302  303  325  326  335  336  398  400  420  421  435  437  500  501  545
1   40   41  273  274  324  326  336  337  436  437  492  493  533  534  545
1  228  229  230  231  232  303  304  314  317  331  333  340  341  343  348  351  357  359  361  364  369  370  374  376  382  404  405  406  408  409  410  411  412  413  545
1   41   42  212  213  224  226  231  232  314  317  331  333  334  340  341  343  348  349  350  351  353  357  358  359  361  364  369  370  374  376  377  378  382  401  403  406  410  411  412  444  460  461  462  545
