fields 34
worms 5
Wave_Initiation_Rate_Median
159.310419 146.953319 130.140910 120.940212 95.920434 
Wave_Initiation_Rate_Range
43.839748 139.797253 77.437609 97.051861 98.870630 
Body_Wave_Number_Median
0.587453 0.595297 0.494911 0.553296 0.370926 
Body_Wave_Number_Range
0.389896 1.197686 0.282062 0.549047 0.719404 
Asymmetry_Median
-0.004868 0.011003 0.007064 0.003055 -0.012171 
Asymmetry_Range
0.031453 0.083998 0.037306 0.030823 0.061127 
Reverse_Swimming
0.000000 0.079470 0.000000 0.000000 10.454545 
Curling
0.000000 2.516556 0.000000 0.000000 0.000000 
Stretch_Median
0.282223 0.324231 0.381443 0.385377 0.371027 
Stretch_Range
0.173350 0.292320 0.277475 0.164797 0.215227 
Attenuation_Median
77.783762 65.294895 79.464320 76.818756 68.782094 
Attenuation_Range
15.090101 31.430882 11.065993 18.251597 23.087688 
Traveling_Speed_Mean
22.438985 7.198607 13.140508 8.309352 14.363386 
Brush_Stroke_Median
0.365620 0.044751 0.204336 0.257334 0.449374 
Brush_Stroke_Range
0.118911 0.043024 0.337748 0.064839 0.277757 
Activity_Index_Median
401.110252 318.273778 365.667906 276.080860 304.581983 
Activity_Index_Range
188.881502 338.832390 754.317494 252.893620 536.497864 
Wave_Initiation_Rate_10
138.510955 15.059575 59.763932 38.320003 55.468779 
Body_Wave_Number_10
0.357209 0.291298 0.366175 0.422776 0.078349 
Asymmetry_10
-0.022418 -0.001954 -0.011743 -0.009005 -0.043876 
Stretch_10
0.223786 0.247364 0.318647 0.311044 0.299002 
Attenuation_10
69.231838 47.960486 71.801266 65.293556 55.865300 
Brush_Stroke_10
0.286475 0.032272 0.167765 0.227836 0.343302 
Activity_Index_10
294.463176 35.784833 137.826036 71.591773 123.010878 
usability
0.963235 0.832721 0.954044 0.970588 0.884191 
status
valid
valid
valid
valid
valid
highThr
63.000000 66.000000 66.000000 64.000000 61.000000 
lowThr
35.000000 29.000000 33.000000 48.000000 25.000000 
prevThr
10.000000 25.000000 10.000000 25.000000 10.000000 
highThrDef
63.000000 66.000000 66.000000 64.000000 61.000000 
lowThrDef
35.000000 29.000000 33.000000 48.000000 25.000000 
prevThrDef
25.000000 25.000000 25.000000 25.000000 25.000000 
manualSeparators

284  441



separators
1  201  202  203  221  545
1   89   90  134  137  161  162  228  229  284  294  295  296  300  301  374  375  409  410  411  441  446  447  545
1    6    7   22   23   24   28   29   30   33   35   36   37   39   41   45   46  197  198  199  200  216  217  446  447  448  462  464  522  523  545
1   27   28   81   82   91   92  163  164  197  198  199  200  229  231  252  253  304  305  381  382  484  485  493  494  508  509  533  534  544  545
1  159  160  368  381  382  421  423  461  462  521  522  527  528  531  532  536  538  539  541  545
