fields 34
worms 5
Wave_Initiation_Rate_Median
69.811510 89.926187 99.130324 101.873301 NaN 
Wave_Initiation_Rate_Range
47.226429 34.279183 34.461250 58.401158 NaN 
Body_Wave_Number_Median
0.469178 0.402192 0.509367 0.495451 NaN 
Body_Wave_Number_Range
0.321112 0.344429 0.295727 0.481216 NaN 
Asymmetry_Median
-0.019805 -0.008558 0.003862 -0.005107 NaN 
Asymmetry_Range
0.100367 0.084446 0.059560 0.070166 NaN 
Reverse_Swimming
7.672493 0.000000 1.973279 5.270758 NaN 
Curling
1.679104 2.022472 0.116959 1.355236 NaN 
Stretch_Median
0.447388 0.396919 0.398076 0.417259 NaN 
Stretch_Range
0.260374 0.249801 0.156401 0.197676 NaN 
Attenuation_Median
56.106485 55.413138 56.339686 54.322937 NaN 
Attenuation_Range
55.878846 30.351522 19.865120 38.354184 NaN 
Traveling_Speed_Mean
7.538440 8.905612 8.593782 5.357816 NaN 
Brush_Stroke_Median
0.209184 0.217074 0.264655 0.219129 NaN 
Brush_Stroke_Range
0.070279 0.037298 0.050625 0.127913 NaN 
Activity_Index_Median
216.587257 241.112046 252.949197 304.280052 NaN 
Activity_Index_Range
106.586602 97.159731 94.664000 235.024762 NaN 
Wave_Initiation_Rate_10
53.387308 67.733224 67.470925 54.643294 NaN 
Body_Wave_Number_10
0.286029 0.172280 0.344771 0.171457 NaN 
Asymmetry_10
-0.084186 -0.062329 -0.015676 -0.051968 NaN 
Stretch_10
0.349145 0.343121 0.343823 0.336618 NaN 
Attenuation_10
9.434582 35.053656 43.183949 38.065368 NaN 
Brush_Stroke_10
0.185305 0.196057 0.242064 0.170604 NaN 
Activity_Index_10
162.699293 177.755219 194.141613 200.184148 NaN 
usability
0.985294 0.981618 0.943015 0.895221 0.415441 
status
valid
valid
valid
valid
rejected
highThr
48.000000 49.000000 53.000000 53.000000 47.000000 
lowThr
27.000000 23.000000 19.000000 20.000000 12.000000 
prevThr
25.000000 25.000000 25.000000 25.000000 25.000000 
highThrDef
48.000000 49.000000 53.000000 53.000000 47.000000 
lowThrDef
27.000000 23.000000 19.000000 16.000000 12.000000 
prevThrDef
25.000000 25.000000 25.000000 25.000000 25.000000 
manualSeparators





separators
1    3    4   10   11  194  195  282  283  305  306  421  422  538  539  540  541  545
1  119  120  121  122  381  382  384  385  466  467  500  501  532  533  541  542  545
1   88   89  222  223  461  463  464  466  467  474  475  478  479  493  494  504  512  515  518  519  520  525  526  530  531  539  540  541  542  545
1  101  105  106  110  111  121  122  131  132  162  164  177  178  315  341  342  465  466  500  502  503  504  505  506  523  524  545
1   81   82  113  121  122  136  137  139  140  172  173  174  181  182  250  251  312  313  314  316  317  318  319  331  332  501  502  504  511  512  513  514  519  545
