fields 34
worms 4
Wave_Initiation_Rate_Median
NaN 113.382009 102.046025 102.352978 
Wave_Initiation_Rate_Range
NaN 94.409509 1.400196 21.476672 
Body_Wave_Number_Median
NaN 0.387801 0.442119 0.354383 
Body_Wave_Number_Range
NaN 0.597024 0.428693 0.367153 
Asymmetry_Median
NaN 0.005383 0.013313 0.012006 
Asymmetry_Range
NaN 0.074016 0.028393 0.052848 
Reverse_Swimming
NaN 1.103956 0.000000 0.000000 
Curling
NaN 0.000000 0.000000 0.000000 
Stretch_Median
NaN 0.416452 0.323004 0.326383 
Stretch_Range
NaN 0.301142 0.101574 0.156094 
Attenuation_Median
NaN 76.299550 55.912342 65.129380 
Attenuation_Range
NaN 21.143046 30.748719 23.825304 
Traveling_Speed_Mean
NaN 6.716603 2.411781 13.290953 
Brush_Stroke_Median
NaN 0.087329 0.280159 0.284974 
Brush_Stroke_Range
NaN 0.029174 0.035450 0.086724 
Activity_Index_Median
NaN 244.265664 285.162811 279.054373 
Activity_Index_Range
NaN 235.962771 37.279933 90.419900 
Wave_Initiation_Rate_10
NaN 31.624385 101.097199 98.287907 
Body_Wave_Number_10
NaN 0.217575 0.230610 0.198369 
Asymmetry_10
NaN -0.027465 0.001055 -0.018924 
Stretch_10
NaN 0.288377 0.278510 0.260921 
Attenuation_10
NaN 62.472601 40.079190 50.918770 
Brush_Stroke_10
NaN 0.070787 0.267896 0.260032 
Activity_Index_10
NaN 59.832967 271.926491 231.358449 
usability
0.000000 0.922794 0.954044 0.954044 
status
rejected
valid
valid
valid
highThr
50.000000 57.000000 51.000000 45.000000 
lowThr
30.000000 23.000000 28.000000 22.000000 
prevThr
10.000000 25.000000 20.000000 10.000000 
highThrDef
50.000000 57.000000 51.000000 45.000000 
lowThrDef
16.000000 23.000000 28.000000 22.000000 
prevThrDef
25.000000 25.000000 25.000000 25.000000 
manualSeparators




separators
1   25   26   27   42   44   53   54   63   64   65   68   71   72   73   74   83   84   85   86   92   93   94   95  100  103  104  107  111  112  113  115  116  120  123  124  125  133  134  136  137  141  142  143  144  147  149  154  155  156  188  189  196  197  206  207  286  287  296  297  308  311  312  314  326  329  330  331  337  348  349  350  359  361  363  364  372  373  378  379  380  382  386  387  388  392  394  396  397  401  402  403  404  409  416  418  422  423  444  451  452  453  454  468  469  490  491  496  497  500  501  544  545
1   50   51   53   54   57   58   61   62   89   90   91   92   98   99  107  108  115  116  118  119  124  125  133  134  136  137  141  142  149  150  155  156  160  161  167  168  171  172  173  174  187  188  190  191  193  194  262  263  268  269  271  272  279  280  289  290  397  398  402  403  410  411  412  418  419  420  425  427  428  451  452  466  467  486  487  492  493  519  520  545
1   42   43  545
1   76   77  129  130  185  186  187  188  195  197  198  202  203  228  229  418  419  545
