fields 34
worms 3
Wave_Initiation_Rate_Median
51.367289 67.842221 118.638437 
Wave_Initiation_Rate_Range
94.677269 81.886593 21.045352 
Body_Wave_Number_Median
0.173156 0.334772 0.628815 
Body_Wave_Number_Range
0.526200 0.460140 0.281837 
Asymmetry_Median
-0.020598 -0.013253 -0.011220 
Asymmetry_Range
0.177912 0.152318 0.035091 
Reverse_Swimming
8.831647 3.020979 0.000000 
Curling
3.483146 3.443709 0.000000 
Stretch_Median
0.614638 0.561007 0.373113 
Stretch_Range
0.338144 0.326822 0.123269 
Attenuation_Median
61.550921 63.740492 64.853486 
Attenuation_Range
32.297446 28.526054 16.921773 
Traveling_Speed_Mean
10.993704 5.604522 7.456102 
Brush_Stroke_Median
0.344285 0.289747 0.053808 
Brush_Stroke_Range
0.450259 0.303810 0.016948 
Activity_Index_Median
203.648427 343.859198 319.737620 
Activity_Index_Range
439.356606 579.791883 118.929536 
Wave_Initiation_Rate_10
18.326237 46.554391 101.749073 
Body_Wave_Number_10
0.027224 0.132719 0.499272 
Asymmetry_10
-0.116553 -0.076547 -0.034793 
Stretch_10
0.383359 0.428388 0.321005 
Attenuation_10
39.079609 48.526379 56.411029 
Brush_Stroke_10
0.251855 0.222472 0.050277 
Activity_Index_10
53.635053 114.853295 276.702640 
usability
0.981618 0.832721 0.952206 
status
valid
valid
valid
highThr
60.000000 68.000000 60.000000 
lowThr
35.000000 22.000000 42.000000 
prevThr
10.000000 10.000000 25.000000 
highThrDef
60.000000 68.000000 60.000000 
lowThrDef
35.000000 22.000000 42.000000 
prevThrDef
25.000000 25.000000 25.000000 
manualSeparators


227
separators
1   23   24   27   29   75   76  222  223  254  255  357  358  446  447  472  473  534  535  545
1    9   10  126  127  141  143  161  162  211  221  222  236  237  238  239  329  330  332  333  388  390  391  438  439  456  501  502  503  507  508  512  513  545
1   68   69  175  176  185  186  203  204  217  218  227  231  232  239  240  293  294  311  312  342  343  344  345  364  365  403  404  414  415  544  545
