fields 34
worms 5
Wave_Initiation_Rate_Median
34.498926 12.338779 9.033567 21.246617 NaN 
Wave_Initiation_Rate_Range
21.161906 11.653102 4.235667 42.023007 NaN 
Body_Wave_Number_Median
1.249551 1.362279 1.762248 0.827571 NaN 
Body_Wave_Number_Range
0.580999 0.611942 0.374366 0.987561 NaN 
Asymmetry_Median
0.020115 -0.013738 0.043429 -0.039028 NaN 
Asymmetry_Range
0.082569 0.208283 0.019216 0.203955 NaN 
Reverse_Swimming
3.422263 0.000000 0.000000 3.753724 NaN 
Curling
2.107209 0.000000 0.000000 1.920000 NaN 
Stretch_Median
0.561884 0.471501 0.419400 0.512876 NaN 
Stretch_Range
0.251763 0.166113 0.252867 0.235503 NaN 
Attenuation_Median
52.546839 52.360681 84.075760 41.856311 NaN 
Attenuation_Range
20.172608 44.871951 7.668239 33.390612 NaN 
Traveling_Speed_Mean
2.742169 2.020113 0.506155 5.240285 NaN 
Brush_Stroke_Median
0.075027 0.045394 0.026395 0.126264 NaN 
Brush_Stroke_Range
0.017047 0.015069 0.001370 0.057201 NaN 
Activity_Index_Median
75.326945 34.096359 12.076086 72.434523 NaN 
Activity_Index_Range
21.324543 28.600630 5.872007 149.024654 NaN 
Wave_Initiation_Rate_10
14.260464 8.855355 7.418659 11.124955 NaN 
Body_Wave_Number_10
0.996056 1.059474 1.507637 0.201364 NaN 
Asymmetry_10
-0.004875 -0.129383 0.035363 -0.155748 NaN 
Stretch_10
0.474503 0.436611 0.253936 0.420990 NaN 
Attenuation_10
41.730346 31.224358 80.217584 25.689462 NaN 
Brush_Stroke_10
0.066530 0.039225 0.025571 0.100275 NaN 
Activity_Index_10
62.644168 18.763185 9.547342 24.593556 NaN 
usability
0.994485 1.000000 1.000000 0.919118 0.819853 
status
valid
valid
valid
valid
rejected
highThr
66.000000 69.000000 50.000000 66.000000 64.000000 
lowThr
51.000000 51.000000 34.000000 47.000000 39.000000 
prevThr
25.000000 25.000000 25.000000 25.000000 25.000000 
highThrDef
66.000000 69.000000 48.000000 66.000000 64.000000 
lowThrDef
51.000000 51.000000 35.000000 47.000000 39.000000 
prevThrDef
25.000000 25.000000 25.000000 25.000000 25.000000 
manualSeparators
488  489  487


325  326  327  328

separators
1  477  478  487  488  489  490  523  525  526  528  538  539  542  543  545
1  545
1  545
1   41   42  122  133  134  322  325  326  327  328  545
1   73  381  401  539  545
