fields 34
worms 6
Wave_Initiation_Rate_Median
10.707933 68.343535 NaN 82.345706 33.331150 NaN 
Wave_Initiation_Rate_Range
8.416138 17.266130 NaN 42.206073 22.574346 NaN 
Body_Wave_Number_Median
1.546550 1.135559 NaN 0.442628 1.280986 NaN 
Body_Wave_Number_Range
0.340464 0.618795 NaN 0.302338 0.662568 NaN 
Asymmetry_Median
-0.016544 0.015559 NaN -0.000831 0.029067 NaN 
Asymmetry_Range
0.136792 0.058086 NaN 0.083228 0.130665 NaN 
Reverse_Swimming
0.000000 0.000000 NaN 1.350482 0.000000 NaN 
Curling
0.000000 0.000000 NaN 1.296660 7.559055 NaN 
Stretch_Median
0.486149 0.401140 NaN 0.476316 0.589692 NaN 
Stretch_Range
0.145044 0.124444 NaN 0.249104 0.337749 NaN 
Attenuation_Median
62.496591 57.157348 NaN 62.924597 41.579424 NaN 
Attenuation_Range
28.812781 24.446913 NaN 20.093120 31.631760 NaN 
Traveling_Speed_Mean
2.025983 4.135963 NaN 6.406887 2.509513 NaN 
Brush_Stroke_Median
0.052539 0.139425 NaN 0.244998 0.055758 NaN 
Brush_Stroke_Range
0.013748 0.083311 NaN 0.066311 0.033803 NaN 
Activity_Index_Median
28.895547 157.383052 NaN 222.676009 92.613739 NaN 
Activity_Index_Range
20.229602 80.586947 NaN 118.998458 57.828350 NaN 
Wave_Initiation_Rate_10
8.543495 63.133597 NaN 47.403452 12.994805 NaN 
Body_Wave_Number_10
1.340018 0.631951 NaN 0.262545 0.857155 NaN 
Asymmetry_10
-0.078489 0.001692 NaN -0.024563 -0.002090 NaN 
Stretch_10
0.393627 0.365336 NaN 0.418238 0.500695 NaN 
Attenuation_10
41.666543 42.352007 NaN 51.978449 25.190078 NaN 
Brush_Stroke_10
0.046517 0.125924 NaN 0.215553 0.050898 NaN 
Activity_Index_10
23.686851 130.009336 NaN 149.782169 49.371120 NaN 
usability
0.966912 0.981618 0.472426 0.935662 0.933824 0.000000 
status
valid
valid
rejected
valid
valid
rejected
highThr
80.000000 71.000000 56.000000 66.000000 72.000000 NaN 
lowThr
51.000000 53.000000 37.000000 36.000000 41.000000 0.000000 
prevThr
25.000000 25.000000 25.000000 25.000000 25.000000 25.000000 
highThrDef
80.000000 71.000000 56.000000 66.000000 72.000000 NaN 
lowThrDef
51.000000 53.000000 37.000000 36.000000 41.000000 0.000000 
prevThrDef
25.000000 25.000000 25.000000 25.000000 25.000000 25.000000 
manualSeparators
322  323  337  338
9  10
17   18   19   25   26   32   33   94   95   93   96   97   98   99  270  271
429  430  428  427  426
68   69   86   87  120  121  123  124  163  164  168  169  167  170  171  178  179  180  181

separators
1  316  317  321  322  323  325  326  337  338  340  341  545
1    8    9   10  164  165  545
1    9   10   17   18   19   25   26   32   33   34   35   36   58   59   93   94   95   96   97   98   99  265  266  268  269  270  271  274  275  276  277  282  283  287  288  297  461  462  545
1  426  427  428  429  430  431  438  441  442  461  462  545
1   68   69   81   82   86   87   89   90   92   93   95   96  119  120  121  123  124  146  147  162  163  164  167  168  169  170  171  173  174  178  179  180  181  388  389  545
1  545
