fields 34
worms 5
Wave_Initiation_Rate_Median
51.089786 67.351476 50.430149 60.157582 8.496956 
Wave_Initiation_Rate_Range
30.128072 9.586064 50.695499 33.094895 8.494496 
Body_Wave_Number_Median
0.751724 0.581297 0.690301 0.567643 1.738932 
Body_Wave_Number_Range
0.368165 0.335846 1.075722 0.355030 1.150070 
Asymmetry_Median
0.000414 -0.010499 0.030259 0.004182 0.004152 
Asymmetry_Range
0.058610 0.097574 0.085566 0.059643 0.081247 
Reverse_Swimming
4.691812 0.000000 9.254341 0.000000 2.207912 
Curling
0.000000 0.356436 0.000000 0.233010 0.000000 
Stretch_Median
0.528157 0.506847 0.520173 0.428787 0.467575 
Stretch_Range
0.212850 0.168163 0.140330 0.317860 0.151471 
Attenuation_Median
65.023262 62.104924 80.875635 64.244509 85.201666 
Attenuation_Range
18.793835 17.836860 22.491425 24.904588 6.917626 
Traveling_Speed_Mean
8.074261 10.313388 3.771724 6.211614 1.048764 
Brush_Stroke_Median
0.163043 0.186086 0.130926 0.201952 0.035345 
Brush_Stroke_Range
0.028067 0.054669 0.044609 0.095459 0.009205 
Activity_Index_Median
177.037795 194.711334 130.241807 195.104999 14.145405 
Activity_Index_Range
78.467327 61.724042 130.500497 132.269971 17.070145 
Wave_Initiation_Rate_10
35.670373 58.404609 10.513159 40.622992 6.213268 
Body_Wave_Number_10
0.509347 0.368219 0.419765 0.402350 1.422594 
Asymmetry_10
-0.032675 -0.088225 -0.024855 -0.024289 -0.041590 
Stretch_10
0.422201 0.414816 0.453511 0.363852 0.396110 
Attenuation_10
54.004145 49.249556 67.538499 50.238371 80.998151 
Brush_Stroke_10
0.145164 0.155177 0.103323 0.151393 0.029650 
Activity_Index_10
127.835350 161.176910 19.830669 120.653419 10.480467 
usability
0.992647 0.928309 0.976103 0.946691 1.000000 
status
valid
valid
valid
valid
valid
highThr
77.000000 80.000000 74.000000 76.000000 76.000000 
lowThr
55.000000 46.000000 53.000000 44.000000 60.000000 
prevThr
25.000000 25.000000 25.000000 25.000000 25.000000 
highThrDef
77.000000 80.000000 74.000000 76.000000 76.000000 
lowThrDef
55.000000 46.000000 53.000000 44.000000 60.000000 
prevThrDef
25.000000 25.000000 25.000000 25.000000 25.000000 
manualSeparators





separators
1   32   36  434  438  545
1  143  153  156  160  162  163  170  173  174  181  433  434  498  508  509  510  545
1  366  379  545
1    9   12   82   83  143  146  153  156  160  163  164  165  170  181  384  385  403  404  545
1   62  545
