fields 34
worms 5
Wave_Initiation_Rate_Median
9.583371 51.811199 59.522202 NaN 19.662006 
Wave_Initiation_Rate_Range
3.879785 11.813940 56.475184 NaN 23.371126 
Body_Wave_Number_Median
1.559272 0.659766 0.758970 NaN 0.804567 
Body_Wave_Number_Range
0.394106 0.793463 0.699284 NaN 1.181242 
Asymmetry_Median
-0.059263 -0.004922 0.000310 NaN 0.062635 
Asymmetry_Range
0.294484 0.032837 0.130908 NaN 0.295002 
Reverse_Swimming
0.000000 0.000000 5.364851 NaN 13.786408 
Curling
12.683824 0.000000 1.022727 NaN 10.237581 
Stretch_Median
0.566641 0.433155 0.405576 NaN 0.625103 
Stretch_Range
0.227859 0.107191 0.409512 NaN 0.170426 
Attenuation_Median
76.270033 52.810781 56.549963 NaN 57.158688 
Attenuation_Range
18.793256 18.621693 35.400011 NaN 76.545935 
Traveling_Speed_Mean
1.723522 2.093854 5.427860 NaN 2.056662 
Brush_Stroke_Median
0.043509 0.054093 0.101939 NaN 0.103005 
Brush_Stroke_Range
0.024645 0.008219 0.053006 NaN 0.045465 
Activity_Index_Median
21.221935 141.862031 143.348689 NaN 67.992602 
Activity_Index_Range
18.643035 32.270736 169.366150 NaN 85.839047 
Wave_Initiation_Rate_10
8.119233 49.983677 11.394305 NaN 9.861704 
Body_Wave_Number_10
1.375492 0.459132 0.625890 NaN 0.442150 
Asymmetry_10
-0.251702 -0.024476 -0.030498 NaN -0.065515 
Stretch_10
0.456076 0.376226 0.310066 NaN 0.518879 
Attenuation_10
66.379755 46.200347 38.747175 NaN 3.335932 
Brush_Stroke_10
0.027433 0.050218 0.070580 NaN 0.082906 
Activity_Index_10
11.893130 128.925698 18.042466 NaN 31.286273 
usability
1.000000 0.911765 0.970588 1.000000 0.851103 
status
valid
valid
valid
rejected
valid
highThr
70.000000 76.000000 68.000000 68.000000 72.000000 
lowThr
46.000000 50.000000 50.000000 56.000000 51.000000 
prevThr
25.000000 25.000000 25.000000 25.000000 25.000000 
highThrDef
70.000000 76.000000 68.000000 68.000000 72.000000 
lowThrDef
46.000000 46.000000 50.000000 56.000000 51.000000 
prevThrDef
25.000000 25.000000 25.000000 25.000000 25.000000 
manualSeparators





separators
1  158  159  263  272  275  277  545
1    7    8    9   26   38   61  545
1   40   41  112  113  345  361  362  461  462  545
1  545
1   81  176  177  214  215  272  273  461  462  534  535  536  537  545
