fields 34
worms 6
Wave_Initiation_Rate_Median
169.687315 127.890892 164.517380 169.033015 151.740616 NaN 
Wave_Initiation_Rate_Range
120.618244 125.688697 109.744943 145.344023 108.021403 NaN 
Body_Wave_Number_Median
0.396101 0.369310 0.353029 0.389071 0.431194 NaN 
Body_Wave_Number_Range
0.420083 0.489062 0.654906 0.451692 0.200103 NaN 
Asymmetry_Median
0.014675 0.012177 0.000358 0.000097 -0.005630 NaN 
Asymmetry_Range
0.065238 0.092526 0.064201 0.079312 0.071039 NaN 
Reverse_Swimming
0.000000 3.389831 0.055198 2.409178 0.000000 NaN 
Curling
0.000000 0.681818 0.000000 0.739220 0.621762 NaN 
Stretch_Median
0.308388 0.353566 0.319828 0.357896 0.357179 NaN 
Stretch_Range
0.163542 0.203980 0.187682 0.297500 0.300704 NaN 
Attenuation_Median
59.591841 64.920992 69.281811 71.085478 71.593740 NaN 
Attenuation_Range
31.389270 24.585877 31.677005 41.822383 25.855739 NaN 
Traveling_Speed_Mean
14.631594 12.314040 15.914494 6.473925 4.394165 NaN 
Brush_Stroke_Median
0.478657 0.302616 0.389765 0.384688 0.566766 NaN 
Brush_Stroke_Range
0.530817 0.151637 0.144973 0.155546 0.260823 NaN 
Activity_Index_Median
478.608832 332.694662 368.061596 300.545101 475.516148 NaN 
Activity_Index_Range
386.738002 414.421034 269.869400 380.533054 495.301163 NaN 
Wave_Initiation_Rate_10
68.971669 45.290211 61.647231 34.915355 62.409689 NaN 
Body_Wave_Number_10
0.143481 0.145727 0.198701 0.165937 0.338867 NaN 
Asymmetry_10
-0.008581 -0.004032 -0.044392 -0.058428 -0.061268 NaN 
Stretch_10
0.257664 0.276841 0.242442 0.275778 0.274331 NaN 
Attenuation_10
41.744237 50.950720 50.090872 39.460544 56.642793 NaN 
Brush_Stroke_10
0.438226 0.255904 0.307982 0.316249 0.342155 NaN 
Activity_Index_10
395.126654 116.383046 165.931878 47.725720 125.738110 NaN 
usability
0.873162 0.970588 0.983456 0.895221 0.709559 0.000000 
status
valid
valid
valid
valid
valid
rejected
highThr
46.000000 52.000000 50.000000 49.000000 61.000000 NaN 
lowThr
19.000000 20.000000 18.000000 20.000000 25.000000 0.000000 
prevThr
10.000000 10.000000 10.000000 25.000000 25.000000 25.000000 
highThrDef
46.000000 52.000000 50.000000 49.000000 61.000000 NaN 
lowThrDef
19.000000 20.000000 18.000000 20.000000 11.000000 0.000000 
prevThrDef
25.000000 25.000000 25.000000 25.000000 25.000000 25.000000 
manualSeparators

117




separators
1    2    3   21   22   50   61   62  113  114  180  181  218  219  240  241  272  273  348  361  362  525  527  541  542  545
1  117  128  129  143  144  339  340  515  516  520  521  545
1   60   61  131  132  139  140  173  174  175  456  457  521  522  530  531  540  541  545
1    2    3   24   25   34   35   61   62   68   69   89   90   95   96  110  111  123  124  133  134  139  140  179  180  181  182  216  217  218  225  227  228  256  258  331  332  340  341  342  343  362  363  380  381  386  387  392  393  398  399  424  425  437  438  463  464  481  482  485  486  488  489  517  518  525  526  527  528  541  542  543  544  545
1   81   82   94   95  122  123  145  146  163  165  180  181  224  225  241  242  247  248  249  251  252  268  270  281  282  301  302  316  317  441  442  458  459  465  481  482  483  484  490  491  492  493  499  500  501  502  545
1  545
