fields 34
worms 5
Wave_Initiation_Rate_Median
67.989267 66.321598 41.200174 66.653708 66.660186 
Wave_Initiation_Rate_Range
20.254678 17.493072 41.992426 30.427848 24.748344 
Body_Wave_Number_Median
0.646565 0.681901 0.667045 0.478428 0.640977 
Body_Wave_Number_Range
0.275282 0.281284 0.976694 0.547543 0.356952 
Asymmetry_Median
-0.004808 -0.003077 -0.025200 0.012157 0.005609 
Asymmetry_Range
0.053029 0.079349 0.129867 0.066451 0.050200 
Reverse_Swimming
0.000000 0.000000 3.201472 0.000000 0.000000 
Curling
0.000000 0.000000 1.875000 0.000000 0.000000 
Stretch_Median
0.379258 0.410607 0.511519 0.375222 0.320420 
Stretch_Range
0.200999 0.136927 0.137779 0.156134 0.146952 
Attenuation_Median
67.033383 57.612974 66.786679 64.765729 58.117639 
Attenuation_Range
11.228733 14.093322 36.672981 18.661628 21.143192 
Traveling_Speed_Mean
4.568433 6.294206 6.008796 8.067971 6.212373 
Brush_Stroke_Median
0.062448 0.172815 0.146012 0.177084 0.076201 
Brush_Stroke_Range
0.014991 0.035963 0.060198 0.052416 0.016290 
Activity_Index_Median
230.777668 174.854006 110.756624 184.568425 245.039534 
Activity_Index_Range
48.421347 42.436306 133.816687 88.907161 98.837459 
Wave_Initiation_Rate_10
62.848562 49.872344 10.072350 37.284099 49.728660 
Body_Wave_Number_10
0.490290 0.538457 0.503416 0.243836 0.468616 
Asymmetry_10
-0.036927 -0.069084 -0.117597 -0.011533 -0.015556 
Stretch_10
0.337652 0.358778 0.438014 0.331918 0.251658 
Attenuation_10
61.821947 51.078643 42.474074 52.815957 48.041060 
Brush_Stroke_10
0.056570 0.161206 0.104722 0.159130 0.066711 
Activity_Index_10
204.823950 146.528571 21.540054 128.088544 190.007012 
usability
0.823529 0.987132 1.000000 0.987132 0.871324 
status
valid
valid
valid
valid
valid
highThr
76.000000 72.000000 72.000000 69.000000 72.000000 
lowThr
40.000000 54.000000 52.000000 48.000000 47.000000 
prevThr
25.000000 25.000000 25.000000 25.000000 25.000000 
highThrDef
76.000000 72.000000 72.000000 69.000000 72.000000 
lowThrDef
40.000000 54.000000 52.000000 48.000000 47.000000 
prevThrDef
25.000000 25.000000 25.000000 25.000000 25.000000 
manualSeparators
59   60   77   78  205  206  207  208
282  283  284  285  288  289
184  185
305  306  311  312
66   67  141  142  143  151  152  153
separators
1   39   45   55   57   59   60   61   64   72   73   77   78   82   90   91  112  113  129  130  137  138  141  142  145  151  161  162  203  205  206  207  208  545
1  282  283  284  285  286  287  288  289  292  294  295  296  301  302  309  311  545
1  184  185  186  275  280  287  289  545
1  282  286  292  296  305  306  309  311  312  485  487  545
1   39   45   55   57   60   61   62   64   66   67   72   73   77   82  112  113  120  122  123  127  128  129  130  137  138  139  140  141  142  143  145  146  151  152  153  203  205  545
