fields 34
worms 5
Wave_Initiation_Rate_Median
11.208663 98.364315 118.843661 116.025847 NaN 
Wave_Initiation_Rate_Range
59.240082 42.765293 68.231573 20.035397 NaN 
Body_Wave_Number_Median
1.279372 0.502106 0.444040 0.469161 NaN 
Body_Wave_Number_Range
1.225560 0.509488 0.588389 0.258346 NaN 
Asymmetry_Median
-0.017576 -0.006090 0.004846 -0.003250 NaN 
Asymmetry_Range
0.057748 0.043741 0.051416 0.036909 NaN 
Reverse_Swimming
0.000000 0.000000 3.488372 0.000000 NaN 
Curling
0.227273 0.000000 0.352941 0.000000 NaN 
Stretch_Median
0.477498 0.346808 0.298323 0.347330 NaN 
Stretch_Range
0.228050 0.189213 0.136215 0.144613 NaN 
Attenuation_Median
59.868260 70.738256 69.386801 71.867126 NaN 
Attenuation_Range
14.366157 16.272337 29.729878 14.311227 NaN 
Traveling_Speed_Mean
5.739848 8.928849 11.228874 17.037594 NaN 
Brush_Stroke_Median
0.055711 0.199304 0.158331 0.275374 NaN 
Brush_Stroke_Range
0.036529 0.055110 0.068329 0.046918 NaN 
Activity_Index_Median
39.791363 231.361723 279.027993 284.441859 NaN 
Activity_Index_Range
189.623127 98.607200 203.762845 71.647500 NaN 
Wave_Initiation_Rate_10
9.097865 68.661444 66.633530 101.222812 NaN 
Body_Wave_Number_10
0.358070 0.254139 0.191069 0.333980 NaN 
Asymmetry_10
-0.059846 -0.025578 -0.025950 -0.021044 NaN 
Stretch_10
0.398361 0.252797 0.249416 0.276189 NaN 
Attenuation_10
54.620022 63.360246 49.001493 63.843743 NaN 
Brush_Stroke_10
0.048127 0.166773 0.143403 0.253562 NaN 
Activity_Index_10
26.296113 163.578079 137.096971 239.541976 NaN 
usability
0.970588 0.965074 0.937500 0.996324 
status
valid
valid
valid
valid
rejected
highThr
55.000000 52.000000 58.000000 51.000000 NaN 
lowThr
37.000000 35.000000 21.000000 34.000000 0.000000 
prevThr
25.000000 25.000000 25.000000 25.000000 25.000000 
highThrDef
55.000000 52.000000 58.000000 51.000000 NaN 
lowThrDef
37.000000 35.000000 21.000000 34.000000 0.000000 
prevThrDef
25.000000 25.000000 25.000000 25.000000 25.000000 
manualSeparators





separators
1   71   72   76   78   80   81  208  209  275  276  285  287  296  299  300  301  308  314  317  319  320  325  332  333  545
1   73   74  275  276  285  286  287  296  300  308  314  317  319  320  325  332  333  461  462  545
1  185  186  187  196  197  198  321  322  382  383  426  427  441  443  445  460  461  462  545
1   55   57  108  109  159  160  545
1  545
