fields 34
worms 5
Wave_Initiation_Rate_Median
80.560281 102.690164 79.702056 114.505798 NaN 
Wave_Initiation_Rate_Range
69.448802 52.479906 66.446329 29.895061 NaN 
Body_Wave_Number_Median
0.480795 0.439232 0.450652 0.538377 NaN 
Body_Wave_Number_Range
0.288494 0.284760 0.363762 0.226669 NaN 
Asymmetry_Median
0.005933 -0.005952 -0.008536 -0.004379 NaN 
Asymmetry_Range
0.134672 0.049940 0.113651 0.040851 NaN 
Reverse_Swimming
6.237351 0.000000 6.126955 0.000000 NaN 
Curling
2.569832 0.446927 0.902256 0.000000 NaN 
Stretch_Median
0.411601 0.380519 0.413074 0.342621 NaN 
Stretch_Range
0.282036 0.146519 0.214827 0.117232 NaN 
Attenuation_Median
53.765407 60.039367 44.953557 55.169857 NaN 
Attenuation_Range
31.208496 19.355002 36.495758 28.359123 NaN 
Traveling_Speed_Mean
8.105611 8.362003 6.263242 11.099442 NaN 
Brush_Stroke_Median
0.224231 0.268865 0.289761 0.273843 NaN 
Brush_Stroke_Range
0.100482 0.047728 0.154784 0.038850 NaN 
Activity_Index_Median
300.858564 277.112319 232.827780 277.912104 NaN 
Activity_Index_Range
320.348186 157.549107 281.042945 86.881288 NaN 
Wave_Initiation_Rate_10
34.144072 66.622319 41.096259 90.840368 NaN 
Body_Wave_Number_10
0.295778 0.300085 0.174630 0.406123 NaN 
Asymmetry_10
-0.019766 -0.040595 -0.070417 -0.028795 NaN 
Stretch_10
0.328827 0.317571 0.319575 0.294538 NaN 
Attenuation_10
36.595566 52.746029 18.336240 39.914559 NaN 
Brush_Stroke_10
0.147505 0.248216 0.242167 0.253895 NaN 
Activity_Index_10
84.847515 166.004595 92.641381 218.036690 NaN 
usability
0.987132 0.987132 0.977941 0.994485 0.044118 
status
valid
valid
valid
valid
rejected
highThr
45.000000 45.000000 41.000000 39.000000 36.000000 
lowThr
21.000000 25.000000 19.000000 22.000000 7.000000 
prevThr
25.000000 25.000000 25.000000 25.000000 25.000000 
highThrDef
45.000000 45.000000 41.000000 39.000000 36.000000 
lowThrDef
21.000000 25.000000 19.000000 22.000000 7.000000 
prevThrDef
25.000000 25.000000 25.000000 25.000000 25.000000 
manualSeparators





separators
1    7    8  110  111  112  113  152  153  250  251  541  543  545
1  149  150  287  288  322  323  349  350  359  361  379  380  545
1   25   26   72   73  148  149  215  216  228  229  268  269  322  323  460  461  486  487  536  537  541  543  545
1  160  161  204  205  383  384  545
1  481  482  486  487  493  494  496  497  502  503  504  505  506  512  545
