fields 34
worms 3
Wave_Initiation_Rate_Median
84.794077 118.411159 68.523463 
Wave_Initiation_Rate_Range
34.525633 32.224554 74.702537 
Body_Wave_Number_Median
0.474993 0.513602 0.287300 
Body_Wave_Number_Range
0.244307 0.212957 0.645816 
Asymmetry_Median
0.019138 -0.000774 0.000413 
Asymmetry_Range
0.035367 0.048907 0.146417 
Reverse_Swimming
0.000000 0.000000 1.544799 
Curling
0.000000 0.921305 1.259542 
Stretch_Median
0.363458 0.350855 0.464404 
Stretch_Range
0.129193 0.176008 0.310392 
Attenuation_Median
79.945306 72.171230 72.941707 
Attenuation_Range
11.880407 23.860629 26.504005 
Traveling_Speed_Mean
9.053427 9.322213 6.769744 
Brush_Stroke_Median
0.485320 0.311823 0.271639 
Brush_Stroke_Range
0.147668 0.071709 0.125055 
Activity_Index_Median
422.261973 285.467668 209.990318 
Activity_Index_Range
238.038201 101.722699 183.426213 
Wave_Initiation_Rate_10
66.923649 102.714533 28.341146 
Body_Wave_Number_10
0.359940 0.399384 0.061199 
Asymmetry_10
0.001406 -0.019555 -0.055163 
Stretch_10
0.300005 0.283198 0.327290 
Attenuation_10
72.842854 56.887512 55.876591 
Brush_Stroke_10
0.421691 0.275817 0.223428 
Activity_Index_10
283.280933 226.858723 105.620752 
usability
0.961397 0.957721 0.963235 
status
valid
valid
valid
highThr
82.000000 71.000000 74.000000 
lowThr
42.000000 39.000000 34.000000 
prevThr
10.000000 25.000000 25.000000 
highThrDef
82.000000 71.000000 74.000000 
lowThrDef
42.000000 39.000000 34.000000 
prevThrDef
25.000000 25.000000 25.000000 
manualSeparators



separators
1   21  542  543  545
1   96   97  181  188  190  201  239  240  248  249  545
1   29   30  107  108  213  229  230  284  285  545
