fields 34
worms 5
Wave_Initiation_Rate_Median
120.513971 131.347482 119.199458 135.237284 121.052254 
Wave_Initiation_Rate_Range
109.514727 69.207771 60.042294 55.227414 85.560693 
Body_Wave_Number_Median
0.520675 0.560602 0.572287 0.547100 0.469584 
Body_Wave_Number_Range
0.546665 0.245507 0.358030 0.316023 0.156038 
Asymmetry_Median
0.002957 0.013337 0.014476 -0.009617 -0.049519 
Asymmetry_Range
0.071243 0.081377 0.053285 0.064219 0.143497 
Reverse_Swimming
0.000000 0.000000 0.000000 0.000000 1.485557 
Curling
0.591716 1.158301 1.333333 0.110701 5.915493 
Stretch_Median
0.348256 0.403077 0.394979 0.338027 0.429462 
Stretch_Range
0.233507 0.267475 0.332302 0.171173 0.347389 
Attenuation_Median
75.801072 68.931354 83.165899 68.105516 60.059128 
Attenuation_Range
18.688820 18.885473 13.981484 21.828542 32.627971 
Traveling_Speed_Mean
9.652559 9.614606 7.823483 12.370958 6.053125 
Brush_Stroke_Median
0.329273 0.262069 0.260187 0.319887 0.115952 
Brush_Stroke_Range
0.366880 0.077935 0.114242 0.069070 0.071242 
Activity_Index_Median
305.231007 332.935848 275.215143 341.109198 332.847960 
Activity_Index_Range
404.462666 177.315793 160.280080 175.620422 425.684090 
Wave_Initiation_Rate_10
34.236565 66.666627 67.452760 84.118866 55.799596 
Body_Wave_Number_10
0.162943 0.437492 0.394994 0.388412 0.376659 
Asymmetry_10
-0.037352 -0.001793 -0.004066 -0.054022 -0.143367 
Stretch_10
0.279044 0.322774 0.308471 0.284943 0.333963 
Attenuation_10
65.354681 59.433741 74.205479 57.880090 40.152684 
Brush_Stroke_10
0.267376 0.233740 0.228880 0.286176 0.101055 
Activity_Index_10
130.232772 208.680675 198.576922 206.560786 118.896828 
usability
0.931985 0.952206 0.992647 0.996324 0.783088 
status
valid
valid
valid
valid
valid
highThr
69.000000 67.000000 59.000000 65.000000 62.000000 
lowThr
31.000000 24.000000 39.000000 46.000000 36.000000 
prevThr
25.000000 25.000000 10.000000 10.000000 25.000000 
highThrDef
69.000000 67.000000 59.000000 65.000000 62.000000 
lowThrDef
31.000000 24.000000 39.000000 46.000000 36.000000 
prevThrDef
25.000000 25.000000 25.000000 25.000000 25.000000 
manualSeparators





separators
1    9   10  164  167  418  419  455  456  514  524  541  542  545
1  102  103  136  137  203  204  259  260  282  283  441  442  443  448  449  450  453  454  456  457  459  460  461  462  545
1  198  199  388  389  462  463  467  468  545
1  107  108  206  207  545
1  107  108  151  152  180  181  210  211  219  220  231  232  266  267  304  321  322  341  364  365  375  376  405  406  416  417  451  452  463  464  468  469  528  529  530  531  532  535  536  545
