fields 34
worms 4
Wave_Initiation_Rate_Median
102.284819 130.942748 32.681369 108.193204 
Wave_Initiation_Rate_Range
64.980332 127.779650 34.774396 111.081037 
Body_Wave_Number_Median
0.462557 0.682054 0.483745 0.457428 
Body_Wave_Number_Range
0.440020 0.597224 1.107431 0.646075 
Asymmetry_Median
0.006922 0.003102 0.017494 -0.015683 
Asymmetry_Range
0.066502 0.113914 0.197013 0.109259 
Reverse_Swimming
0.000000 0.000000 3.532659 2.263109 
Curling
0.000000 2.003711 0.000000 0.447761 
Stretch_Median
0.328349 0.339290 0.690523 0.351236 
Stretch_Range
0.242483 0.366835 0.477274 0.269420 
Attenuation_Median
67.370225 66.672442 66.050031 65.638540 
Attenuation_Range
19.892480 26.214737 29.266803 32.596849 
Traveling_Speed_Mean
15.519525 16.906420 6.303228 12.932034 
Brush_Stroke_Median
0.286063 0.077370 0.162855 0.270249 
Brush_Stroke_Range
0.065779 0.054521 0.083031 0.091032 
Activity_Index_Median
270.372140 343.513654 92.870223 259.920437 
Activity_Index_Range
177.150974 380.381999 107.337312 301.664872 
Wave_Initiation_Rate_10
67.398994 32.991835 14.466025 23.329613 
Body_Wave_Number_10
0.245768 0.250931 0.239319 0.038620 
Asymmetry_10
-0.019186 -0.012841 -0.081301 -0.078015 
Stretch_10
0.242015 0.256351 0.434072 0.275121 
Attenuation_10
57.318753 51.774408 48.096354 44.481928 
Brush_Stroke_10
0.254794 0.065773 0.107221 0.220398 
Activity_Index_10
164.801963 106.515634 30.825587 48.250096 
usability
1.000000 0.990809 1.000000 0.985294 
status
valid
valid
valid
valid
highThr
66.000000 64.000000 75.000000 67.000000 
lowThr
38.000000 39.000000 38.000000 35.000000 
prevThr
20.000000 25.000000 25.000000 25.000000 
highThrDef
66.000000 64.000000 75.000000 67.000000 
lowThrDef
44.000000 40.000000 38.000000 35.000000 
prevThrDef
25.000000 25.000000 25.000000 25.000000 
manualSeparators




separators
1  545
1  169  170  195  196  365  367  388  389  545
1  476  477  539  540  545
1  141  148  149  472  473  545
