fields 34
worms 8
Wave_Initiation_Rate_Median
87.415778 74.984136 NaN 77.994145 NaN NaN NaN NaN 
Wave_Initiation_Rate_Range
48.926548 76.590643 NaN 57.357008 NaN NaN NaN NaN 
Body_Wave_Number_Median
0.532206 0.577059 NaN 0.400668 NaN NaN NaN NaN 
Body_Wave_Number_Range
0.393609 0.721065 NaN 0.656073 NaN NaN NaN NaN 
Asymmetry_Median
0.004689 0.014123 NaN -0.012811 NaN NaN NaN NaN 
Asymmetry_Range
0.104397 0.088313 NaN 0.082770 NaN NaN NaN NaN 
Reverse_Swimming
0.000000 4.338336 NaN 0.497041 NaN NaN NaN NaN 
Curling
0.233463 1.645885 NaN 1.617647 NaN NaN NaN NaN 
Stretch_Median
0.383937 0.419532 NaN 0.361164 NaN NaN NaN NaN 
Stretch_Range
0.196311 0.336330 NaN 0.258843 NaN NaN NaN NaN 
Attenuation_Median
53.128464 45.021079 NaN 52.181843 NaN NaN NaN NaN 
Attenuation_Range
29.562447 31.749049 NaN 32.546024 NaN NaN NaN NaN 
Traveling_Speed_Mean
6.965891 3.199588 NaN 5.552070 NaN NaN NaN NaN 
Brush_Stroke_Median
0.217447 0.083952 NaN 0.155777 NaN NaN NaN NaN 
Brush_Stroke_Range
0.055905 0.050081 NaN 0.069519 NaN NaN NaN NaN 
Activity_Index_Median
216.295018 257.659315 NaN 224.537573 NaN NaN NaN NaN 
Activity_Index_Range
136.684361 323.405676 NaN 142.826165 NaN NaN NaN NaN 
Wave_Initiation_Rate_10
52.856538 23.753149 NaN 46.001568 NaN NaN NaN NaN 
Body_Wave_Number_10
0.255735 0.172759 NaN 0.089145 NaN NaN NaN NaN 
Asymmetry_10
-0.074202 -0.004959 NaN -0.077252 NaN NaN NaN NaN 
Stretch_10
0.326220 0.349316 NaN 0.279848 NaN NaN NaN NaN 
Attenuation_10
35.240811 28.060406 NaN 39.634003 NaN NaN NaN NaN 
Brush_Stroke_10
0.196187 0.059940 NaN 0.119372 NaN NaN NaN NaN 
Activity_Index_10
116.669731 39.036825 NaN 170.026034 NaN NaN NaN NaN 
usability
0.944853 0.737132 0.878676 0.750000 0.674632 0.522059 0.272059 0.297794 
status
valid
valid
rejected
valid
rejected
rejected
rejected
rejected
highThr
51.000000 51.000000 23.000000 52.000000 38.000000 53.000000 54.000000 51.000000 
lowThr
19.000000 18.000000 12.000000 9.000000 21.000000 7.000000 11.000000 24.000000 
prevThr
25.000000 25.000000 25.000000 25.000000 25.000000 25.000000 25.000000 25.000000 
highThrDef
51.000000 51.000000 23.000000 52.000000 38.000000 53.000000 54.000000 51.000000 
lowThrDef
19.000000 18.000000 12.000000 9.000000 21.000000 7.000000 11.000000 24.000000 
prevThrDef
25.000000 25.000000 25.000000 25.000000 25.000000 25.000000 25.000000 25.000000 
manualSeparators








separators
1  126  127  267  268  282  283  285  286  296  298  299  301  305  306  307  319  320  321  322  464  465  545
1  101  102  193  194  204  205  209  210  211  212  214  215  281  283  285  286  287  301  309  310  321  322  365  366  423  424  545
1   61   62   69   70  408  409  410  411  418  419  453  454  545
1  121  122  129  130  183  184  193  194  197  198  219  220  222  223  224  239  240  248  249  319  320  352  353  363  364  375  376  414  415  424  425  545
1   41   42   44  161  162  212  213  249  250  254  255  311  312  323  324  343  344  346  347  353  354  428  429  444  445  454  455  505  506  525  526  530  531  540  541  543  544  545
1  221  222  267  268  282  283  285  286  296  298  299  303  304  305  306  307  308  321  322  397  398  443  444  458  460  461  469  470  476  477  485  486  491  492  496  497  501  502  545
1  341  342  360  361  377  378  412  413  432  433  439  440  495  497  545
1  381  382  538  539  545
