fields 34
worms 5
Wave_Initiation_Rate_Median
58.847647 7.567559 70.461292 96.331352 51.688657 
Wave_Initiation_Rate_Range
39.507004 3.840488 79.596035 41.035258 35.505354 
Body_Wave_Number_Median
0.805553 2.282678 0.533462 0.306066 0.696755 
Body_Wave_Number_Range
0.452444 1.455787 0.369938 0.423707 0.610430 
Asymmetry_Median
-0.002596 0.007571 0.007945 -0.002307 -0.003927 
Asymmetry_Range
0.092641 0.044431 0.136328 0.091318 0.094546 
Reverse_Swimming
0.000000 0.000000 0.000000 0.000000 0.000000 
Curling
0.000000 0.000000 0.000000 0.000000 0.000000 
Stretch_Median
0.423995 0.325459 0.392358 0.358362 0.411623 
Stretch_Range
0.251210 0.278011 0.359992 0.180210 0.138057 
Attenuation_Median
65.440562 84.867425 72.058396 56.834701 71.700861 
Attenuation_Range
23.033014 11.319390 18.233652 25.740643 19.882113 
Traveling_Speed_Mean
4.512708 0.590771 6.101038 15.563122 5.375940 
Brush_Stroke_Median
0.147255 0.028389 0.138312 0.262059 0.079875 
Brush_Stroke_Range
0.051491 0.015541 0.085285 0.079548 0.023241 
Activity_Index_Median
142.587034 10.966199 209.585987 296.583785 230.733535 
Activity_Index_Range
112.107078 13.893433 241.237158 178.962684 167.055412 
Wave_Initiation_Rate_10
28.832747 5.913704 22.485983 67.902908 32.014653 
Body_Wave_Number_10
0.566387 1.597648 0.288263 0.150220 0.263830 
Asymmetry_10
-0.056251 -0.001280 -0.084899 -0.070537 -0.065301 
Stretch_10
0.322493 0.215720 0.284317 0.297646 0.337649 
Attenuation_10
55.287788 78.335278 65.450860 48.005880 61.708343 
Brush_Stroke_10
0.126031 0.027146 0.099239 0.223632 0.069265 
Activity_Index_10
61.786173 8.105467 50.242794 206.461140 153.711662 
usability
0.987132 0.996324 0.966912 0.963235 0.954044 
status
valid
valid
valid
valid
valid
highThr
73.000000 71.000000 74.000000 81.000000 85.000000 
lowThr
52.000000 55.000000 55.000000 36.000000 41.000000 
prevThr
25.000000 25.000000 25.000000 10.000000 25.000000 
highThrDef
73.000000 71.000000 74.000000 81.000000 85.000000 
lowThrDef
52.000000 55.000000 55.000000 36.000000 41.000000 
prevThrDef
25.000000 25.000000 25.000000 25.000000 25.000000 
manualSeparators





separators
1   69   74  414  416  545
1  198  199  241  242  545
1   99  100  197  198  222  223  383  387  391  393  399  403  415  417  449  450  485  486  509  510  545
1   60   61   62  222  223  383  387  399  403  531  539  540  541  545
1   42   44   45   46   60   61   72   73  101  102  103  120  121  137  138  139  201  202  210  221  222  224  225  417  418  545
