fields 34
worms 5
Wave_Initiation_Rate_Median
67.995185 167.338407 36.592286 40.851400 134.712764 
Wave_Initiation_Rate_Range
78.476341 48.192726 123.178142 128.603921 87.726339 
Body_Wave_Number_Median
0.641705 0.644059 0.548853 0.748262 0.444584 
Body_Wave_Number_Range
0.275564 0.252052 1.117815 1.508804 0.380975 
Asymmetry_Median
-0.003664 0.004696 -0.026432 -0.009014 -0.009215 
Asymmetry_Range
0.079611 0.033559 0.129810 0.106002 0.066445 
Reverse_Swimming
2.873563 0.000000 12.916283 0.744571 0.000000 
Curling
0.000000 0.000000 2.333333 0.708661 0.402685 
Stretch_Median
0.498943 0.365945 0.467404 0.444246 0.311154 
Stretch_Range
0.258361 0.182254 0.308441 0.177101 0.176128 
Attenuation_Median
73.242981 70.674540 48.200455 71.540339 65.111935 
Attenuation_Range
15.690778 17.797255 55.543156 27.239825 19.263020 
Traveling_Speed_Mean
6.888057 20.591554 5.534963 4.252241 6.109433 
Brush_Stroke_Median
0.384155 1.194408 0.336972 0.068658 0.278820 
Brush_Stroke_Range
0.158795 0.874591 0.301082 0.082649 0.243084 
Activity_Index_Median
213.798659 1115.712209 83.155817 93.421251 359.155806 
Activity_Index_Range
280.661121 869.131027 365.802028 619.578354 328.270181 
Wave_Initiation_Rate_10
56.998240 121.045749 11.035886 8.620698 48.369278 
Body_Wave_Number_10
0.489522 0.488597 0.180591 0.270638 0.232686 
Asymmetry_10
-0.055220 -0.009530 -0.104107 -0.095341 -0.065460 
Stretch_10
0.373086 0.296569 0.322044 0.352500 0.274856 
Attenuation_10
65.185877 60.189496 11.699292 55.974460 55.297385 
Brush_Stroke_10
0.306676 0.424336 0.238797 0.038119 0.227844 
Activity_Index_10
126.068464 407.250854 24.122285 16.640523 125.614227 
usability
0.950368 0.963235 0.992647 0.933824 0.821691 
status
valid
valid
valid
valid
valid
highThr
57.000000 70.000000 58.000000 65.000000 58.000000 
lowThr
32.000000 33.000000 38.000000 28.000000 34.000000 
prevThr
25.000000 10.000000 25.000000 10.000000 25.000000 
highThrDef
57.000000 70.000000 58.000000 65.000000 58.000000 
lowThrDef
32.000000 33.000000 38.000000 28.000000 34.000000 
prevThrDef
25.000000 25.000000 25.000000 25.000000 25.000000 
manualSeparators



7

separators
1  202  203  262  263  267  268  321  324  325  327  328  331  332  339  341  482  483  495  496  500  501  502  503  545
1  401  421  545
1  122  123  148  149  360  361  380  381  545
1    7   15   16  122  123  275  276  291  292  295  296  305  306  307  368  369  423  424  426  441  442  458  459  545
1   81   82  204  205  208  209  221  223  227  228  238  239  304  306  317  318  334  335  455  457  468  469  473  474  506  508  545
