fields 34
worms 5
Wave_Initiation_Rate_Median
67.283986 17.660513 84.430574 54.298664 NaN 
Wave_Initiation_Rate_Range
0.851172 13.992676 40.022065 44.522357 NaN 
Body_Wave_Number_Median
0.559770 1.334958 0.610608 0.638128 NaN 
Body_Wave_Number_Range
0.359952 1.147288 0.355759 0.387673 NaN 
Asymmetry_Median
-0.013908 0.007534 -0.015879 0.008293 NaN 
Asymmetry_Range
0.038497 0.181983 0.090756 0.073138 NaN 
Reverse_Swimming
0.000000 0.000000 0.000000 0.275989 NaN 
Curling
0.000000 9.595376 0.000000 0.000000 NaN 
Stretch_Median
0.430151 0.788705 0.439907 0.445626 NaN 
Stretch_Range
0.211608 0.193538 0.146796 0.214222 NaN 
Attenuation_Median
79.785676 19.691582 64.890714 65.637214 NaN 
Attenuation_Range
14.454043 44.192672 19.713513 18.355678 NaN 
Traveling_Speed_Mean
10.271479 1.316657 12.566828 5.600032 NaN 
Brush_Stroke_Median
0.161706 0.057981 0.277104 0.159442 NaN 
Brush_Stroke_Range
0.049808 0.015557 0.082504 0.056655 NaN 
Activity_Index_Median
196.073741 50.530692 236.422171 138.413666 NaN 
Activity_Index_Range
60.573362 40.351910 87.627360 96.635560 NaN 
Wave_Initiation_Rate_10
66.934268 8.716413 60.165378 37.987017 NaN 
Body_Wave_Number_10
0.357090 0.609096 0.369604 0.429105 NaN 
Asymmetry_10
-0.037870 -0.058851 -0.059566 -0.024865 NaN 
Stretch_10
0.351286 0.754375 0.370356 0.322572 NaN 
Attenuation_10
72.221474 10.346701 52.842531 57.520544 NaN 
Brush_Stroke_10
0.135663 0.049864 0.228926 0.129851 NaN 
Activity_Index_10
163.933085 23.394581 176.702288 90.472742 NaN 
usability
1.000000 0.954044 0.996324 0.992647 0.540441 
status
valid
valid
valid
valid
rejected
highThr
70.000000 70.000000 73.000000 79.000000 71.000000 
lowThr
54.000000 37.000000 49.000000 49.000000 22.000000 
prevThr
25.000000 25.000000 25.000000 25.000000 25.000000 
highThrDef
70.000000 70.000000 73.000000 79.000000 71.000000 
lowThrDef
54.000000 37.000000 49.000000 49.000000 22.000000 
prevThrDef
25.000000 25.000000 25.000000 25.000000 25.000000 
manualSeparators

261  262  467  468



separators
1    7    8  545
1  188  189  261  262  264  265  272  273  361  362  365  366  381  467  468  469  500  501  545
1   16   18  106  107  523  525  545
1  146  147  197  200  372  374  419  421  545
1  221  222  225  226  272  273  274  275  312  313  340  361  362  402  403  404  412  413  419  420  545
