fields 34
worms 5
Wave_Initiation_Rate_Median
8.392142 50.913679 24.978179 9.119400 NaN 
Wave_Initiation_Rate_Range
3.461074 22.887428 23.193163 11.768770 NaN 
Body_Wave_Number_Median
1.852551 0.900279 0.827506 1.614036 NaN 
Body_Wave_Number_Range
0.512082 0.868693 1.202323 0.716388 NaN 
Asymmetry_Median
-0.059610 0.023898 -0.044732 0.073415 NaN 
Asymmetry_Range
0.034147 0.121731 0.222991 0.152500 NaN 
Reverse_Swimming
0.000000 3.367065 15.179393 2.539098 NaN 
Curling
0.000000 4.538745 6.531365 0.000000 NaN 
Stretch_Median
0.477763 0.466153 0.658893 0.478494 NaN 
Stretch_Range
0.143766 0.304912 0.179434 0.098945 NaN 
Attenuation_Median
71.105574 50.071405 39.808009 73.427522 NaN 
Attenuation_Range
22.361309 30.870225 39.218665 23.490931 NaN 
Traveling_Speed_Mean
0.758852 3.703257 3.728763 1.638671 NaN 
Brush_Stroke_Median
0.035332 0.117144 0.074723 0.048312 NaN 
Brush_Stroke_Range
0.016490 0.030106 0.033980 0.015944 NaN 
Activity_Index_Median
14.567559 116.855397 75.279898 21.766186 NaN 
Activity_Index_Range
11.896384 61.228558 103.071987 33.097417 NaN 
Wave_Initiation_Rate_10
6.708001 30.209470 11.004617 7.915434 NaN 
Body_Wave_Number_10
1.697111 0.271685 0.140483 1.153050 NaN 
Asymmetry_10
-0.068998 0.000819 -0.145592 0.018322 NaN 
Stretch_10
0.413962 0.370750 0.564384 0.439355 NaN 
Attenuation_10
54.708523 36.232408 9.657763 62.754192 NaN 
Brush_Stroke_10
0.033229 0.103801 0.055541 0.039228 NaN 
Activity_Index_10
11.216676 74.432672 37.018306 16.647479 NaN 
usability
0.733456 0.996324 0.996324 1.000000 0.000000 
status
valid
valid
valid
valid
rejected
highThr
75.000000 67.000000 71.000000 76.000000 NaN 
lowThr
45.000000 44.000000 48.000000 39.000000 0.000000 
prevThr
25.000000 25.000000 25.000000 25.000000 25.000000 
highThrDef
75.000000 67.000000 71.000000 76.000000 NaN 
lowThrDef
21.000000 46.000000 48.000000 42.000000 0.000000 
prevThrDef
25.000000 25.000000 25.000000 25.000000 25.000000 
manualSeparators


369  370  497  498


separators
1  228  281  282  290  297  311  351  352  373  374  460  464  465  476  477  483  501  545
1  442  443  450  451  531  532  545
1  107  114  361  362  369  370  371  497  498  499  500  545
1  545
1  545
