fields 34
worms 5
Wave_Initiation_Rate_Median
7.330114 7.176985 5.794496 7.965300 6.419761 
Wave_Initiation_Rate_Range
1.807991 2.226163 2.819939 4.791663 1.786095 
Body_Wave_Number_Median
1.824641 1.839521 1.858351 1.796156 1.911395 
Body_Wave_Number_Range
0.213483 0.286769 0.360695 0.537194 0.713280 
Asymmetry_Median
0.009122 -0.004564 0.345085 0.017621 -0.252255 
Asymmetry_Range
0.047937 0.029956 0.140757 0.086693 0.018461 
Reverse_Swimming
0.000000 0.000000 0.000000 0.000000 0.000000 
Curling
0.000000 0.000000 60.000000 0.000000 60.000000 
Stretch_Median
0.333085 0.304016 0.248989 0.462495 0.247773 
Stretch_Range
0.140058 0.262709 0.282170 0.169233 0.401265 
Attenuation_Median
56.345886 66.868921 76.947854 43.550385 88.094270 
Attenuation_Range
22.640660 32.454879 37.859426 54.567270 97.513253 
Traveling_Speed_Mean
0.586870 0.541460 0.471165 0.032917 0.096883 
Brush_Stroke_Median
0.029054 0.028178 0.027513 0.028009 0.021816 
Brush_Stroke_Range
0.004787 0.003460 0.010246 0.010713 0.002447 
Activity_Index_Median
10.875705 10.121308 7.940946 13.932810 6.978141 
Activity_Index_Range
2.905953 4.124906 4.851124 4.098370 2.559040 
Wave_Initiation_Rate_10
6.523377 6.641571 5.497133 6.755645 5.489665 
Body_Wave_Number_10
1.735707 1.643027 1.690037 1.408675 1.286720 
Asymmetry_10
-0.015565 -0.024617 0.209901 0.000283 -0.261785 
Stretch_10
0.301102 0.224489 0.089413 0.385916 0.000000 
Attenuation_10
39.388030 48.082499 47.513749 7.406506 0.000000 
Brush_Stroke_10
0.027544 0.026758 0.020601 0.027025 0.020000 
Activity_Index_10
9.423269 9.201221 6.893294 12.948699 5.535189 
usability
1.000000 1.000000 0.998162 0.818015 0.816176 
status
valid
valid
valid
valid
valid
highThr
35.000000 45.000000 43.000000 34.000000 NaN 
lowThr
15.000000 28.000000 38.000000 15.000000 0.000000 
prevThr
25.000000 25.000000 25.000000 25.000000 25.000000 
highThrDef
35.000000 45.000000 43.000000 34.000000 NaN 
lowThrDef
15.000000 28.000000 38.000000 15.000000 0.000000 
prevThrDef
25.000000 25.000000 25.000000 25.000000 25.000000 
manualSeparators


123

81
separators
1  545
1  545
1   61   81   82   83  121  122  123  461  462  545
1   61   62  125  126  130  131  141  142  166  167  168  169  177  178  183  184  185  186  189  190  194  195  201  202  206  207  214  215  235  236  278  279  308  309  401  402  408  409  410  411  420  421  423  424  427  428  429  430  432  433  435  436  452  453  456  457  458  459  468  469  504  505  507  508  510  511  517  518  520  521  525  526  528  529  534  535  539  540  543  544  545
1   81  261  281  545
