fields 34
worms 5
Wave_Initiation_Rate_Median
10.450468 27.675286 18.014568 9.319065 34.369290 
Wave_Initiation_Rate_Range
8.980454 25.107648 24.005158 6.410631 28.998186 
Body_Wave_Number_Median
1.418768 1.417155 1.294689 1.538892 1.027423 
Body_Wave_Number_Range
0.933411 0.907825 0.573822 0.622144 0.726277 
Asymmetry_Median
0.005499 -0.007929 -0.023331 -0.137682 0.017004 
Asymmetry_Range
0.253924 0.171221 0.157662 0.090398 0.116484 
Reverse_Swimming
6.347746 0.805369 2.042318 0.000000 0.055198 
Curling
3.000000 1.814255 0.000000 0.000000 2.205882 
Stretch_Median
0.642687 0.588548 0.478941 0.538993 0.619865 
Stretch_Range
0.171015 0.127636 0.147421 0.294582 0.310317 
Attenuation_Median
69.017977 51.043219 48.639248 59.495181 54.937618 
Attenuation_Range
38.340209 37.303455 30.549405 21.893035 13.486038 
Traveling_Speed_Mean
1.717188 1.279420 1.690455 1.176360 2.985539 
Brush_Stroke_Median
0.050297 0.047361 0.053846 0.048297 0.079604 
Brush_Stroke_Range
0.018856 0.016916 0.014873 0.025211 0.020893 
Activity_Index_Median
25.648881 68.691642 43.318621 25.298791 73.092160 
Activity_Index_Range
31.779490 70.737641 58.906767 30.450282 60.375028 
Wave_Initiation_Rate_10
8.640342 8.518782 9.188556 7.574683 13.836162 
Body_Wave_Number_10
0.798510 0.776274 1.077478 1.159282 0.615714 
Asymmetry_10
-0.098472 -0.048158 -0.135473 -0.165059 -0.016950 
Stretch_10
0.535053 0.503477 0.416229 0.418755 0.448814 
Attenuation_10
46.766862 36.063006 33.635073 48.890393 48.326027 
Brush_Stroke_10
0.040465 0.040545 0.045030 0.037100 0.069527 
Activity_Index_10
18.554111 18.987960 24.111793 18.988433 30.007228 
usability
0.992647 0.851103 1.000000 0.898897 1.000000 
status
valid
valid
valid
valid
valid
highThr
63.000000 69.000000 67.000000 64.000000 66.000000 
lowThr
46.000000 39.000000 52.000000 42.000000 44.000000 
prevThr
25.000000 25.000000 25.000000 25.000000 25.000000 
highThrDef
63.000000 69.000000 67.000000 64.000000 66.000000 
lowThrDef
46.000000 39.000000 52.000000 42.000000 44.000000 
prevThrDef
25.000000 25.000000 25.000000 25.000000 25.000000 
manualSeparators
251
475

278

separators
1  251  253  254  424  425  545
1   58   71   73   94   96  115  122  124  128  129  131  134  149  150  151  153  202  203  215  216  261  268  281  289  290  294  297  298  300  301  308  309  312  315  320  326  327  346  357  359  361  475  479  480  545
1  545
1   58   71   73   94   96  101  102  115  122  124  128  129  131  134  141  142  149  150  151  153  261  278  281  289  290  294  297  298  300  301  308  309  312  315  320  326  327  341  346  351  352  357  358  359  361  362  372  373  376  377  380  381  545
1  262  267  268  281  282  545
