fields 34
worms 5
Wave_Initiation_Rate_Median
10.529629 50.305497 21.395308 12.105747 100.301023 
Wave_Initiation_Rate_Range
10.548717 43.036730 34.738674 11.067572 102.308159 
Body_Wave_Number_Median
1.536288 0.704103 0.750557 1.467820 0.438682 
Body_Wave_Number_Range
0.726506 0.560940 1.033984 0.563881 0.580520 
Asymmetry_Median
0.104762 -0.009736 -0.069472 0.106318 0.000551 
Asymmetry_Range
0.312199 0.186583 0.220266 0.253318 0.068213 
Reverse_Swimming
0.625724 0.000000 4.084637 0.000000 0.000000 
Curling
2.190669 0.000000 4.589552 5.529412 1.183432 
Stretch_Median
0.708000 0.414128 0.658517 0.580597 0.378067 
Stretch_Range
0.558413 0.311903 0.227262 0.220360 0.331884 
Attenuation_Median
88.267858 63.175122 56.716661 39.448984 67.944424 
Attenuation_Range
21.130873 17.076068 52.485442 49.063397 16.537686 
Traveling_Speed_Mean
0.860457 3.396055 3.897956 1.692049 12.192243 
Brush_Stroke_Median
0.056229 0.082708 0.097395 0.064318 0.310190 
Brush_Stroke_Range
0.032981 0.022800 0.064395 0.027399 0.076868 
Activity_Index_Median
30.922165 125.894961 76.369731 49.215224 265.931511 
Activity_Index_Range
28.915531 117.258626 134.444181 59.857038 263.491409 
Wave_Initiation_Rate_10
6.825112 20.435770 11.607061 8.921462 32.074355 
Body_Wave_Number_10
1.163262 0.472811 0.308785 1.117912 0.200151 
Asymmetry_10
-0.147219 -0.102076 -0.162884 -0.032339 -0.053620 
Stretch_10
0.349567 0.340027 0.499179 0.463125 0.276556 
Attenuation_10
70.787129 55.557120 16.032057 20.731833 59.790846 
Brush_Stroke_10
0.036264 0.069708 0.076022 0.047024 0.280485 
Activity_Index_10
15.638881 43.042286 43.317204 21.951856 77.881310 
usability
0.906250 0.985294 0.985294 0.937500 0.931985 
status
valid
valid
valid
valid
valid
highThr
79.000000 70.000000 68.000000 66.000000 62.000000 
lowThr
36.000000 48.000000 40.000000 29.000000 39.000000 
prevThr
25.000000 25.000000 25.000000 25.000000 25.000000 
highThrDef
79.000000 70.000000 68.000000 66.000000 62.000000 
lowThrDef
36.000000 48.000000 40.000000 29.000000 39.000000 
prevThrDef
25.000000 25.000000 25.000000 25.000000 25.000000 
manualSeparators
120


450  432
452
separators
1   52   53   54   55   60   62   63   71   72   73  120  152  153  222  223  232  233  459  460  545
1  505  506  507  514  545
1   48   49  219  223  224  225  378  379  501  502  545
1   81   82  118  119  318  319  341  342  346  348  349  432  450  458  459  545
1  203  205  210  211  332  333  393  396  452  470  481  482  545
