fields 34
worms 6
Wave_Initiation_Rate_Median
9.743790 8.563973 14.816760 59.124673 33.236776 NaN 
Wave_Initiation_Rate_Range
7.798058 3.756621 16.026101 31.684937 35.164631 NaN 
Body_Wave_Number_Median
1.568898 1.704036 1.118127 0.781981 0.597291 NaN 
Body_Wave_Number_Range
0.676474 0.406835 1.382041 0.608169 0.545831 NaN 
Asymmetry_Median
-0.016890 -0.032787 -0.012381 0.008529 0.030559 NaN 
Asymmetry_Range
0.090854 0.066589 0.191025 0.065781 0.139119 NaN 
Reverse_Swimming
0.940092 0.000000 7.016129 2.318307 7.396504 NaN 
Curling
0.000000 0.000000 1.556886 0.000000 0.000000 NaN 
Stretch_Median
0.394590 0.368806 0.611693 0.322265 0.507271 NaN 
Stretch_Range
0.121043 0.160893 0.194725 0.160912 0.280525 NaN 
Attenuation_Median
66.580704 69.236731 57.151624 70.867714 57.365049 NaN 
Attenuation_Range
31.269711 9.256747 30.375065 19.617631 19.939129 NaN 
Traveling_Speed_Mean
0.942246 0.938020 2.822690 2.803891 3.439536 NaN 
Brush_Stroke_Median
0.044596 0.035475 0.082508 0.091164 0.092823 NaN 
Brush_Stroke_Range
0.014721 0.009965 0.036182 0.051608 0.041562 NaN 
Activity_Index_Median
22.912443 14.970195 61.465100 117.529891 103.051959 NaN 
Activity_Index_Range
19.945175 7.074534 44.206288 75.541128 73.539800 NaN 
Wave_Initiation_Rate_10
7.834528 6.841345 10.201632 36.463228 21.459245 NaN 
Body_Wave_Number_10
1.144612 1.452679 0.103743 0.528641 0.360572 NaN 
Asymmetry_10
-0.057424 -0.055157 -0.112346 -0.014722 -0.048789 NaN 
Stretch_10
0.315668 0.325096 0.547158 0.255634 0.290384 NaN 
Attenuation_10
45.307020 65.527394 38.703762 60.238232 46.237162 NaN 
Brush_Stroke_10
0.036065 0.031332 0.066380 0.079453 0.062299 NaN 
Activity_Index_10
14.572678 11.624740 45.543109 66.101833 60.928241 NaN 
usability
0.996324 1.000000 0.920956 0.996324 0.996324 0.064338 
status
valid
valid
valid
valid
valid
rejected
highThr
64.000000 52.000000 68.000000 60.000000 59.000000 74.000000 
lowThr
46.000000 38.000000 18.000000 40.000000 41.000000 49.000000 
prevThr
25.000000 25.000000 25.000000 25.000000 25.000000 25.000000 
highThrDef
64.000000 52.000000 68.000000 60.000000 59.000000 74.000000 
lowThrDef
46.000000 38.000000 18.000000 40.000000 41.000000 49.000000 
prevThrDef
25.000000 25.000000 25.000000 25.000000 25.000000 25.000000 
manualSeparators






separators
1    2  391  392  545
1  545
1   82   83   86   87   89   90   93   94  104  105  106  107  109  110  111  112  113  114  120  121  205  206  208  209  210  211  219  220  483  490  491  492  494  498  499  505  506  508  512  513  536  537  538  545
1  143  144  542  543  545
1   66   67  201  202  545
1  481  483  490  491  492  494  498  499  505  506  508  512  513  536  537  538  545
