fields 34
worms 5
Wave_Initiation_Rate_Median
52.748684 NaN 67.335583 NaN 83.194997 
Wave_Initiation_Rate_Range
35.773101 NaN 47.671054 NaN 44.494227 
Body_Wave_Number_Median
0.618784 NaN 0.255503 NaN 0.625248 
Body_Wave_Number_Range
0.535357 NaN 0.972292 NaN 0.532938 
Asymmetry_Median
-0.013044 NaN -0.022672 NaN -0.002483 
Asymmetry_Range
0.140209 NaN 0.114913 NaN 0.046565 
Reverse_Swimming
0.000000 NaN 8.942308 NaN 0.000000 
Curling
0.883978 NaN 0.000000 NaN 0.000000 
Stretch_Median
0.530838 NaN 0.479993 NaN 0.478157 
Stretch_Range
0.268606 NaN 0.267747 NaN 0.332843 
Attenuation_Median
62.905951 NaN 66.232451 NaN 74.220432 
Attenuation_Range
19.575628 NaN 12.635457 NaN 13.926079 
Traveling_Speed_Mean
7.232799 NaN 3.531592 NaN 8.407989 
Brush_Stroke_Median
0.153762 NaN 0.077619 NaN 0.203279 
Brush_Stroke_Range
0.036089 NaN 0.020984 NaN 0.151939 
Activity_Index_Median
175.912289 NaN 226.886121 NaN 246.717828 
Activity_Index_Range
132.190359 NaN 124.801145 NaN 206.403859 
Wave_Initiation_Rate_10
33.595653 NaN 36.871938 NaN 50.582544 
Body_Wave_Number_10
0.278260 NaN 0.058138 NaN 0.261186 
Asymmetry_10
-0.086923 NaN -0.070498 NaN -0.032588 
Stretch_10
0.400908 NaN 0.361831 NaN 0.362731 
Attenuation_10
50.767923 NaN 59.171336 NaN 67.217682 
Brush_Stroke_10
0.134491 NaN 0.069823 NaN 0.149333 
Activity_Index_10
88.575108 NaN 116.041386 NaN 130.908078 
usability
0.998162 0.378676 0.762868 0.237132 0.814338 
status
valid
rejected
valid
rejected
valid
highThr
71.000000 90.000000 74.000000 83.000000 69.000000 
lowThr
54.000000 50.000000 45.000000 50.000000 48.000000 
prevThr
25.000000 25.000000 25.000000 25.000000 25.000000 
highThrDef
71.000000 90.000000 74.000000 83.000000 69.000000 
lowThrDef
54.000000 10.000000 31.000000 18.000000 48.000000 
prevThrDef
25.000000 25.000000 25.000000 25.000000 25.000000 
manualSeparators


150  151  165  166  334  335  356  357  475  476

402  403
separators
1  398  399  545
1   24   25   30   41   42   43   61   62   63   67   71   79   80   81   93   95  104  115  116  121  123  124  125  126  127  132  133  135  143  144  145  146  152  153  161  162  163  164  179  190  191  201  202  211  261  262  266  267  280  281  283  284  285  286  341  342  358  359  367  371  374  377  378  383  386  389  392  398  400  402  407  418  419  427  431  432  435  436  443  444  445  446  448  449  450  472  473  481  483  486  487  488  504  505  506  510  511  512  515  516  523  524  544  545
1   67   71   82   84   98   99  112  114  150  151  160  161  165  166  215  217  269  272  283  288  300  301  303  304  316  317  319  320  334  335  338  340  356  357  369  376  380  383  384  385  386  389  410  416  417  420  421  475  476  477  478  500  501  508  545
1  241  242  251  256  265  269  280  285  295  298  309  314  323  327  338  342  351  357  367  379  383  391  398  405  413  419  429  434  444  458  459  461  545
1   61   62  263  264  381  383  402  403  404  500  501  508  541  545
