fields 34
worms 5
Wave_Initiation_Rate_Median
103.579200 152.543181 151.121651 135.907531 118.494283 
Wave_Initiation_Rate_Range
69.645243 94.415641 15.638772 50.415472 78.769866 
Body_Wave_Number_Median
0.641556 0.388829 0.669902 0.506894 0.490089 
Body_Wave_Number_Range
0.909345 0.411829 0.294691 0.430319 0.433575 
Asymmetry_Median
0.001437 -0.000930 -0.001489 0.011491 0.005669 
Asymmetry_Range
0.060478 0.037319 0.018742 0.048685 0.082769 
Reverse_Swimming
1.214351 3.532659 0.000000 2.539098 0.000000 
Curling
0.000000 0.000000 0.000000 0.111317 0.112782 
Stretch_Median
0.348610 0.240455 0.296782 0.364387 0.354128 
Stretch_Range
0.130606 0.127236 0.104179 0.168423 0.264492 
Attenuation_Median
64.413125 62.810597 72.175816 69.079292 69.010854 
Attenuation_Range
27.480989 27.144526 18.963927 18.704921 18.883737 
Traveling_Speed_Mean
6.594908 11.610102 12.704693 10.511507 8.472203 
Brush_Stroke_Median
0.185810 0.339388 0.299189 0.303326 0.288326 
Brush_Stroke_Range
0.109500 0.402115 0.030160 0.046598 0.049125 
Activity_Index_Median
250.291683 354.308975 307.938340 331.426353 280.610858 
Activity_Index_Range
141.648019 362.489012 33.958162 115.658382 177.553414 
Wave_Initiation_Rate_10
59.315890 65.994851 136.465821 94.989469 56.457584 
Body_Wave_Number_10
0.151888 0.213898 0.509671 0.281275 0.255232 
Asymmetry_10
-0.023844 -0.023101 -0.010556 -0.023641 -0.059586 
Stretch_10
0.285096 0.203925 0.253117 0.294690 0.273248 
Attenuation_10
49.131639 45.784365 61.500963 56.943037 58.480753 
Brush_Stroke_10
0.149121 0.306406 0.286014 0.278504 0.266809 
Activity_Index_10
170.446063 294.524203 290.249589 241.139498 134.153516 
usability
0.985294 0.992647 0.988971 0.990809 0.977941 
status
valid
valid
valid
valid
valid
highThr
64.000000 47.000000 53.000000 50.000000 51.000000 
lowThr
21.000000 25.000000 38.000000 36.000000 36.000000 
prevThr
25.000000 25.000000 25.000000 25.000000 25.000000 
highThrDef
64.000000 47.000000 53.000000 50.000000 51.000000 
lowThrDef
21.000000 25.000000 38.000000 36.000000 36.000000 
prevThrDef
25.000000 25.000000 25.000000 25.000000 25.000000 
manualSeparators





separators
1   19   20  109  110  246  247  281  282  369  372  373  545
1  201  202  378  379  385  386  521  522  545
1   23   24   50   53   84   85  113  114  545
1  109  110  295  296  303  304  305  401  402  545
1   33   34  301  302  303  304  305  430  431  538  545
