fields 34
worms 5
Wave_Initiation_Rate_Median
82.034332 103.175274 102.371062 24.460697 32.803608 
Wave_Initiation_Rate_Range
43.123907 39.434890 82.334713 37.575152 32.015700 
Body_Wave_Number_Median
0.512759 0.522876 0.678947 0.403881 0.479279 
Body_Wave_Number_Range
0.268628 0.434698 0.451722 1.068339 0.655249 
Asymmetry_Median
-0.007807 -0.001028 -0.014958 -0.010237 0.001468 
Asymmetry_Range
0.080310 0.052491 0.179561 0.168221 0.144713 
Reverse_Swimming
0.000000 9.935603 0.000000 16.724931 3.422263 
Curling
0.000000 0.000000 2.226345 6.692308 0.000000 
Stretch_Median
0.403512 0.337692 0.394041 0.609962 0.467253 
Stretch_Range
0.203278 0.123669 0.228877 0.272375 0.157011 
Attenuation_Median
74.646198 67.277554 69.744326 42.032307 64.237460 
Attenuation_Range
17.467905 46.297282 18.651103 43.260554 21.546085 
Traveling_Speed_Mean
5.089372 8.567846 8.759764 1.523260 2.655786 
Brush_Stroke_Median
0.261827 0.273480 0.242846 0.089870 0.058114 
Brush_Stroke_Range
0.067639 0.046031 0.076757 0.065795 0.022994 
Activity_Index_Median
233.120505 271.456530 255.881633 162.950259 93.462207 
Activity_Index_Range
119.400926 64.319317 222.316049 257.920149 109.733643 
Wave_Initiation_Rate_10
58.000742 80.124918 36.713477 11.555401 13.387163 
Body_Wave_Number_10
0.384865 0.184206 0.388798 0.099425 0.311390 
Asymmetry_10
-0.039334 -0.026312 -0.166182 -0.121453 -0.039304 
Stretch_10
0.341778 0.288959 0.308021 0.479970 0.394762 
Attenuation_10
65.717575 30.733349 61.054521 21.061052 51.553585 
Brush_Stroke_10
0.237975 0.258667 0.183982 0.061658 0.052009 
Activity_Index_10
156.681903 233.779303 74.736043 72.789631 35.555218 
usability
0.985294 0.976103 0.990809 0.955882 0.998162 
status
valid
valid
valid
valid
valid
highThr
56.000000 59.000000 55.000000 69.000000 57.000000 
lowThr
41.000000 31.000000 40.000000 12.000000 23.000000 
prevThr
25.000000 25.000000 25.000000 25.000000 25.000000 
highThrDef
56.000000 59.000000 55.000000 69.000000 57.000000 
lowThrDef
41.000000 31.000000 40.000000 12.000000 23.000000 
prevThrDef
25.000000 25.000000 25.000000 25.000000 25.000000 
manualSeparators





separators
1    3    4   31   32  131  132  301  302  340  342  442  443  477  478  545
1  287  290  318  319  337  338  382  384  398  399  431  433  442  443  470  471  490  491  545
1  220  221  257  258  268  269  281  282  320  321  545
1   59   60   61  101  102  106  107  156  159  171  172  179  180  181  182  184  185  187  188  225  226  258  260  261  262  274  275  282  283  346  347  361  362  401  403  455  456  474  475  545
1  343  344  545
