fields 34
worms 5
Wave_Initiation_Rate_Median
46.546850 7.169290 18.900400 6.700113 NaN 
Wave_Initiation_Rate_Range
47.644605 4.511746 20.910903 2.189608 NaN 
Body_Wave_Number_Median
0.719065 1.749354 1.258475 1.953109 NaN 
Body_Wave_Number_Range
0.492098 0.364099 1.211284 1.897974 NaN 
Asymmetry_Median
-0.033248 0.096396 -0.023934 -0.058889 NaN 
Asymmetry_Range
0.129108 0.077962 0.321084 0.051838 NaN 
Reverse_Swimming
4.615385 0.000000 8.190279 0.000000 NaN 
Curling
2.699387 0.000000 6.551724 0.000000 NaN 
Stretch_Median
0.570847 0.414217 0.714121 0.293367 NaN 
Stretch_Range
0.190434 0.240583 0.173560 0.144233 NaN 
Attenuation_Median
61.168976 79.109809 71.347635 70.681361 NaN 
Attenuation_Range
25.160614 20.802941 27.583147 15.844819 NaN 
Traveling_Speed_Mean
3.927160 0.378284 1.296717 0.501416 NaN 
Brush_Stroke_Median
0.124295 0.028171 0.061123 0.027423 NaN 
Brush_Stroke_Range
0.059178 0.003994 0.025055 0.010291 NaN 
Activity_Index_Median
159.946209 10.541900 60.773165 9.886388 NaN 
Activity_Index_Range
179.746996 6.352236 76.499075 4.467006 NaN 
Wave_Initiation_Rate_10
18.681008 6.086343 9.199157 6.082998 NaN 
Body_Wave_Number_10
0.481083 1.544000 0.557803 1.727220 NaN 
Asymmetry_10
-0.130012 0.035424 -0.221834 -0.070538 NaN 
Stretch_10
0.487096 0.299369 0.618338 0.231153 NaN 
Attenuation_10
48.483764 66.507905 49.637720 62.756620 NaN 
Brush_Stroke_10
0.085203 0.027033 0.045381 0.025718 NaN 
Activity_Index_10
42.486139 8.553905 28.485773 8.199902 NaN 
usability
0.898897 1.000000 0.959559 1.000000 0.483456 
status
valid
valid
valid
valid
rejected
highThr
58.000000 48.000000 61.000000 55.000000 55.000000 
lowThr
38.000000 38.000000 39.000000 45.000000 36.000000 
prevThr
25.000000 25.000000 25.000000 25.000000 25.000000 
highThrDef
58.000000 48.000000 61.000000 55.000000 55.000000 
lowThrDef
38.000000 38.000000 39.000000 45.000000 36.000000 
prevThrDef
25.000000 25.000000 25.000000 25.000000 25.000000 
manualSeparators


280  281

417  418  419
separators
1  242  243  246  247  279  301  302  500  501  545
1  543  544  545
1  280  281  282  287  288  302  303  304  342  361  362  545
1   43   44  141  142  545
1  221  222  242  243  382  383  414  415  417  418  419  421  422  463  464  491  545
