fields 34
worms 5
Wave_Initiation_Rate_Median
37.647183 6.659570 8.481174 NaN NaN 
Wave_Initiation_Rate_Range
45.130792 2.506272 3.780628 NaN NaN 
Body_Wave_Number_Median
0.819071 1.877142 1.766009 NaN NaN 
Body_Wave_Number_Range
0.540577 1.004719 0.335002 NaN NaN 
Asymmetry_Median
0.018678 0.020254 0.001107 NaN NaN 
Asymmetry_Range
0.200353 0.191094 0.026696 NaN NaN 
Reverse_Swimming
2.373505 0.000000 0.000000 NaN NaN 
Curling
4.406780 0.000000 0.000000 NaN NaN 
Stretch_Median
0.587289 0.371078 0.385711 NaN NaN 
Stretch_Range
0.280309 0.165638 0.137895 NaN NaN 
Attenuation_Median
63.812319 76.813281 82.915258 NaN NaN 
Attenuation_Range
26.285292 12.774902 12.545723 NaN NaN 
Traveling_Speed_Mean
2.268428 0.632235 0.481732 NaN NaN 
Brush_Stroke_Median
0.063944 0.029974 0.027347 NaN NaN 
Brush_Stroke_Range
0.024870 0.006217 0.001770 NaN NaN 
Activity_Index_Median
97.904120 10.044048 11.988865 NaN NaN 
Activity_Index_Range
111.772189 5.626116 5.065905 NaN NaN 
Wave_Initiation_Rate_10
15.193471 5.536126 6.731515 NaN NaN 
Body_Wave_Number_10
0.561738 1.684368 1.539512 NaN NaN 
Asymmetry_10
-0.023581 -0.100824 -0.014888 NaN NaN 
Stretch_10
0.438593 0.299976 0.295399 NaN NaN 
Attenuation_10
50.501205 70.274176 74.203376 NaN NaN 
Brush_Stroke_10
0.051043 0.027934 0.026314 NaN NaN 
Activity_Index_10
42.781768 8.188847 9.426193 NaN NaN 
usability
0.976103 1.000000 1.000000 0.922794 1.000000 
status
valid
valid
valid
rejected
rejected
highThr
68.000000 62.000000 60.000000 63.000000 57.000000 
lowThr
34.000000 46.000000 47.000000 44.000000 44.000000 
prevThr
25.000000 25.000000 25.000000 25.000000 25.000000 
highThrDef
68.000000 60.000000 59.000000 63.000000 57.000000 
lowThrDef
34.000000 46.000000 47.000000 44.000000 44.000000 
prevThrDef
25.000000 25.000000 25.000000 25.000000 25.000000 
manualSeparators
307  308  329  330




separators
1  110  111  171  175  199  204  281  282  306  307  308  329  330  331  545
1  545
1  545
1   41   42  501  502  545
1  545
