fields 34
worms 3
Wave_Initiation_Rate_Median
134.048343 20.163904 135.473344 
Wave_Initiation_Rate_Range
22.180091 92.292552 1.099166 
Body_Wave_Number_Median
0.695089 0.877049 0.377588 
Body_Wave_Number_Range
0.207438 1.258380 0.373530 
Asymmetry_Median
-0.007613 0.008882 0.011615 
Asymmetry_Range
0.027412 0.192227 0.026795 
Reverse_Swimming
0.000000 0.000000 0.000000 
Curling
0.000000 5.555556 0.000000 
Stretch_Median
0.387496 0.743474 0.320487 
Stretch_Range
0.078788 0.541872 0.137323 
Attenuation_Median
61.017767 70.115049 52.003159 
Attenuation_Range
16.394669 58.768646 29.302287 
Traveling_Speed_Mean
17.204042 1.825372 4.960195 
Brush_Stroke_Median
0.321399 0.056270 0.428416 
Brush_Stroke_Range
0.027273 0.043707 0.057381 
Activity_Index_Median
334.932046 34.719536 466.738019 
Activity_Index_Range
68.387943 248.577834 62.237067 
Wave_Initiation_Rate_10
112.906591 9.948334 134.929681 
Body_Wave_Number_10
0.556974 0.311641 0.206603 
Asymmetry_10
-0.023700 -0.116079 0.001716 
Stretch_10
0.356048 0.376082 0.258505 
Attenuation_10
51.048080 30.464425 36.923649 
Brush_Stroke_10
0.306968 0.040192 0.403444 
Activity_Index_10
288.251387 24.850384 437.094936 
usability
0.994485 0.893382 0.755515 
status
valid
valid
valid
highThr
52.000000 76.000000 54.000000 
lowThr
37.000000 26.000000 17.000000 
prevThr
25.000000 25.000000 10.000000 
highThrDef
52.000000 76.000000 54.000000 
lowThrDef
37.000000 26.000000 17.000000 
prevThrDef
25.000000 25.000000 25.000000 
manualSeparators



separators
1  203  204  327  328  329  545
1    7    8   63   64   69   70  123  124  130  131  134  135  146  147  156  159  173  176  233  234  255  257  259  260  272  273  338  350  351  352  353  362  363  399  400  403  421  422  423  473  474  517  518  545
1   61   62   66   67   74   75   87   88  102  103  109  110  122  123  131  132  133  139  140  141  148  149  171  172  324  325  355  356  384  441  472  473  545
