fields 34
worms 5
Wave_Initiation_Rate_Median
120.094881 134.971385 102.337338 101.703037 136.562223 
Wave_Initiation_Rate_Range
102.865436 27.845393 94.788993 105.795156 18.174622 
Body_Wave_Number_Median
0.563369 0.555289 0.548193 0.413858 0.468700 
Body_Wave_Number_Range
0.688893 0.247054 0.415603 0.635316 0.231074 
Asymmetry_Median
-0.012431 0.005965 -0.001991 -0.002289 0.002267 
Asymmetry_Range
0.069316 0.058574 0.095547 0.159059 0.037644 
Reverse_Swimming
0.000000 0.000000 1.766497 7.230911 0.000000 
Curling
2.776660 0.000000 0.000000 7.358491 0.000000 
Stretch_Median
0.441946 0.321956 0.443872 0.541922 0.354198 
Stretch_Range
0.362493 0.090683 0.340059 0.375635 0.133471 
Attenuation_Median
67.347981 62.556416 69.218042 61.335504 72.158712 
Attenuation_Range
29.453571 23.370561 17.834337 55.646348 19.539125 
Traveling_Speed_Mean
3.975427 14.285891 9.383565 6.697912 10.502695 
Brush_Stroke_Median
0.278367 0.282904 0.318519 0.585014 0.322687 
Brush_Stroke_Range
0.140177 0.047991 0.093050 0.432078 0.058985 
Activity_Index_Median
359.299440 375.305815 242.750856 596.439946 367.268973 
Activity_Index_Range
283.596393 89.262818 233.485275 711.133626 66.761709 
Wave_Initiation_Rate_10
31.839802 107.733394 40.654251 16.524418 134.503821 
Body_Wave_Number_10
0.411739 0.430103 0.264447 0.105008 0.403767 
Asymmetry_10
-0.046355 -0.005790 -0.057298 -0.084354 -0.013113 
Stretch_10
0.364780 0.285141 0.324131 0.398367 0.291474 
Attenuation_10
47.003847 50.939705 60.692438 18.863874 63.510160 
Brush_Stroke_10
0.218788 0.265641 0.287675 0.246881 0.299010 
Activity_Index_10
202.038632 320.488937 105.479178 47.295699 337.157073 
usability
0.913603 0.990809 0.972426 0.974265 0.965074 
status
valid
valid
valid
valid
valid
highThr
59.000000 65.000000 67.000000 64.000000 67.000000 
lowThr
34.000000 36.000000 49.000000 27.000000 35.000000 
prevThr
25.000000 10.000000 10.000000 10.000000 25.000000 
highThrDef
59.000000 65.000000 67.000000 64.000000 67.000000 
lowThrDef
34.000000 36.000000 49.000000 27.000000 35.000000 
prevThrDef
25.000000 25.000000 25.000000 25.000000 25.000000 
manualSeparators


505


separators
1   10   12   31   32   41   42   44  122  141  142  195  196  542  543  545
1  163  165  169  170  297  298  299  300  545
1   36   37   54   55   99  100  211  212  213  214  505  514  515  545
1    2    5    6   48   49   83   84  130  131  187  188  195  196  212  213  258  260  262  263  534  535  545
1   62   63   82   83  166  167  225  226  227  229  232  233  235  236  239  240  242  243  282  283  284  294  295  297  301  302  457  458  494  495  534  535  545
