fields 34
worms 6
Wave_Initiation_Rate_Median
135.496023 NaN 136.106588 169.483707 54.540637 NaN 
Wave_Initiation_Rate_Range
76.918645 NaN 114.629652 124.784563 110.417960 NaN 
Body_Wave_Number_Median
0.474797 NaN 0.454677 0.396342 0.270852 NaN 
Body_Wave_Number_Range
0.427034 NaN 0.555467 0.274310 0.485858 NaN 
Asymmetry_Median
0.018312 NaN -0.020949 -0.012197 0.002140 NaN 
Asymmetry_Range
0.079001 NaN 0.077978 0.080808 0.195572 NaN 
Reverse_Swimming
0.000000 NaN 0.000000 0.000000 10.193286 NaN 
Curling
0.452830 NaN 0.601202 0.899358 4.194175 NaN 
Stretch_Median
0.360912 NaN 0.380051 0.361071 0.478912 NaN 
Stretch_Range
0.225404 NaN 0.261136 0.196167 0.493069 NaN 
Attenuation_Median
69.386546 NaN 71.155560 75.720466 59.662237 NaN 
Attenuation_Range
17.232339 NaN 30.410846 25.398628 81.093107 NaN 
Traveling_Speed_Mean
10.961461 NaN 19.141641 16.541556 5.055808 NaN 
Brush_Stroke_Median
0.341047 NaN 0.410788 0.442061 0.090435 NaN 
Brush_Stroke_Range
0.133655 NaN 0.747506 0.065378 0.065464 NaN 
Activity_Index_Median
356.428060 NaN 404.382285 446.197277 135.970186 NaN 
Activity_Index_Range
267.768193 NaN 924.037011 337.533368 196.518523 NaN 
Wave_Initiation_Rate_10
68.680383 NaN 26.579351 45.621489 26.935349 NaN 
Body_Wave_Number_10
0.202063 NaN 0.296551 0.302375 0.049502 NaN 
Asymmetry_10
0.004742 NaN -0.077976 -0.085040 -0.088820 NaN 
Stretch_10
0.300626 NaN 0.297949 0.284304 0.319035 NaN 
Attenuation_10
61.205859 NaN 50.653933 57.122234 -1.593158 NaN 
Brush_Stroke_10
0.301616 NaN 0.284965 0.408525 0.060825 NaN 
Activity_Index_10
195.961622 NaN 63.380097 140.498603 63.353856 NaN 
usability
0.974265 0.582721 0.917279 0.858456 0.946691 0.000000 
status
valid
rejected
valid
valid
valid
rejected
highThr
57.000000 55.000000 61.000000 66.000000 70.000000 56.000000 
lowThr
35.000000 29.000000 34.000000 25.000000 31.000000 17.000000 
prevThr
10.000000 10.000000 10.000000 10.000000 25.000000 25.000000 
highThrDef
57.000000 55.000000 61.000000 66.000000 70.000000 56.000000 
lowThrDef
35.000000 5.000000 34.000000 18.000000 31.000000 17.000000 
prevThrDef
25.000000 25.000000 25.000000 25.000000 25.000000 25.000000 
manualSeparators






separators
1   21   22   25   27   40   41   72   73  147  148  309  310  353  354  402  403  421  423  442  443  465  466  501  502  545
1   93  102  103  105  106  108  109  112  113  115  116  119  120  121  122  141  145  146  155  156  159  160  161  162  163  175  176  179  180  182  183  188  189  192  193  201  221  224  225  228  229  235  236  241  242  301  302  321  329  330  335  336  341  343  344  345  356  357  361  384  385  387  388  391  392  410  411  444  445  520  521  527  529  533  537  538  541  543  544  545
1  134  135  141  142  273  274  275  302  303  462  501  502  545
1   84   85  261  264  265  269  270  275  276  277  283  284  296  297  302  303  304  309  310  317  318  321  345  346  520  521  527  529  533  537  541  542  545
1   36   37  101  102  122  123  128  129  171  172  256  257  305  306  350  351  360  361  383  384  388  390  411  412  458  459  460  477  478  490  491  522  524  525  526  545
1  341  342  343  545
