fields 34
worms 5
Wave_Initiation_Rate_Median
67.798370 87.604226 74.203268 67.761520 67.649680 
Wave_Initiation_Rate_Range
34.796394 35.447981 52.165502 37.758379 32.439735 
Body_Wave_Number_Median
0.313275 0.417783 0.274036 0.506331 0.444651 
Body_Wave_Number_Range
0.244243 0.400034 0.420155 0.195896 0.201866 
Asymmetry_Median
-0.029202 0.000605 -0.003463 0.018317 -0.012346 
Asymmetry_Range
0.083995 0.087219 0.064808 0.108004 0.101063 
Reverse_Swimming
2.925483 2.594296 1.634506 0.000000 2.263109 
Curling
1.436464 0.000000 0.000000 0.000000 0.000000 
Stretch_Median
0.410779 0.401925 0.374496 0.479443 0.468336 
Stretch_Range
0.171555 0.136216 0.186203 0.184672 0.172180 
Attenuation_Median
56.733002 66.121783 62.686633 64.141775 58.348240 
Attenuation_Range
20.005646 20.294883 27.878637 16.793219 26.076502 
Traveling_Speed_Mean
7.831574 8.226388 9.923871 8.092888 6.492369 
Brush_Stroke_Median
0.187966 0.178430 0.207556 0.185751 0.194934 
Brush_Stroke_Range
0.030020 0.021031 0.079174 0.135761 0.024009 
Activity_Index_Median
194.968063 264.845547 226.531410 186.716881 217.505720 
Activity_Index_Range
73.606442 92.686514 165.588219 264.356331 104.288224 
Wave_Initiation_Rate_10
51.195354 66.888894 50.259645 48.938009 52.421603 
Body_Wave_Number_10
0.185422 0.215133 0.063112 0.419935 0.297340 
Asymmetry_10
-0.083022 -0.040585 -0.037575 -0.018340 -0.069494 
Stretch_10
0.331764 0.346875 0.283673 0.381538 0.377738 
Attenuation_10
46.356129 53.014127 43.027983 55.712864 43.777214 
Brush_Stroke_10
0.170936 0.167966 0.169599 0.153940 0.183237 
Activity_Index_10
154.506243 201.628351 112.289638 112.270073 159.588972 
usability
0.998162 0.976103 0.882353 0.987132 0.990809 
status
valid
valid
valid
valid
valid
highThr
50.000000 54.000000 52.000000 52.000000 51.000000 
lowThr
28.000000 32.000000 14.000000 38.000000 36.000000 
prevThr
25.000000 25.000000 20.000000 25.000000 25.000000 
highThrDef
50.000000 54.000000 52.000000 52.000000 51.000000 
lowThrDef
28.000000 32.000000 14.000000 38.000000 36.000000 
prevThrDef
25.000000 25.000000 25.000000 25.000000 25.000000 
manualSeparators





separators
1  456  457  545
1   84   86   93   94   95   96   97   98   99  100  203  205  502  503  510  514  545
1  247  248  260  261  440  501  502  545
1    2  208  209  300  301  456  457  469  471  494  495  545
1   89   90  184  185  224  225  226  227  529  530  545
