fields 34
worms 6
Wave_Initiation_Rate_Median
7.968854 7.309836 7.866454 NaN 67.760903 NaN 
Wave_Initiation_Rate_Range
6.461335 2.012043 2.364145 NaN 62.094555 NaN 
Body_Wave_Number_Median
1.589359 1.933395 1.798124 NaN 0.520712 NaN 
Body_Wave_Number_Range
1.524250 1.138199 0.283052 NaN 1.243726 NaN 
Asymmetry_Median
0.096709 0.036028 -0.032729 NaN -0.007949 NaN 
Asymmetry_Range
0.361226 0.012478 0.110958 NaN 0.067531 NaN 
Reverse_Swimming
1.964912 0.000000 0.000000 NaN 1.490340 NaN 
Curling
26.120690 0.000000 0.000000 NaN 0.110294 NaN 
Stretch_Median
0.377737 0.328764 0.546688 NaN 0.436934 NaN 
Stretch_Range
0.653237 0.146344 0.128492 NaN 0.108638 NaN 
Attenuation_Median
46.296915 49.366595 68.765464 NaN 61.255472 NaN 
Attenuation_Range
69.341124 55.332511 14.185598 NaN 24.506550 NaN 
Traveling_Speed_Mean
0.368319 0.732280 0.791417 NaN 6.305204 NaN 
Brush_Stroke_Median
0.027930 0.028258 0.034800 NaN 0.159214 NaN 
Brush_Stroke_Range
0.013448 0.002832 0.004606 NaN 0.090400 NaN 
Activity_Index_Median
11.488757 10.652784 14.061140 NaN 183.073611 NaN 
Activity_Index_Range
12.939254 3.542045 5.496561 NaN 203.279049 NaN 
Wave_Initiation_Rate_10
4.974581 6.479229 6.941240 NaN 7.934179 NaN 
Body_Wave_Number_10
0.475750 1.612452 1.611508 NaN 0.276662 NaN 
Asymmetry_10
-0.095078 0.028864 -0.075977 NaN -0.049477 NaN 
Stretch_10
0.012915 0.244621 0.463078 NaN 0.378343 NaN 
Attenuation_10
0.000000 5.145558 62.341220 NaN 52.076598 NaN 
Brush_Stroke_10
0.020000 0.027229 0.033027 NaN 0.098560 NaN 
Activity_Index_10
4.974581 8.886475 11.548949 NaN 14.172347 NaN 
usability
0.852941 1.000000 0.998162 0.547794 1.000000 0.132353 
status
valid
valid
valid
rejected
valid
rejected
highThr
56.000000 33.000000 45.000000 33.000000 46.000000 23.000000 
lowThr
21.000000 16.000000 27.000000 19.000000 22.000000 11.000000 
prevThr
25.000000 25.000000 25.000000 25.000000 25.000000 25.000000 
highThrDef
56.000000 33.000000 45.000000 33.000000 46.000000 23.000000 
lowThrDef
21.000000 16.000000 27.000000 7.000000 22.000000 11.000000 
prevThrDef
25.000000 25.000000 25.000000 25.000000 25.000000 25.000000 
manualSeparators
42  43





separators
1   42   43   62   63   66   67   77   78   87   88  121  122  161  162  341  342  545
1  521  522  545
1  448  449  545
1    9   10   17   18   21   22   27   28   31   32   37   38   39   40   47   48   50   51   64   65   73   74   81   82   86   87   89   90   92   93   97   98  101  102  105  106  110  111  116  117  118  119  120  121  161  162  184  185  186  187  199  200  225  226  227  228  234  235  241  242  283  284  293  294  296  297  298  299  301  302  305  306  316  317  321  322  327  328  329  330  331  332  334  335  337  338  341  342  343  381  401  545
1  135  136  545
1   73  545
