fields 34
worms 6
Wave_Initiation_Rate_Median
151.652413 132.684943 134.810229 118.180576 118.637718 NaN 
Wave_Initiation_Rate_Range
55.098228 20.775181 103.484118 91.798174 95.031748 NaN 
Body_Wave_Number_Median
0.500813 0.595162 0.630634 0.581744 0.646750 NaN 
Body_Wave_Number_Range
0.161823 0.230979 0.382039 0.377985 0.670017 NaN 
Asymmetry_Median
0.008872 -0.016057 0.012265 0.024683 0.007202 NaN 
Asymmetry_Range
0.052386 0.027483 0.095285 0.116324 0.105089 NaN 
Reverse_Swimming
0.000000 0.000000 0.000000 0.000000 1.694915 NaN 
Curling
0.110497 0.000000 1.485714 0.000000 0.000000 NaN 
Stretch_Median
0.289979 0.338767 0.352694 0.350141 0.298004 NaN 
Stretch_Range
0.115207 0.119515 0.388319 0.240131 0.212658 NaN 
Attenuation_Median
72.792569 78.008468 79.955959 79.126806 81.497481 NaN 
Attenuation_Range
18.856309 18.584891 19.926431 15.001420 12.933928 NaN 
Traveling_Speed_Mean
12.174731 17.081173 18.864378 10.635408 10.348337 NaN 
Brush_Stroke_Median
0.326531 0.361977 0.305710 0.356414 0.357909 NaN 
Brush_Stroke_Range
0.056626 0.115142 0.081078 0.129398 0.188404 NaN 
Activity_Index_Median
325.896236 383.324120 328.297154 339.179002 580.629834 NaN 
Activity_Index_Range
106.554916 145.321170 265.083277 270.820084 419.094760 NaN 
Wave_Initiation_Rate_10
98.949055 114.514643 33.843360 44.080751 57.623308 NaN 
Body_Wave_Number_10
0.408523 0.471923 0.360894 0.395781 0.205763 NaN 
Asymmetry_10
-0.011152 -0.029239 -0.023304 -0.058522 -0.058330 NaN 
Stretch_10
0.255253 0.284289 0.287064 0.274296 0.229118 NaN 
Attenuation_10
63.049470 66.776178 67.038886 70.512464 73.596569 NaN 
Brush_Stroke_10
0.305077 0.323243 0.252179 0.293988 0.298244 NaN 
Activity_Index_10
252.232676 310.832220 93.187083 121.849009 379.211319 NaN 
usability
0.998162 0.933824 0.965074 0.941176 0.696691 0.000000 
status
valid
valid
valid
valid
valid
rejected
highThr
65.000000 82.000000 72.000000 74.000000 67.000000 NaN 
lowThr
45.000000 26.000000 46.000000 37.000000 32.000000 0.000000 
prevThr
10.000000 10.000000 25.000000 10.000000 10.000000 25.000000 
highThrDef
65.000000 82.000000 72.000000 74.000000 67.000000 NaN 
lowThrDef
45.000000 26.000000 46.000000 37.000000 32.000000 0.000000 
prevThrDef
25.000000 25.000000 25.000000 25.000000 25.000000 25.000000 
manualSeparators



112


separators
1  200  201  545
1  149  150  158  159  282  283  342  343  421  425  426  430  431  432  433  436  437  438  439  440  441  442  452  461  462  536  537  545
1  322  323  347  348  353  354  363  364  367  374  375  396  397  502  503  504  512  513  518  520  525  526  545
1  112  118  119  227  228  422  423  467  471  513  515  526  527  528  535  536  545
1  141  388  389  422  423  467  471  513  515  526  527  528  535  536  545
1  545
