fields 34
worms 5
Wave_Initiation_Rate_Median
142.188163 153.773169 152.872996 169.517979 168.908725 
Wave_Initiation_Rate_Range
114.224405 111.501267 109.312484 139.435054 88.099317 
Body_Wave_Number_Median
0.463985 0.452168 0.367752 0.435516 0.400062 
Body_Wave_Number_Range
0.646234 0.357190 0.441136 0.491529 0.325546 
Asymmetry_Median
-0.002107 -0.005313 0.008214 0.004514 -0.012484 
Asymmetry_Range
0.080566 0.081780 0.158074 0.080727 0.075924 
Reverse_Swimming
1.821527 1.724138 2.711058 1.136095 0.000000 
Curling
0.818713 0.903226 4.472050 0.391304 1.774194 
Stretch_Median
0.359970 0.352476 0.374034 0.321526 0.319129 
Stretch_Range
0.235129 0.224495 0.330486 0.250394 0.170348 
Attenuation_Median
64.140614 64.547351 58.382890 64.991961 66.388676 
Attenuation_Range
23.400567 24.195666 45.436046 18.633337 22.737201 
Traveling_Speed_Mean
17.114450 12.356969 9.841306 11.556505 10.039306 
Brush_Stroke_Median
0.446780 0.420000 0.285410 0.167652 0.498485 
Brush_Stroke_Range
0.149997 0.126160 0.315160 0.124537 0.580200 
Activity_Index_Median
423.194914 399.881246 463.910719 591.702986 492.176931 
Activity_Index_Range
326.965131 313.631044 752.721550 929.180992 611.734212 
Wave_Initiation_Rate_10
55.819066 57.657622 67.107510 33.446196 81.748723 
Body_Wave_Number_10
0.189319 0.250291 0.073332 0.071988 0.241574 
Asymmetry_10
-0.066239 -0.072082 -0.013608 -0.009297 -0.029411 
Stretch_10
0.266928 0.275656 0.280753 0.257051 0.257349 
Attenuation_10
50.347796 51.216725 28.045636 55.867801 53.649717 
Brush_Stroke_10
0.400667 0.371927 0.251746 0.072151 0.442652 
Activity_Index_10
216.292774 137.901357 249.440741 171.662703 432.976270 
usability
0.943015 0.854779 0.887868 0.845588 0.683824 
status
valid
valid
valid
valid
valid
highThr
61.000000 59.000000 51.000000 55.000000 53.000000 
lowThr
15.000000 13.000000 22.000000 22.000000 20.000000 
prevThr
10.000000 10.000000 10.000000 10.000000 10.000000 
highThrDef
61.000000 59.000000 51.000000 55.000000 53.000000 
lowThrDef
15.000000 13.000000 15.000000 22.000000 20.000000 
prevThrDef
25.000000 25.000000 25.000000 25.000000 25.000000 
manualSeparators
331

93


separators
1    6    7  152  153  235  236  331  339  340  463  464  466  467  468  469  470  471  472  474  475  476  477  480  481  501  502  503  504  505  506  508  509  510  513  514  515  517  518  519  521  522  545
1    5   21   71   72  323  324  346  347  363  364  367  368  369  370  373  374  380  381  403  404  422  423  424  429  430  431  434  461  462  463  464  465  466  486  501  510  511  530  531  542  543  545
1   57   58   62   81   82   93  100  101  205  206  241  242  283  284  302  303  316  317  331  332  349  350  358  359  365  366  426  427  445  446  481  483  484  489  490  492  493  495  496  498  499  501  502  545
1   61   89   90   95   96  144  154  155  163  164  230  231  503  504  545
1  141  142  154  155  177  178  226  228  229  230  231  234  235  347  348  403  404  504  505  507  508  511  512  514  515  516  517  521  522  545
