fields 34
worms 4
Wave_Initiation_Rate_Median
124.465110 109.876538 63.433606 NaN 
Wave_Initiation_Rate_Range
33.600270 79.554362 87.613616 NaN 
Body_Wave_Number_Median
0.480910 0.516451 0.394301 NaN 
Body_Wave_Number_Range
0.410107 0.470108 0.534115 NaN 
Asymmetry_Median
0.001255 -0.009044 0.011722 NaN 
Asymmetry_Range
0.034154 0.081705 0.140724 NaN 
Reverse_Swimming
1.766329 0.000000 0.000000 NaN 
Curling
0.557621 0.000000 2.845361 NaN 
Stretch_Median
0.401381 0.348468 0.540392 NaN 
Stretch_Range
0.230596 0.218031 0.252498 NaN 
Attenuation_Median
68.286046 65.935870 62.711938 NaN 
Attenuation_Range
18.006873 24.725444 25.396602 NaN 
Traveling_Speed_Mean
19.129694 4.546281 6.118680 NaN 
Brush_Stroke_Median
0.373785 0.057377 0.257628 NaN 
Brush_Stroke_Range
0.134280 0.067296 0.151796 NaN 
Activity_Index_Median
368.219025 301.867720 294.222931 NaN 
Activity_Index_Range
165.334157 259.139955 271.118507 NaN 
Wave_Initiation_Rate_10
101.394905 54.471693 29.828302 NaN 
Body_Wave_Number_10
0.238711 0.262473 0.177042 NaN 
Asymmetry_10
-0.019098 -0.062653 -0.034067 NaN 
Stretch_10
0.315412 0.278177 0.403169 NaN 
Attenuation_10
58.978476 55.867191 46.239277 NaN 
Brush_Stroke_10
0.299146 0.045697 0.229442 NaN 
Activity_Index_10
263.794820 160.825932 112.391712 NaN 
usability
0.988971 0.770221 0.891544 0.000000 
status
valid
valid
valid
rejected
highThr
60.000000 91.000000 64.000000 66.000000 
lowThr
30.000000 30.000000 37.000000 49.000000 
prevThr
10.000000 25.000000 10.000000 25.000000 
highThrDef
60.000000 91.000000 64.000000 66.000000 
lowThrDef
30.000000 11.000000 37.000000 49.000000 
prevThrDef
25.000000 25.000000 25.000000 25.000000 
manualSeparators




separators
1  331  332  490  491  492  496  499  545
1   30   31   39   40   41  102  103  133  134  221  222  223  224  226  246  248  256  257  279  280  288  289  292  293  301  302  304  307  308  309  341  342  347  348  463  464  490  491  496  499  545
1   71   72  102  103  134  181  182  192  193  250  251  261  262  263  282  283  322  323  415  416  529  530  531  545
1  341  545
