fields 34
worms 4
Wave_Initiation_Rate_Median
84.045049 121.539926 134.493917 108.217922 
Wave_Initiation_Rate_Range
92.131333 36.899034 33.664920 47.414711 
Body_Wave_Number_Median
0.595041 0.301463 0.424363 0.382440 
Body_Wave_Number_Range
1.240459 0.223107 0.272100 0.207579 
Asymmetry_Median
0.026369 0.007755 -0.007072 -0.025193 
Asymmetry_Range
0.071367 0.065087 0.075525 0.064524 
Reverse_Swimming
0.000000 0.000000 0.000000 0.000000 
Curling
0.000000 0.000000 0.000000 0.000000 
Stretch_Median
0.433908 0.358066 0.295634 0.338629 
Stretch_Range
0.143870 0.182974 0.095599 0.178825 
Attenuation_Median
68.152189 65.610664 56.940123 61.198767 
Attenuation_Range
29.657434 21.324176 23.726197 20.486762 
Traveling_Speed_Mean
4.396545 11.861456 9.028190 5.837894 
Brush_Stroke_Median
0.206011 0.337932 0.311011 0.183705 
Brush_Stroke_Range
0.043211 0.107428 0.062264 0.033310 
Activity_Index_Median
183.954593 374.757808 325.199125 264.040742 
Activity_Index_Range
209.375183 176.144902 70.321504 104.596784 
Wave_Initiation_Rate_10
8.732247 97.921452 101.444792 79.359014 
Body_Wave_Number_10
0.317422 0.212810 0.290109 0.271789 
Asymmetry_10
-0.011001 -0.012822 -0.058182 -0.066715 
Stretch_10
0.354085 0.268068 0.262216 0.264129 
Attenuation_10
49.021452 55.334957 47.041530 51.551190 
Brush_Stroke_10
0.180584 0.287460 0.283659 0.172714 
Activity_Index_10
20.085009 261.520573 287.766948 195.363674 
usability
0.998162 0.985294 0.966912 0.908088 
status
valid
valid
valid
valid
highThr
55.000000 52.000000 51.000000 51.000000 
lowThr
39.000000 31.000000 34.000000 35.000000 
prevThr
25.000000 10.000000 25.000000 20.000000 
highThrDef
55.000000 52.000000 51.000000 51.000000 
lowThrDef
39.000000 31.000000 34.000000 35.000000 
prevThrDef
25.000000 25.000000 25.000000 25.000000 
manualSeparators




separators
1   22   23  545
1  142  143  146  147  260  261  274  275  304  305  309  310  315  316  521  522  545
1    2    3   45   47  152  153  155  156  379  380  405  406  409  411  415  416  417  442  443  459  461  468  470  473  474  481  482  545
1   41   42   76   77   91   92  152  153  155  156  502  503  545
