fields 34
worms 5
Wave_Initiation_Rate_Median
69.828495 100.959712 85.792905 36.075196 69.513156 
Wave_Initiation_Rate_Range
66.825959 12.685677 60.020044 49.685323 67.971297 
Body_Wave_Number_Median
0.557262 0.654933 0.585949 0.450292 0.525305 
Body_Wave_Number_Range
0.464344 0.459568 0.477879 0.662395 0.605994 
Asymmetry_Median
0.000667 0.002484 0.002519 0.005350 -0.012099 
Asymmetry_Range
0.082524 0.027368 0.101357 0.262044 0.122501 
Reverse_Swimming
0.000000 0.000000 2.870285 9.162833 3.621868 
Curling
1.573034 0.000000 0.110701 13.837209 3.214286 
Stretch_Median
0.396765 0.291554 0.371743 0.721543 0.439760 
Stretch_Range
0.293827 0.113840 0.337022 0.477570 0.362254 
Attenuation_Median
60.031190 69.437422 63.697101 38.374097 51.343324 
Attenuation_Range
29.005264 21.360723 19.539440 51.610587 42.986202 
Traveling_Speed_Mean
8.725331 6.118939 7.759246 2.613472 5.916014 
Brush_Stroke_Median
0.250156 0.198366 0.228155 0.170995 0.190747 
Brush_Stroke_Range
0.081833 0.034788 0.118529 0.098432 0.119439 
Activity_Index_Median
194.075722 215.184079 212.141275 176.729389 235.246918 
Activity_Index_Range
163.882449 56.807277 86.403915 305.445669 331.803685 
Wave_Initiation_Rate_10
33.283760 89.307341 48.491696 17.964663 32.816988 
Body_Wave_Number_10
0.216949 0.527407 0.321379 0.058714 0.048110 
Asymmetry_10
-0.038353 -0.011821 -0.022241 -0.081620 -0.093717 
Stretch_10
0.295834 0.234896 0.254590 0.419403 0.323317 
Attenuation_10
48.015080 56.108099 51.998847 14.001045 30.319112 
Brush_Stroke_10
0.204966 0.178432 0.185486 0.148571 0.143691 
Activity_Index_10
83.128494 176.762574 160.864936 110.141138 89.504142 
usability
0.981618 1.000000 0.996324 0.948529 0.926471 
status
valid
valid
valid
valid
valid
highThr
63.000000 52.000000 65.000000 69.000000 65.000000 
lowThr
37.000000 30.000000 40.000000 42.000000 29.000000 
prevThr
25.000000 25.000000 25.000000 25.000000 25.000000 
highThrDef
63.000000 52.000000 65.000000 69.000000 65.000000 
lowThrDef
37.000000 30.000000 40.000000 42.000000 29.000000 
prevThrDef
25.000000 25.000000 25.000000 25.000000 25.000000 
manualSeparators





separators
1  348  356  362  363  375  376  545
1  545
1  264  265  540  541  545
1    3    4   75   76   84   85   86   87  102  103  104  105  130  133  148  149  150  195  196  207  208  226  227  272  273  279  280  282  283  307  308  312  313  314  375  376  380  381  444  445  495  496  519  520  534  536  543  544  545
1   29   30  139  140  171  172  221  222  224  225  226  228  229  235  236  237  238  241  242  243  246  247  315  316  374  375  390  392  401  404  439  440  442  443  482  484  495  496  527  528  544  545
