fields 34
worms 5
Wave_Initiation_Rate_Median
66.982051 56.902493 NaN 61.380596 NaN 
Wave_Initiation_Rate_Range
32.923660 44.442401 NaN 51.183099 NaN 
Body_Wave_Number_Median
0.658827 0.676535 NaN 0.726666 NaN 
Body_Wave_Number_Range
0.648016 0.644525 NaN 1.010992 NaN 
Asymmetry_Median
-0.006954 -0.066909 NaN -0.014781 NaN 
Asymmetry_Range
0.071447 0.155616 NaN 0.067641 NaN 
Reverse_Swimming
0.000000 5.409384 NaN 0.000000 NaN 
Curling
0.000000 0.555556 NaN 0.765957 NaN 
Stretch_Median
0.421481 0.544553 NaN 0.455553 NaN 
Stretch_Range
0.207383 0.295117 NaN 0.210327 NaN 
Attenuation_Median
67.589681 64.590465 NaN 63.758221 NaN 
Attenuation_Range
14.179508 33.322632 NaN 22.364738 NaN 
Traveling_Speed_Mean
7.136114 9.285953 NaN 3.599250 NaN 
Brush_Stroke_Median
0.163501 0.184388 NaN 0.062807 NaN 
Brush_Stroke_Range
0.039374 0.077070 NaN 0.028526 NaN 
Activity_Index_Median
173.505563 160.528147 NaN 180.532873 NaN 
Activity_Index_Range
113.690648 171.698856 NaN 142.710395 NaN 
Wave_Initiation_Rate_10
34.836002 23.143018 NaN 15.533811 NaN 
Body_Wave_Number_10
0.221694 0.334542 NaN 0.468430 NaN 
Asymmetry_10
-0.033172 -0.138645 NaN -0.032765 NaN 
Stretch_10
0.356124 0.384658 NaN 0.353210 NaN 
Attenuation_10
59.230239 44.376617 NaN 52.809662 NaN 
Brush_Stroke_10
0.146578 0.139515 NaN 0.045658 NaN 
Activity_Index_10
84.851245 54.758189 NaN 99.424613 NaN 
usability
1.000000 0.992647 0.384191 0.863971 0.608456 
status
valid
valid
rejected
valid
rejected
highThr
75.000000 77.000000 69.000000 81.000000 86.000000 
lowThr
54.000000 54.000000 50.000000 56.000000 50.000000 
prevThr
25.000000 25.000000 25.000000 25.000000 25.000000 
highThrDef
75.000000 77.000000 69.000000 81.000000 86.000000 
lowThrDef
54.000000 54.000000 25.000000 56.000000 24.000000 
prevThrDef
25.000000 25.000000 25.000000 25.000000 25.000000 
manualSeparators



340  341

separators
1  177  178  545
1   52   53  201  205  402  407  409  410  417  418  545
1    3   18   22   40   45   59   66   71   72   73   74   81   88   91   95  101  102  103  108  112  113  120  130  141  142  143  149  161  162  164  169  184  189  204  212  215  216  226  227  228  233  249  252  253  257  259  260  272  281  288  289  296  303  316  325  327  328  329  330  335  347  359  360  361  365  379  382  383  394  408  410  411  413  415  433  434  435  450  461  465  466  467  478  479  480  486  497  502  508  509  516  517  518  523  535  542  545
1   37   43   52   65   95   96  115  116  118  119  126  127  128  129  147  148  152  153  154  155  156  221  222  232  238  245  249  340  341  545
1   10   16   19   20   44   46   86   93  115  132  142  143  150  151  175  181  188  194  195  231  232  233  234  241  243  244  323  381  383  392  426  427  441  454  458  459  467  468  537  538  539  541  545
