fields 34
worms 4
Wave_Initiation_Rate_Median
28.205355 118.805515 28.153074 NaN 
Wave_Initiation_Rate_Range
65.698619 65.507694 48.000526 NaN 
Body_Wave_Number_Median
0.784067 0.615691 0.915544 NaN 
Body_Wave_Number_Range
0.896769 0.536592 1.419657 NaN 
Asymmetry_Median
-0.024797 -0.013751 0.023296 NaN 
Asymmetry_Range
0.204924 0.088840 0.169243 NaN 
Reverse_Swimming
14.075437 1.324747 23.138122 NaN 
Curling
1.578947 0.334572 0.000000 NaN 
Stretch_Median
0.620747 0.415465 0.737908 NaN 
Stretch_Range
0.421353 0.244158 0.520359 NaN 
Attenuation_Median
66.926271 66.442507 72.704475 NaN 
Attenuation_Range
52.952716 24.010714 46.226516 NaN 
Traveling_Speed_Mean
4.135423 17.471102 3.424213 NaN 
Brush_Stroke_Median
0.074898 0.230286 0.104130 NaN 
Brush_Stroke_Range
0.027979 0.066378 0.028462 NaN 
Activity_Index_Median
96.904596 329.766012 96.467203 NaN 
Activity_Index_Range
172.222830 205.786422 140.021809 NaN 
Wave_Initiation_Rate_10
12.951086 68.209563 10.028330 NaN 
Body_Wave_Number_10
0.357135 0.247039 0.114306 NaN 
Asymmetry_10
-0.115241 -0.070986 -0.058906 NaN 
Stretch_10
0.337554 0.311869 0.416346 NaN 
Attenuation_10
27.246223 52.848930 30.429743 NaN 
Brush_Stroke_10
0.060960 0.198006 0.088269 NaN 
Activity_Index_10
52.301270 187.145560 35.833823 NaN 
usability
0.977941 0.988971 0.937500 
status
valid
valid
valid
rejected
highThr
76.000000 64.000000 78.000000 83.000000 
lowThr
41.000000 40.000000 38.000000 28.000000 
prevThr
25.000000 20.000000 25.000000 25.000000 
highThrDef
76.000000 64.000000 78.000000 83.000000 
lowThrDef
41.000000 42.000000 38.000000 28.000000 
prevThrDef
25.000000 25.000000 25.000000 25.000000 
manualSeparators




separators
1  151  152  169  177  178  218  219  232  233  545
1   29   31  256  257  482  483  519  520  523  524  545
1  353  354  359  360  381  382  405  415  545
1   72   73  134  135  141  142  151  152  167  168  181  182  254  255  265  266  380  381  392  399  405  406  434  435  465  466  545
