fields 34
worms 5
Wave_Initiation_Rate_Median
101.366652 83.148052 66.878862 68.931085 120.787239 
Wave_Initiation_Rate_Range
19.778515 32.916470 77.492576 12.819973 46.029266 
Body_Wave_Number_Median
0.656724 0.606806 0.652005 0.454334 0.566067 
Body_Wave_Number_Range
0.186500 0.281799 0.519452 0.194497 0.247443 
Asymmetry_Median
-0.013169 -0.012043 -0.032896 -0.004064 -0.001574 
Asymmetry_Range
0.046796 0.071909 0.144064 0.077761 0.046965 
Reverse_Swimming
1.379945 0.000000 7.368421 0.000000 0.000000 
Curling
0.000000 0.000000 0.000000 0.000000 0.000000 
Stretch_Median
0.364046 0.351743 0.409649 0.438664 0.300945 
Stretch_Range
0.106143 0.118714 0.307213 0.101896 0.130752 
Attenuation_Median
63.310144 75.084558 62.053773 81.133516 64.220180 
Attenuation_Range
20.220978 15.175444 51.300078 16.888997 18.793077 
Traveling_Speed_Mean
16.734016 3.877987 6.024334 7.607276 9.402585 
Brush_Stroke_Median
0.232126 0.167064 0.069662 0.204955 0.295126 
Brush_Stroke_Range
0.031486 0.021305 0.037212 0.037262 0.039535 
Activity_Index_Median
281.472811 208.251806 215.399905 219.754324 283.530475 
Activity_Index_Range
29.948449 70.258010 371.076512 50.605521 96.427145 
Wave_Initiation_Rate_10
83.232093 67.437686 16.391380 67.306775 88.121415 
Body_Wave_Number_10
0.576356 0.416326 0.455118 0.338273 0.434137 
Asymmetry_10
-0.033661 -0.041001 -0.096684 -0.051654 -0.034572 
Stretch_10
0.325243 0.309330 0.285405 0.393657 0.252813 
Attenuation_10
50.977502 67.478010 23.583719 68.966907 53.742354 
Brush_Stroke_10
0.219744 0.157237 0.053294 0.187302 0.277702 
Activity_Index_10
267.141146 170.876813 53.571702 197.100523 215.906752 
usability
0.987132 0.998162 0.966912 0.998162 0.977941 
status
valid
valid
valid
valid
valid
highThr
62.000000 60.000000 63.000000 61.000000 54.000000 
lowThr
46.000000 47.000000 42.000000 49.000000 38.000000 
prevThr
25.000000 25.000000 25.000000 25.000000 25.000000 
highThrDef
62.000000 60.000000 63.000000 61.000000 54.000000 
lowThrDef
46.000000 47.000000 42.000000 49.000000 38.000000 
prevThrDef
25.000000 25.000000 25.000000 25.000000 25.000000 
manualSeparators





separators
1    8   10   31   35  102  103  545
1   81   82  545
1  351  352  354  358  362  363  364  365  366  367  381  382  545
1  321  322  545
1  351  352  353  354  358  362  364  365  366  367  451  452  545
