fields 34
worms 5
Wave_Initiation_Rate_Median
200.318838 140.091500 170.473761 NaN NaN 
Wave_Initiation_Rate_Range
128.207786 126.600724 77.227686 NaN NaN 
Body_Wave_Number_Median
0.432426 0.463899 0.510994 NaN NaN 
Body_Wave_Number_Range
0.358393 0.394107 0.348222 NaN NaN 
Asymmetry_Median
-0.009612 -0.001558 -0.003701 NaN NaN 
Asymmetry_Range
0.042206 0.066900 0.064757 NaN NaN 
Reverse_Swimming
1.037640 2.649494 0.000000 NaN NaN 
Curling
0.226843 0.000000 0.472441 NaN NaN 
Stretch_Median
0.262246 0.328735 0.306406 NaN NaN 
Stretch_Range
0.181040 0.312339 0.165889 NaN NaN 
Attenuation_Median
74.481150 74.861251 76.293212 NaN NaN 
Attenuation_Range
23.538837 21.037940 17.612260 NaN NaN 
Traveling_Speed_Mean
17.712495 11.287352 9.139670 NaN NaN 
Brush_Stroke_Median
0.460392 0.344315 0.045172 NaN NaN 
Brush_Stroke_Range
0.911027 0.116287 0.016467 NaN NaN 
Activity_Index_Median
450.067013 342.168481 388.782301 NaN NaN 
Activity_Index_Range
1130.608217 317.963690 214.493001 NaN NaN 
Wave_Initiation_Rate_10
74.983209 34.933923 107.076254 NaN NaN 
Body_Wave_Number_10
0.195200 0.190275 0.338479 NaN NaN 
Asymmetry_10
-0.038542 -0.029900 -0.048436 NaN NaN 
Stretch_10
0.214137 0.252449 0.256151 NaN NaN 
Attenuation_10
60.008698 63.371925 64.669896 NaN NaN 
Brush_Stroke_10
0.374071 0.276493 0.039616 NaN NaN 
Activity_Index_10
176.905828 86.365846 242.662842 NaN NaN 
usability
0.972426 0.968750 0.933824 0.362132 0.150735 
status
valid
valid
valid
rejected
rejected
highThr
55.000000 65.000000 61.000000 55.000000 55.000000 
lowThr
28.000000 36.000000 27.000000 28.000000 39.000000 
prevThr
10.000000 25.000000 25.000000 25.000000 25.000000 
highThrDef
55.000000 65.000000 61.000000 55.000000 55.000000 
lowThrDef
28.000000 36.000000 27.000000 28.000000 39.000000 
prevThrDef
25.000000 25.000000 25.000000 25.000000 25.000000 
manualSeparators
92

234


separators
1   92  100  101  102  103  262  263  296  298  353  354  545
1  195  196  208  209  211  212  226  227  272  273  418  419  422  423  431  432  439  440  493  494  495  514  519  543  544  545
1    2    3  182  183  222  223  234  239  241  242  261  262  318  319  383  385  395  396  415  416  545
1  341  342  386  387  389  390  423  424  466  467  470  472  545
1  461  462  464  465  545
