fields 34
worms 5
Wave_Initiation_Rate_Median
66.885474 8.198345 7.404168 7.300288 NaN 
Wave_Initiation_Rate_Range
48.383774 5.634293 1.282298 4.002260 NaN 
Body_Wave_Number_Median
0.834018 1.777196 1.796317 1.753571 NaN 
Body_Wave_Number_Range
0.554944 1.180874 0.199454 0.493860 NaN 
Asymmetry_Median
-0.018193 0.011164 0.071669 -0.019933 NaN 
Asymmetry_Range
0.118527 0.175813 0.160431 0.078737 NaN 
Reverse_Swimming
8.886845 0.000000 0.000000 1.048758 NaN 
Curling
0.110294 0.000000 0.000000 0.000000 NaN 
Stretch_Median
0.537872 0.456917 0.351861 0.480547 NaN 
Stretch_Range
0.196559 0.150162 0.116077 0.285080 NaN 
Attenuation_Median
53.439596 69.050937 64.245952 81.443985 NaN 
Attenuation_Range
25.852343 21.285688 22.043874 14.210064 NaN 
Traveling_Speed_Mean
6.885561 0.986778 0.636920 0.928499 NaN 
Brush_Stroke_Median
0.163782 0.038851 0.039883 0.034620 NaN 
Brush_Stroke_Range
0.054862 0.015489 0.007981 0.018801 NaN 
Activity_Index_Median
173.435282 15.466557 14.830065 12.595760 NaN 
Activity_Index_Range
160.524160 10.629242 3.912781 11.505611 NaN 
Wave_Initiation_Rate_10
19.552485 6.500315 6.767649 6.015635 NaN 
Body_Wave_Number_10
0.529221 1.490755 1.707078 1.451165 NaN 
Asymmetry_10
-0.077230 -0.051550 -0.079094 -0.077943 NaN 
Stretch_10
0.475744 0.361934 0.286212 0.345664 NaN 
Attenuation_10
34.968038 58.497750 49.098508 72.902995 NaN 
Brush_Stroke_10
0.133723 0.031923 0.036203 0.028130 NaN 
Activity_Index_10
42.311104 12.687219 12.920501 9.492261 NaN 
usability
1.000000 0.886029 0.944853 0.998162 0.957721 
status
valid
valid
valid
valid
rejected
highThr
53.000000 51.000000 46.000000 47.000000 49.000000 
lowThr
37.000000 39.000000 32.000000 32.000000 38.000000 
prevThr
25.000000 25.000000 25.000000 25.000000 25.000000 
highThrDef
53.000000 51.000000 46.000000 47.000000 49.000000 
lowThrDef
37.000000 39.000000 32.000000 32.000000 38.000000 
prevThrDef
25.000000 25.000000 25.000000 25.000000 25.000000 
manualSeparators





separators
1  262  263  545
1   39  252  276  383  384  418  419  545
1  125  155  545
1  312  313  324  326  545
1   21   22   23   24  545
