fields 34
worms 5
Wave_Initiation_Rate_Median
67.238176 9.455548 63.404702 68.357211 62.683410 
Wave_Initiation_Rate_Range
7.441098 12.507284 40.039210 9.376368 22.786189 
Body_Wave_Number_Median
0.699390 1.551093 0.697847 0.729952 0.829761 
Body_Wave_Number_Range
0.396839 0.856568 0.353601 0.333880 0.448806 
Asymmetry_Median
-0.006166 0.020699 -0.007436 -0.007288 -0.026391 
Asymmetry_Range
0.053727 0.119643 0.089017 0.039510 0.078924 
Reverse_Swimming
0.000000 1.347305 0.000000 0.000000 0.000000 
Curling
0.000000 11.339713 0.000000 0.000000 0.000000 
Stretch_Median
0.365632 0.628437 0.402521 0.369829 0.476793 
Stretch_Range
0.105837 0.451724 0.343808 0.158541 0.142448 
Attenuation_Median
65.564143 52.747841 64.955585 63.349540 50.548219 
Attenuation_Range
14.790099 61.856849 20.763904 20.561101 17.025254 
Traveling_Speed_Mean
4.969390 0.782088 6.274071 7.263426 8.240590 
Brush_Stroke_Median
0.154153 0.051472 0.065449 0.158823 0.126154 
Brush_Stroke_Range
0.037931 0.021253 0.026570 0.042228 0.032630 
Activity_Index_Median
153.974975 23.093686 196.312481 174.443853 161.224650 
Activity_Index_Range
42.306582 12.408731 193.648898 61.572969 60.185832 
Wave_Initiation_Rate_10
60.805978 7.856356 27.222601 66.529078 45.067570 
Body_Wave_Number_10
0.542142 0.939258 0.468619 0.615839 0.635044 
Asymmetry_10
-0.027964 -0.052471 -0.055501 -0.029320 -0.080390 
Stretch_10
0.306705 0.504386 0.333552 0.305756 0.425915 
Attenuation_10
57.809963 10.271982 52.873624 53.526407 41.202619 
Brush_Stroke_10
0.132880 0.043794 0.054655 0.133672 0.108014 
Activity_Index_10
127.964700 18.920873 65.418721 148.143237 126.856131 
usability
0.915441 0.768382 0.931985 0.970588 0.983456 
status
valid
valid
valid
valid
valid
highThr
73.000000 71.000000 87.000000 79.000000 69.000000 
lowThr
53.000000 33.000000 39.000000 46.000000 49.000000 
prevThr
25.000000 25.000000 25.000000 25.000000 25.000000 
highThrDef
73.000000 71.000000 87.000000 79.000000 69.000000 
lowThrDef
53.000000 33.000000 35.000000 46.000000 49.000000 
prevThrDef
25.000000 25.000000 25.000000 25.000000 25.000000 
manualSeparators
355  356
13   14   15   16   18   17  141  142  163  164  180  181  219  220  217  218



separators
1  177  178  240  241  242  244  245  247  249  257  319  320  327  351  352  353  355  356  359  360  361  366  367  370  371  372  376  423  426  512  514  543  544  545
1    2   10   11   13   14   15   16   17   18  116  117  141  142  143  144  162  163  164  167  168  176  177  178  179  180  181  217  218  219  220  221  240  241  242  244  245  247  249  257  281  282  301  302  319  320  327  351  352  353  356  359  361  371  372  376  544  545
1  284  299  300  304  305  306  307  321  454  455  545
1  143  144  211  223  224  227  545
1  260  262  288  295  545
