fields 34
worms 5
Wave_Initiation_Rate_Median
108.831089 166.222731 154.272017 99.480099 171.361797 
Wave_Initiation_Rate_Range
124.440999 78.501960 107.051682 126.707641 117.995032 
Body_Wave_Number_Median
0.394190 0.589609 0.464897 0.476724 0.526706 
Body_Wave_Number_Range
0.280389 0.299361 0.526864 0.538245 0.406439 
Asymmetry_Median
0.028047 0.007301 0.002546 0.004430 0.011533 
Asymmetry_Range
0.089550 0.097588 0.057516 0.169289 0.081389 
Reverse_Swimming
4.212911 0.000000 5.625000 7.510431 7.269116 
Curling
1.963190 1.707317 0.677201 12.916667 0.506329 
Stretch_Median
0.430991 0.372912 0.306888 0.503300 0.324084 
Stretch_Range
0.287885 0.207996 0.349131 0.554240 0.278938 
Attenuation_Median
53.528903 63.856422 55.801637 56.195268 59.293662 
Attenuation_Range
37.215300 26.613519 36.123716 72.063339 54.512521 
Traveling_Speed_Mean
6.753464 8.987307 12.975997 6.092507 9.637717 
Brush_Stroke_Median
0.428457 0.417029 0.872985 0.125806 0.447711 
Brush_Stroke_Range
0.787620 0.232965 0.948120 0.090182 0.065853 
Activity_Index_Median
419.784931 375.938620 908.433893 418.357628 460.286541 
Activity_Index_Range
1000.688013 181.017281 1033.596022 452.569014 285.328423 
Wave_Initiation_Rate_10
44.757549 91.913835 64.336967 43.248394 68.384890 
Body_Wave_Number_10
0.270221 0.405632 0.143839 0.077467 0.239279 
Asymmetry_10
-0.004673 -0.016262 -0.027140 -0.080805 -0.003642 
Stretch_10
0.285810 0.305173 0.246449 0.317419 0.263036 
Attenuation_10
29.197815 49.098122 32.385083 5.561038 19.624681 
Brush_Stroke_10
0.384584 0.364646 0.410164 0.083141 0.421137 
Activity_Index_10
186.165255 269.305817 218.868742 117.883134 221.840665 
usability
0.898897 0.904412 0.814338 0.794118 0.871324 
status
valid
valid
valid
valid
valid
highThr
60.000000 55.000000 57.000000 52.000000 47.000000 
lowThr
19.000000 22.000000 25.000000 17.000000 20.000000 
prevThr
10.000000 25.000000 10.000000 10.000000 10.000000 
highThrDef
60.000000 55.000000 57.000000 52.000000 47.000000 
lowThrDef
19.000000 22.000000 13.000000 17.000000 20.000000 
prevThrDef
25.000000 25.000000 25.000000 25.000000 25.000000 
manualSeparators
325  326  323  171
73
415  511

178
separators
1   21   22   23   27   28   30   31   33   34   38   39   41   42   70   71   87   88   97   98  122  123  125  126  127  128  141  142  171  173  174  296  297  323  325  326  368  369  408  409  428  429  496  497  545
1   73   81   82   93   94  100  101  145  146  209  221  222  333  334  336  337  342  343  351  352  355  356  382  383  384  385  397  398  399  401  402  463  466  467  468  470  471  473  474  475  476  479  481  482  483  495  496  502  503  522  523  528  530  534  535  545
1   84   85   86  101  106  107  108  109  111  112  113  114  115  117  118  120  121  122  181  184  185  186  187  188  201  202  415  432  435  436  440  450  451  454  465  466  481  485  486  511  518  519  545
1  116  117  144  151  152  153  201  221  222  236  237  250  251  259  260  271  272  273  274  301  306  321  322  341  343  344  345  347  348  352  353  357  381  382  391  392  417  418  427  428  441  442  445  446  447  448  469  470  545
1   41   66   68   69   70   83   84   97   98  178  186  187  292  293  295  296  298  299  307  308  319  320  349  350  361  362  367  368  372  373  391  392  408  410  411  447  448  455  456  457  545
