fields 34
worms 5
Wave_Initiation_Rate_Median
68.422136 21.627399 32.530814 22.584028 24.929944 
Wave_Initiation_Rate_Range
38.311434 19.855340 13.184403 57.611045 40.195189 
Body_Wave_Number_Median
0.819175 0.866474 0.898089 0.704390 0.861709 
Body_Wave_Number_Range
0.839843 1.271634 0.798811 1.130718 0.915001 
Asymmetry_Median
0.008434 -0.005278 -0.028646 -0.011253 0.027909 
Asymmetry_Range
0.093348 0.186349 0.134458 0.275898 0.179352 
Reverse_Swimming
0.000000 19.429623 17.583082 15.731371 8.116545 
Curling
0.000000 0.000000 0.000000 0.443623 0.000000 
Stretch_Median
0.406802 0.534042 0.674143 0.568663 0.604407 
Stretch_Range
0.258066 0.212701 0.205802 0.298382 0.273006 
Attenuation_Median
65.548901 36.147647 51.919485 62.148437 55.468447 
Attenuation_Range
20.432984 28.569656 38.494700 60.544407 43.352601 
Traveling_Speed_Mean
6.451615 2.096366 3.811074 2.579790 2.517581 
Brush_Stroke_Median
0.206401 0.071042 0.081705 0.069990 0.091871 
Brush_Stroke_Range
0.050421 0.027267 0.022708 0.029099 0.023603 
Activity_Index_Median
196.743714 73.476162 129.330677 75.918520 84.045807 
Activity_Index_Range
119.518253 69.829257 75.283046 95.405705 96.452296 
Wave_Initiation_Rate_10
38.975330 12.457626 21.723761 11.444192 12.020794 
Body_Wave_Number_10
0.181662 0.270209 0.262549 0.270726 0.270427 
Asymmetry_10
-0.007750 -0.082974 -0.087514 -0.182747 -0.069748 
Stretch_10
0.319088 0.419072 0.544683 0.427379 0.417233 
Attenuation_10
53.886358 17.960246 26.103513 12.734968 22.251254 
Brush_Stroke_10
0.180481 0.054117 0.069542 0.049947 0.076995 
Activity_Index_10
126.771346 32.008042 83.528754 29.805001 42.472646 
usability
0.996324 0.996324 0.913603 0.994485 0.959559 
status
valid
valid
valid
valid
valid
highThr
60.000000 68.000000 65.000000 67.000000 80.000000 
lowThr
42.000000 53.000000 46.000000 47.000000 33.000000 
prevThr
25.000000 25.000000 25.000000 25.000000 25.000000 
highThrDef
60.000000 68.000000 65.000000 67.000000 80.000000 
lowThrDef
42.000000 53.000000 46.000000 47.000000 33.000000 
prevThrDef
25.000000 25.000000 25.000000 25.000000 25.000000 
manualSeparators





separators
1  523  525  545
1  221  222  261  262  545
1   47   48  545
1  139  140  141  142  459  460  545
1  459  467  468  474  475  481  545
