fields 34
worms 4
Wave_Initiation_Rate_Median
134.383425 125.254922 103.732909 NaN 
Wave_Initiation_Rate_Range
43.064196 56.084616 36.374132 NaN 
Body_Wave_Number_Median
0.498497 0.568353 0.536513 NaN 
Body_Wave_Number_Range
0.238193 0.391627 0.224296 NaN 
Asymmetry_Median
0.003068 0.003563 -0.008073 NaN 
Asymmetry_Range
0.078696 0.059188 0.044834 NaN 
Reverse_Swimming
0.000000 1.396825 0.000000 NaN 
Curling
0.330882 0.233918 0.000000 NaN 
Stretch_Median
0.348310 0.366891 0.372758 NaN 
Stretch_Range
0.181372 0.218519 0.161728 NaN 
Attenuation_Median
65.028093 68.166610 72.554696 NaN 
Attenuation_Range
20.995680 22.882297 21.592065 NaN 
Traveling_Speed_Mean
11.832219 10.337329 9.954300 NaN 
Brush_Stroke_Median
0.286549 0.278864 0.284722 NaN 
Brush_Stroke_Range
0.053766 0.054224 0.039211 NaN 
Activity_Index_Median
297.421886 278.861699 244.603560 NaN 
Activity_Index_Range
106.669575 125.328659 87.227954 NaN 
Wave_Initiation_Rate_10
92.822956 78.662156 83.916267 NaN 
Body_Wave_Number_10
0.371506 0.422666 0.425900 NaN 
Asymmetry_10
-0.010195 -0.017612 -0.038249 NaN 
Stretch_10
0.282474 0.290108 0.320167 NaN 
Attenuation_10
54.843850 57.057409 60.840957 NaN 
Brush_Stroke_10
0.264483 0.250527 0.266141 NaN 
Activity_Index_10
215.358086 178.700902 185.066861 NaN 
usability
1.000000 0.943015 1.000000 
status
valid
valid
valid
rejected
highThr
50.000000 63.000000 54.000000 59.000000 
lowThr
33.000000 25.000000 40.000000 30.000000 
prevThr
15.000000 25.000000 25.000000 25.000000 
highThrDef
50.000000 63.000000 54.000000 59.000000 
lowThrDef
34.000000 25.000000 40.000000 30.000000 
prevThrDef
25.000000 25.000000 25.000000 25.000000 
manualSeparators




separators
1  109  110  144  145  545
1  340  341  348  351  352  357  360  361  364  369  370  373  377  378  472  473  545
1  127  128  545
1   81   82  130  133  212  213  233  234  235  263  264  292  293  358  360  363  364  377  378  386  390  393  399  402  403  404  405  409  410  411  414  415  416  436  441  442  443  473  475  476  478  479  480  483  493  494  498  500  507  508  509  511  514  515  526  527  536  537  545
