fields 34
worms 5
Wave_Initiation_Rate_Median
7.678678 11.630745 22.054189 8.049360 7.578808 
Wave_Initiation_Rate_Range
7.612262 12.503523 41.601893 3.579824 2.297576 
Body_Wave_Number_Median
1.756760 1.238092 0.502241 1.734311 1.807417 
Body_Wave_Number_Range
0.608183 1.034394 1.510000 0.374922 0.155980 
Asymmetry_Median
0.055387 0.030242 0.025823 -0.045237 -0.115139 
Asymmetry_Range
0.108128 0.137173 0.235249 0.106040 0.005881 
Reverse_Swimming
0.000000 0.000000 0.000000 0.000000 0.000000 
Curling
0.000000 0.000000 0.000000 0.000000 0.000000 
Stretch_Median
0.391158 0.448668 0.561552 0.449402 0.308665 
Stretch_Range
0.282251 0.174919 0.272786 0.208256 0.143106 
Attenuation_Median
83.299472 79.587823 53.999031 77.750444 77.477163 
Attenuation_Range
10.650788 8.291496 28.289457 19.382115 11.937940 
Traveling_Speed_Mean
0.921743 2.038806 3.313411 0.576030 0.285045 
Brush_Stroke_Median
0.032227 0.050091 0.072798 0.032127 0.026282 
Brush_Stroke_Range
0.010905 0.020054 0.046223 0.004097 0.001653 
Activity_Index_Median
12.818068 27.993756 87.130670 12.757688 9.948776 
Activity_Index_Range
15.261776 35.828073 160.912724 7.026166 3.096099 
Wave_Initiation_Rate_10
6.043100 7.533910 8.041359 6.823447 6.642380 
Body_Wave_Number_10
1.371488 0.717267 0.165978 1.525954 1.720530 
Asymmetry_10
0.016402 -0.038417 -0.054845 -0.107936 -0.118279 
Stretch_10
0.313936 0.373861 0.400324 0.324113 0.248103 
Attenuation_10
77.379540 76.224816 44.337330 64.896240 71.437040 
Brush_Stroke_10
0.025769 0.036461 0.037522 0.029674 0.025805 
Activity_Index_10
8.277733 14.998393 21.960753 10.320517 8.640360 
usability
1.000000 1.000000 1.000000 1.000000 1.000000 
status
valid
valid
valid
valid
valid
highThr
66.000000 66.000000 61.000000 63.000000 62.000000 
lowThr
51.000000 53.000000 47.000000 49.000000 51.000000 
prevThr
25.000000 25.000000 25.000000 25.000000 25.000000 
highThrDef
66.000000 66.000000 61.000000 63.000000 62.000000 
lowThrDef
51.000000 53.000000 47.000000 49.000000 51.000000 
prevThrDef
25.000000 25.000000 25.000000 25.000000 25.000000 
manualSeparators





separators
1   61   62  340  341  545
1  307  308  545
1  406  407  545
1  153  154  167  168  169  170  545
1  383  384  545
