fields 34
worms 6
Wave_Initiation_Rate_Median
166.550717 152.140442 153.207708 156.581461 56.806964 NaN 
Wave_Initiation_Rate_Range
143.908051 53.545732 125.363576 151.768110 150.906625 NaN 
Body_Wave_Number_Median
0.453640 0.485644 0.483238 0.315047 0.452827 NaN 
Body_Wave_Number_Range
0.607387 0.258202 0.547563 0.589932 1.024797 NaN 
Asymmetry_Median
-0.007125 0.003542 -0.001632 0.018234 -0.024316 NaN 
Asymmetry_Range
0.038017 0.027051 0.034333 0.098799 0.056249 NaN 
Reverse_Swimming
0.000000 0.000000 0.000000 6.666667 10.532276 NaN 
Curling
0.000000 0.000000 0.221402 1.445783 0.000000 NaN 
Stretch_Median
0.295737 0.339690 0.291278 0.333245 0.370431 NaN 
Stretch_Range
0.211896 0.107769 0.167281 0.375423 0.303219 NaN 
Attenuation_Median
77.067236 63.840772 76.373536 68.806175 67.835849 NaN 
Attenuation_Range
19.241507 25.276506 20.786712 43.153999 64.007852 NaN 
Traveling_Speed_Mean
6.052915 8.251670 9.939711 8.134966 4.157242 NaN 
Brush_Stroke_Median
0.822684 0.359841 0.340257 0.127646 0.092535 NaN 
Brush_Stroke_Range
0.608178 0.060787 0.112867 0.091812 0.059777 NaN 
Activity_Index_Median
442.626985 386.986183 310.114827 672.364352 254.200065 NaN 
Activity_Index_Range
803.007843 113.779410 264.296383 736.530731 475.524835 NaN 
Wave_Initiation_Rate_10
43.275606 116.112926 43.299945 32.697267 12.735902 NaN 
Body_Wave_Number_10
0.189972 0.334306 0.295383 0.144897 0.098693 NaN 
Asymmetry_10
-0.032410 -0.011647 -0.025267 -0.003588 -0.049928 NaN 
Stretch_10
0.239009 0.287863 0.221724 0.242820 0.230804 NaN 
Attenuation_10
66.733790 49.071577 63.032047 39.428141 18.509450 NaN 
Brush_Stroke_10
0.336998 0.335308 0.275385 0.066057 0.069464 NaN 
Activity_Index_10
164.769688 312.417237 92.994409 165.538627 45.467693 NaN 
usability
0.790441 0.994485 0.996324 0.915441 0.742647 0.000000 
status
valid
valid
valid
valid
valid
rejected
highThr
68.000000 50.000000 58.000000 58.000000 56.000000 18.000000 
lowThr
38.000000 24.000000 38.000000 12.000000 21.000000 17.000000 
prevThr
25.000000 10.000000 25.000000 10.000000 25.000000 25.000000 
highThrDef
68.000000 50.000000 58.000000 58.000000 56.000000 18.000000 
lowThrDef
30.000000 24.000000 38.000000 12.000000 21.000000 17.000000 
prevThrDef
25.000000 25.000000 25.000000 25.000000 25.000000 25.000000 
manualSeparators






separators
1    2    3    4    5   43   44   50   51   58   61   63   64   71   72   73   78   80   81   89   90   95   96  101  102  112  114  121  282  283  302  303  307  308  341  342  343  345  355  356  361  404  405  434  435  441  448  452  454  469  472  473  474  481  482  487  491  492  493  498  499  545
1  458  459  481  482  500  501  545
1  320  321  351  352  545
1   45   46   47   61   62  101  102  225  226  231  232  263  264  337  338  362  363  365  366  452  453  478  479  521  523  541  542  545
1  101  103  113  114  226  227  248  252  338  339  362  363  402  403  441  448  452  454  473  474  475  476  482  487  491  492  493  498  521  523  524  526  527  528  533  534  536  537  545
1  341  342  345  545
