fields 34
worms 5
Wave_Initiation_Rate_Median
49.842504 34.121988 15.013497 8.778957 NaN 
Wave_Initiation_Rate_Range
55.587156 57.912391 24.767776 7.532924 NaN 
Body_Wave_Number_Median
0.568794 0.624545 1.456300 1.625818 NaN 
Body_Wave_Number_Range
0.989002 1.393792 1.802591 1.335028 NaN 
Asymmetry_Median
-0.028737 -0.000387 0.008151 -0.001749 NaN 
Asymmetry_Range
0.159550 0.149269 0.139349 0.138497 NaN 
Reverse_Swimming
8.605898 7.055016 2.925483 0.000000 NaN 
Curling
8.883827 3.529412 12.066421 4.727955 NaN 
Stretch_Median
0.578134 0.572817 0.679964 0.650063 NaN 
Stretch_Range
0.418053 0.340386 0.397650 0.345064 NaN 
Attenuation_Median
52.961441 51.493266 45.919140 46.931747 NaN 
Attenuation_Range
28.806611 44.561163 53.066445 61.771802 NaN 
Traveling_Speed_Mean
3.856703 2.708428 2.578620 0.987113 NaN 
Brush_Stroke_Median
0.108106 0.065937 0.061470 0.037708 NaN 
Brush_Stroke_Range
0.041240 0.026123 0.035647 0.014183 NaN 
Activity_Index_Median
178.700516 208.320670 31.651978 16.423442 NaN 
Activity_Index_Range
173.900132 217.620819 73.405918 12.532908 NaN 
Wave_Initiation_Rate_10
12.206839 9.349783 7.699818 6.685574 NaN 
Body_Wave_Number_10
0.367744 0.208029 0.064286 0.544580 NaN 
Asymmetry_10
-0.139918 -0.073650 -0.058760 -0.069182 NaN 
Stretch_10
0.466673 0.426524 0.591623 0.510021 NaN 
Attenuation_10
40.979723 20.795795 16.614793 11.936593 NaN 
Brush_Stroke_10
0.082452 0.049761 0.050978 0.034619 NaN 
Activity_Index_10
31.092718 26.921600 18.972164 12.323731 NaN 
usability
0.806985 0.906250 0.996324 0.979779 0.365809 
status
valid
valid
valid
valid
rejected
highThr
63.000000 54.000000 55.000000 56.000000 67.000000 
lowThr
28.000000 31.000000 36.000000 25.000000 30.000000 
prevThr
25.000000 25.000000 25.000000 25.000000 25.000000 
highThrDef
63.000000 54.000000 55.000000 56.000000 67.000000 
lowThrDef
28.000000 31.000000 36.000000 25.000000 2.000000 
prevThrDef
25.000000 25.000000 25.000000 25.000000 25.000000 
manualSeparators
300  301  302  303  316  317  330  331  355  356  357  358  359  360  506  507
100  101  331  332  333  334  219  220

222  223  302  303
68   69  338  339
separators
1  161  162  218  220  231  281  282  300  301  302  303  306  307  316  317  322  323  330  331  334  335  355  356  357  358  359  360  506  507  510  518  521  522  541  542  545
1  100  101  103  104  106  107  162  166  201  202  219  220  301  302  303  306  307  331  332  333  334  341  342  545
1  121  122  141  142  143  146  147  161  162  242  243  252  253  545
1   40   41   43   44   45  221  222  223  282  283  284  302  303  442  443  444  445  545
1   41   42   68   69   74   76   77   83  281  282  301  302  338  339  340  350  358  359  368  384  385  388  405  416  417  421  435  436  441  442  445  453  458  459  545
