fields 34
worms 6
Wave_Initiation_Rate_Median
51.175047 73.740772 68.260121 16.625438 68.536524 NaN 
Wave_Initiation_Rate_Range
19.052689 29.514520 1.465076 17.139852 59.264222 NaN 
Body_Wave_Number_Median
0.743953 0.853772 0.597914 1.291916 0.724309 NaN 
Body_Wave_Number_Range
0.416852 0.696046 0.196572 0.615446 1.382871 NaN 
Asymmetry_Median
-0.019383 -0.030750 -0.022273 0.003934 0.014190 NaN 
Asymmetry_Range
0.044316 0.052569 0.071240 0.117788 0.045244 NaN 
Reverse_Swimming
0.000000 0.000000 0.000000 3.146274 0.000000 NaN 
Curling
0.000000 0.000000 0.000000 0.000000 0.350195 NaN 
Stretch_Median
0.417140 0.452068 0.397837 0.653333 0.402683 NaN 
Stretch_Range
0.196875 0.198627 0.106900 0.160335 0.270342 NaN 
Attenuation_Median
62.504578 65.322321 67.827870 89.603722 59.721565 NaN 
Attenuation_Range
11.065407 15.741696 16.939287 9.297536 38.668601 NaN 
Traveling_Speed_Mean
7.106017 7.184951 6.881505 2.114202 6.154631 NaN 
Brush_Stroke_Median
0.125384 0.163220 0.182921 0.062103 0.215737 NaN 
Brush_Stroke_Range
0.029121 0.021837 0.051323 0.023876 0.086734 NaN 
Activity_Index_Median
119.240853 193.642602 199.953265 43.930094 194.553197 NaN 
Activity_Index_Range
35.674588 67.826692 55.901686 42.552466 87.311867 NaN 
Wave_Initiation_Rate_10
35.181281 53.600583 67.286104 9.486948 19.681988 NaN 
Body_Wave_Number_10
0.509595 0.359365 0.489868 1.001552 0.447713 NaN 
Asymmetry_10
-0.045852 -0.063813 -0.058987 -0.065787 -0.007131 NaN 
Stretch_10
0.356150 0.376865 0.346161 0.598223 0.324368 NaN 
Attenuation_10
56.453544 57.660935 57.981946 83.699931 33.897444 NaN 
Brush_Stroke_10
0.113962 0.152173 0.163680 0.049677 0.173983 NaN 
Activity_Index_10
95.512893 158.596960 179.342593 24.448321 149.160307 NaN 
usability
1.000000 0.952206 0.851103 1.000000 0.944853 0.000000 
status
valid
valid
valid
valid
valid
rejected
highThr
74.000000 73.000000 76.000000 71.000000 85.000000 NaN 
lowThr
55.000000 44.000000 44.000000 53.000000 32.000000 0.000000 
prevThr
25.000000 25.000000 25.000000 25.000000 25.000000 25.000000 
highThrDef
72.000000 73.000000 76.000000 71.000000 85.000000 NaN 
lowThrDef
55.000000 40.000000 44.000000 55.000000 32.000000 0.000000 
prevThrDef
25.000000 25.000000 25.000000 25.000000 25.000000 25.000000 
manualSeparators




306  307

separators
1  545
1  328  330  340  342  354  356  367  371  380  384  393  398  405  410  425  426  450  451  545
1  181  184  196  197  201  202  294  299  330  401  402  514  519  522  545
1  545
1  112  113  238  239  241  242  243  244  245  257  260  270  271  272  273  276  289  292  296  297  304  306  307  319  322  323  326  341  347  356  357  369  370  379  380  394  398  402  406  413  417  418  419  420  421  422  438  443  452  457  461  463  464  465  474  480  488  492  493  498  499  502  506  514  515  516  517  518  521  523  524  525  545
1  545
