fields 34
worms 5
Wave_Initiation_Rate_Median
67.965956 65.941360 66.935484 42.538428 66.830042 
Wave_Initiation_Rate_Range
30.436829 39.696622 44.375479 32.441509 45.597045 
Body_Wave_Number_Median
0.562890 0.581348 0.717544 0.946042 0.504469 
Body_Wave_Number_Range
0.308183 0.604436 0.618888 1.423193 0.606229 
Asymmetry_Median
-0.009066 -0.019404 -0.011770 -0.013485 0.011369 
Asymmetry_Range
0.069160 0.137235 0.107591 0.135074 0.153751 
Reverse_Swimming
4.526219 7.286109 11.536339 0.000000 17.993528 
Curling
0.220588 0.000000 1.231343 7.815126 3.123644 
Stretch_Median
0.495631 0.434607 0.433377 0.662619 0.448783 
Stretch_Range
0.185754 0.299719 0.304368 0.431393 0.343590 
Attenuation_Median
70.011225 73.425653 57.649057 44.750166 53.295609 
Attenuation_Range
21.102981 24.554443 37.292406 48.301233 39.906498 
Traveling_Speed_Mean
6.392246 6.129288 5.042118 3.854871 6.321899 
Brush_Stroke_Median
0.165137 0.130413 0.052694 0.159773 0.174865 
Brush_Stroke_Range
0.035176 0.035413 0.016592 0.066104 0.130752 
Activity_Index_Median
196.130937 148.083525 164.049404 141.687654 182.041779 
Activity_Index_Range
60.914034 95.499802 137.803145 106.418752 228.483404 
Wave_Initiation_Rate_10
53.864476 27.838858 23.719922 26.163648 23.041344 
Body_Wave_Number_10
0.413140 0.157533 0.195883 0.194707 0.123928 
Asymmetry_10
-0.051987 -0.048517 -0.092360 -0.078353 -0.047993 
Stretch_10
0.414869 0.354461 0.318728 0.473261 0.355844 
Attenuation_10
58.041008 56.405708 30.969073 25.907940 23.819225 
Brush_Stroke_10
0.152347 0.113389 0.044590 0.119408 0.139962 
Activity_Index_10
159.283858 75.507950 47.472226 90.454897 55.877832 
usability
1.000000 1.000000 0.985294 0.875000 0.847426 
status
valid
valid
valid
valid
valid
highThr
64.000000 72.000000 72.000000 71.000000 63.000000 
lowThr
50.000000 55.000000 48.000000 43.000000 48.000000 
prevThr
25.000000 25.000000 25.000000 25.000000 25.000000 
highThrDef
64.000000 72.000000 72.000000 71.000000 63.000000 
lowThrDef
50.000000 55.000000 48.000000 43.000000 48.000000 
prevThrDef
25.000000 25.000000 25.000000 25.000000 25.000000 
manualSeparators




238
separators
1   28   29  536  537  545
1  324  325  545
1  382  383  384  468  469  472  478  545
1   69   70  100  121  122  161  426  427  474  475  476  481  482  545
1   81   82  238  241  242  286  287  545
