fields 34
worms 5
Wave_Initiation_Rate_Median
5.893141 6.721190 6.038394 67.610273 NaN 
Wave_Initiation_Rate_Range
0.835393 2.611703 2.633004 52.463974 NaN 
Body_Wave_Number_Median
1.936204 1.830740 1.709421 0.928453 NaN 
Body_Wave_Number_Range
0.090694 0.283575 0.597113 0.805179 NaN 
Asymmetry_Median
-0.061954 0.131470 -0.075824 0.008307 NaN 
Asymmetry_Range
0.037745 0.022854 0.071836 0.110511 NaN 
Reverse_Swimming
0.000000 0.000000 0.000000 2.207912 NaN 
Curling
0.000000 0.000000 0.000000 0.000000 NaN 
Stretch_Median
0.245384 0.429361 0.327931 0.438210 NaN 
Stretch_Range
0.120566 0.273145 0.152974 0.275199 NaN 
Attenuation_Median
71.781730 84.005664 68.726583 63.436659 NaN 
Attenuation_Range
19.126450 7.811085 20.966755 22.564933 NaN 
Traveling_Speed_Mean
0.260676 0.299974 0.737274 5.900076 NaN 
Brush_Stroke_Median
0.025282 0.027798 0.031843 0.143203 NaN 
Brush_Stroke_Range
0.001849 0.002303 0.014457 0.050562 NaN 
Activity_Index_Median
7.431279 9.115185 10.578887 162.112718 NaN 
Activity_Index_Range
1.208355 4.360168 8.630181 103.269100 NaN 
Wave_Initiation_Rate_10
5.488753 5.969456 5.460354 25.473397 NaN 
Body_Wave_Number_10
1.892233 1.624202 1.330008 0.315447 NaN 
Asymmetry_10
-0.079669 0.116279 -0.103227 -0.023230 NaN 
Stretch_10
0.181519 0.341603 0.214202 0.319070 NaN 
Attenuation_10
59.662640 80.535192 57.470965 51.047329 NaN 
Brush_Stroke_10
0.024096 0.026762 0.029576 0.120336 NaN 
Activity_Index_10
6.819591 8.116242 8.440524 93.316734 NaN 
usability
1.000000 1.000000 0.992647 0.994485 
status
valid
valid
valid
valid
rejected
highThr
54.000000 55.000000 76.000000 67.000000 NaN 
lowThr
40.000000 42.000000 58.000000 49.000000 0.000000 
prevThr
25.000000 25.000000 25.000000 25.000000 25.000000 
highThrDef
54.000000 55.000000 76.000000 67.000000 NaN 
lowThrDef
40.000000 42.000000 58.000000 49.000000 0.000000 
prevThrDef
25.000000 25.000000 25.000000 25.000000 25.000000 
manualSeparators





separators
1  545
1  545
1  453  456  457  458  545
1   90   91  343  344  402  403  545
1  545
