fields 34
worms 6
Wave_Initiation_Rate_Median
61.238127 52.681200 67.251738 6.290522 68.993698 NaN 
Wave_Initiation_Rate_Range
15.360001 28.222890 48.717460 3.458232 30.594182 NaN 
Body_Wave_Number_Median
0.866643 0.604405 0.791230 1.879350 0.568979 NaN 
Body_Wave_Number_Range
0.419465 0.503315 0.630504 0.645157 0.380684 NaN 
Asymmetry_Median
0.004903 -0.006837 -0.003038 -0.022219 0.003052 NaN 
Asymmetry_Range
0.025001 0.089811 0.101108 0.129891 0.045129 NaN 
Reverse_Swimming
3.963303 4.250230 7.010120 0.000000 0.000000 NaN 
Curling
0.000000 0.551471 3.813084 8.112245 0.661765 NaN 
Stretch_Median
0.432661 0.424285 0.475713 0.537627 0.343244 NaN 
Stretch_Range
0.227496 0.187063 0.462253 0.148052 0.305407 NaN 
Attenuation_Median
61.903971 52.961985 52.046399 67.112835 63.939251 NaN 
Attenuation_Range
39.064113 24.107768 38.215411 15.087301 22.441109 NaN 
Traveling_Speed_Mean
2.292170 5.892565 4.414999 0.258190 9.853085 NaN 
Brush_Stroke_Median
0.048745 0.125927 0.088001 0.029055 0.167185 NaN 
Brush_Stroke_Range
0.047296 0.042561 0.020563 0.003726 0.046715 NaN 
Activity_Index_Median
131.438734 158.525872 191.585217 9.492828 195.560708 NaN 
Activity_Index_Range
187.753388 82.342754 154.583544 5.007404 90.670582 NaN 
Wave_Initiation_Rate_10
52.596114 39.085522 19.423457 5.437535 51.674792 NaN 
Body_Wave_Number_10
0.618122 0.381032 0.360076 1.312125 0.335604 NaN 
Asymmetry_10
-0.008738 -0.032110 -0.068731 -0.120454 -0.019480 NaN 
Stretch_10
0.338644 0.359088 0.376361 0.476952 0.260449 NaN 
Attenuation_10
39.663084 38.229070 25.310965 59.305486 49.411560 NaN 
Brush_Stroke_10
0.042843 0.103331 0.076946 0.027543 0.141538 NaN 
Activity_Index_10
115.599252 104.638802 56.062079 7.830551 149.794263 NaN 
usability
0.665441 1.000000 0.983456 0.720588 1.000000 0.025735 
status
valid
valid
valid
valid
valid
rejected
highThr
0.000000 65.000000 64.000000 60.000000 71.000000 0.000000 
lowThr
0.000000 51.000000 40.000000 33.000000 45.000000 0.000000 
prevThr
25.000000 25.000000 25.000000 25.000000 25.000000 25.000000 
highThrDef
80.000000 65.000000 64.000000 60.000000 71.000000 71.000000 
lowThrDef
21.000000 51.000000 40.000000 20.000000 45.000000 48.000000 
prevThrDef
25.000000 25.000000 25.000000 25.000000 25.000000 25.000000 
manualSeparators
144  145  146  147  148

126  127  154  155
441  442


separators
1  144  145  146  147  148  155  161  188  189  201  209  213  225  234  241  261  282  283  285  293  296  299  307  309  311  321  322  327  328  332  333  335  336  346  347  352  353  354  355  356  357  358  360  362  366  367  386  388  389  399  400  405  406  407  409  410  418  423  441  442  545
1  156  157  294  298  441  442  545
1   76   77  112  113  126  127  128  129  154  155  161  162  545
1    2    3   54   55   57   58   61   62   65   66   67   68   81   82   95   96   99  100  102  104  398  399  400  441  442  455  456  467  468  469  470  474  475  481  482  484  485  486  487  488  519  520  521  522  523  524  525  526  527  530  531  532  533  537  538  539  540  541  545
1  331  332  372  373  542  545
1  441  443  444  448  457  458  459  461  462  464  465  468  469  471  472  481  482  493  494  541  542  545
