fields 34
worms 5
Wave_Initiation_Rate_Median
102.047012 51.257774 100.592102 69.184217 103.178413 
Wave_Initiation_Rate_Range
37.991203 69.559049 42.863664 59.691893 10.671231 
Body_Wave_Number_Median
0.604321 0.417451 0.514977 0.560776 0.614508 
Body_Wave_Number_Range
0.424617 1.428511 0.423795 0.636721 0.314244 
Asymmetry_Median
-0.022679 0.005054 -0.004008 0.005799 0.001936 
Asymmetry_Range
0.049831 0.162588 0.078570 0.072842 0.036946 
Reverse_Swimming
0.000000 12.695492 14.020239 9.604416 0.000000 
Curling
0.000000 0.000000 0.000000 0.459770 0.000000 
Stretch_Median
0.314356 0.451032 0.389590 0.397507 0.352688 
Stretch_Range
0.120824 0.165233 0.167417 0.196904 0.126292 
Attenuation_Median
68.634525 68.134529 59.259729 62.230627 67.324292 
Attenuation_Range
23.561387 21.583297 61.452627 28.821637 19.608384 
Traveling_Speed_Mean
6.829268 4.939918 6.236620 8.142951 9.111885 
Brush_Stroke_Median
0.232874 0.153590 0.248898 0.194607 0.051066 
Brush_Stroke_Range
0.035032 0.070643 0.052241 0.060162 0.013780 
Activity_Index_Median
236.275147 122.282331 244.685604 218.488726 257.649128 
Activity_Index_Range
90.824080 175.041202 85.232957 153.630695 79.477656 
Wave_Initiation_Rate_10
77.625901 10.213386 59.512439 35.702756 99.521278 
Body_Wave_Number_10
0.382029 0.122639 0.252909 0.156952 0.453265 
Asymmetry_10
-0.047230 -0.048108 -0.042721 -0.034592 -0.018097 
Stretch_10
0.264549 0.352160 0.316857 0.300277 0.277970 
Attenuation_10
57.373343 55.385050 13.133836 42.040797 57.181818 
Brush_Stroke_10
0.217889 0.106871 0.227887 0.162752 0.045493 
Activity_Index_10
170.798167 27.918540 184.130647 161.960927 220.985478 
usability
0.939338 0.981618 0.946691 0.959559 0.847426 
status
valid
valid
valid
valid
valid
highThr
54.000000 55.000000 54.000000 60.000000 57.000000 
lowThr
37.000000 37.000000 35.000000 21.000000 40.000000 
prevThr
25.000000 25.000000 25.000000 25.000000 25.000000 
highThrDef
54.000000 55.000000 54.000000 60.000000 57.000000 
lowThrDef
37.000000 37.000000 35.000000 21.000000 40.000000 
prevThrDef
25.000000 25.000000 25.000000 25.000000 25.000000 
manualSeparators





separators
1  162  163  175  182  183  184  185  187  195  198  206  208  224  228  252  253  263  265  274  275  325  328  396  397  456  461  545
1   43   44  102  103  112  113  287  291  342  344  345  346  545
1  175  182  183  184  185  187  195  198  206  208  224  228  233  234  252  253  263  265  274  275  303  304  321  322  325  328  545
1  120  122  123  142  144  191  192  206  207  233  234  263  266  267  268  281  282  283  285  289  290  432  433  436  437  439  440  545
1  184  201  202  204  206  211  214  215  221  223  225  226  241  242  261  267  281  282  466  467  545
