fields 34
worms 5
Wave_Initiation_Rate_Median
17.715143 24.196309 36.598931 69.080028 6.844992 
Wave_Initiation_Rate_Range
28.835930 25.351727 50.839713 81.335677 3.908659 
Body_Wave_Number_Median
0.945896 1.402740 0.878666 0.420461 1.813327 
Body_Wave_Number_Range
1.210656 0.685348 1.485472 0.627072 0.261688 
Asymmetry_Median
0.030181 0.020699 -0.015215 0.023363 -0.055824 
Asymmetry_Range
0.183076 0.128752 0.195313 0.141651 0.193860 
Reverse_Swimming
11.149954 0.000000 6.701791 11.839671 0.000000 
Curling
1.449814 0.000000 2.142857 3.200000 0.000000 
Stretch_Median
0.569919 0.575090 0.547584 0.469088 0.440512 
Stretch_Range
0.292517 0.168937 0.276974 0.342011 0.209585 
Attenuation_Median
51.475447 80.305243 69.848223 52.648113 62.891160 
Attenuation_Range
50.766188 26.023685 23.197972 45.064806 53.612699 
Traveling_Speed_Mean
2.386558 1.844695 2.202164 6.752007 0.747980 
Brush_Stroke_Median
0.123004 0.051550 0.063949 0.166005 0.034524 
Brush_Stroke_Range
0.058264 0.019893 0.026874 0.052156 0.012068 
Activity_Index_Median
49.937881 68.411227 117.428766 194.879598 11.650054 
Activity_Index_Range
112.200873 68.569417 165.075419 245.438621 8.694136 
Wave_Initiation_Rate_10
10.200379 8.852469 9.010155 33.704387 6.228256 
Body_Wave_Number_10
0.230688 1.025592 0.161270 0.166264 1.638044 
Asymmetry_10
-0.085297 -0.060976 -0.130416 -0.055929 -0.084084 
Stretch_10
0.424708 0.514362 0.377317 0.342800 0.310509 
Attenuation_10
15.613537 62.230802 59.044888 22.138401 30.163303 
Brush_Stroke_10
0.094853 0.042504 0.047853 0.135931 0.027045 
Activity_Index_10
22.258510 22.182473 24.699672 70.355074 8.500698 
usability
0.988971 0.976103 0.926471 0.965074 0.998162 
status
valid
valid
unchecked
valid
valid
highThr
65.000000 67.000000 72.000000 57.000000 60.000000 
lowThr
45.000000 47.000000 38.000000 28.000000 45.000000 
prevThr
25.000000 25.000000 25.000000 25.000000 25.000000 
highThrDef
65.000000 67.000000 72.000000 57.000000 60.000000 
lowThrDef
45.000000 47.000000 38.000000 28.000000 45.000000 
prevThrDef
25.000000 25.000000 25.000000 25.000000 25.000000 
manualSeparators





separators
1  392  395  396  397  412  413  538  539  545
1  347  360  545
1   10   18   21   25  114  141  142  545
1  113  114  294  295  351  352  466  474  481  482  545
1  163  164  545
