fields 34
worms 4
Wave_Initiation_Rate_Median
73.493545 84.835195 106.168026 34.463942 
Wave_Initiation_Rate_Range
100.090518 37.746426 43.562501 34.609811 
Body_Wave_Number_Median
0.290350 0.568163 0.459468 0.230123 
Body_Wave_Number_Range
0.457620 0.306546 0.547773 0.303528 
Asymmetry_Median
-0.001655 -0.001648 0.000644 0.009377 
Asymmetry_Range
0.108849 0.042551 0.039636 0.141241 
Reverse_Swimming
1.545538 0.000000 0.000000 2.759890 
Curling
0.558659 0.000000 0.000000 0.338346 
Stretch_Median
0.401870 0.312673 0.346730 0.628875 
Stretch_Range
0.370473 0.105959 0.161770 0.335549 
Attenuation_Median
68.918521 67.921693 76.839585 75.287791 
Attenuation_Range
17.472481 17.013363 16.321429 15.102367 
Traveling_Speed_Mean
12.657670 12.394973 12.198416 7.488085 
Brush_Stroke_Median
0.361831 0.241305 0.238841 0.139608 
Brush_Stroke_Range
0.101671 0.049212 0.066776 0.026210 
Activity_Index_Median
207.415481 257.654117 259.027504 142.253057 
Activity_Index_Range
251.128174 113.205753 120.071562 170.334058 
Wave_Initiation_Rate_10
33.940353 75.370422 89.576711 32.219868 
Body_Wave_Number_10
0.139620 0.400632 0.225529 0.130464 
Asymmetry_10
-0.072611 -0.023240 -0.015985 -0.061112 
Stretch_10
0.258089 0.274868 0.269978 0.384998 
Attenuation_10
60.617461 60.515540 67.943015 64.657135 
Brush_Stroke_10
0.304143 0.219953 0.200929 0.126340 
Activity_Index_10
87.549395 218.446660 201.250320 119.490189 
usability
0.987132 0.990809 0.976103 0.977941 
status
valid
valid
valid
valid
highThr
69.000000 69.000000 68.000000 73.000000 
lowThr
44.000000 49.000000 40.000000 30.000000 
prevThr
25.000000 25.000000 25.000000 25.000000 
highThrDef
69.000000 69.000000 68.000000 73.000000 
lowThrDef
44.000000 49.000000 40.000000 30.000000 
prevThrDef
25.000000 25.000000 25.000000 25.000000 
manualSeparators




separators
1  216  217  218  404  405  418  419  421  422  430  431  501  502  545
1  106  107  134  136  245  246  433  434  545
1  203  209  253  259  260  545
1   45   46   86   87  175  176  379  380  385  386  395  396  398  399  401  402  409  410  412  413  416  417  421  422  545
