fields 34
worms 5
Wave_Initiation_Rate_Median
22.960974 62.322988 34.008831 63.314483 36.317766 
Wave_Initiation_Rate_Range
19.296334 17.431992 23.842847 33.921751 30.139159 
Body_Wave_Number_Median
1.166221 0.668305 0.993279 0.635298 0.731515 
Body_Wave_Number_Range
1.114933 0.362006 0.766571 0.643147 0.506526 
Asymmetry_Median
0.007658 0.013739 -0.002546 -0.029882 0.002798 
Asymmetry_Range
0.107217 0.132998 0.076010 0.122252 0.117730 
Reverse_Swimming
3.367065 0.000000 3.950893 8.279669 6.237351 
Curling
3.105360 1.888889 2.755741 1.115242 0.000000 
Stretch_Median
0.606402 0.416039 0.742275 0.443140 0.446114 
Stretch_Range
0.300755 0.153544 0.242457 0.307530 0.206205 
Attenuation_Median
33.541008 49.762019 66.193969 63.767886 46.226865 
Attenuation_Range
21.421956 41.464619 47.586767 40.669997 30.623730 
Traveling_Speed_Mean
3.822982 8.937357 1.861263 6.841672 3.698331 
Brush_Stroke_Median
0.072066 0.156687 0.080019 0.149664 0.077177 
Brush_Stroke_Range
0.033683 0.040695 0.016902 0.035200 0.027892 
Activity_Index_Median
81.808232 191.107682 84.260102 176.846264 128.367706 
Activity_Index_Range
104.208996 81.355460 55.687308 85.819662 124.919024 
Wave_Initiation_Rate_10
12.273250 49.897072 11.388967 33.717121 20.352133 
Body_Wave_Number_10
0.332409 0.400422 0.731111 0.269706 0.619247 
Asymmetry_10
-0.061185 -0.011239 -0.040006 -0.055333 -0.023533 
Stretch_10
0.549693 0.381501 0.597679 0.355727 0.360679 
Attenuation_10
24.741136 25.860706 26.576983 33.301300 31.818773 
Brush_Stroke_10
0.058086 0.131378 0.073557 0.134110 0.064877 
Activity_Index_10
44.826008 141.771178 37.008321 112.032201 76.495445 
usability
0.994485 0.992647 0.880515 0.988971 1.000000 
status
valid
valid
valid
valid
valid
highThr
71.000000 73.000000 57.000000 69.000000 73.000000 
lowThr
54.000000 47.000000 37.000000 48.000000 60.000000 
prevThr
25.000000 25.000000 25.000000 25.000000 25.000000 
highThrDef
71.000000 73.000000 57.000000 69.000000 73.000000 
lowThrDef
54.000000 47.000000 37.000000 48.000000 60.000000 
prevThrDef
25.000000 25.000000 25.000000 25.000000 25.000000 
manualSeparators
143  144

101  102  100  508  509  507  530  531  529  528  527  526  525


separators
1   41   42   46   47  141  142  143  144  455  456  545
1  229  232  306  315  317  321  322  545
1  100  101  102  103  104  109  112  113  117  118  119  120  161  189  190  507  508  509  510  522  523  525  526  527  528  529  530  531  532  545
1  285  291  301  302  545
1  161  162  319  320  545
