fields 34
worms 4
Wave_Initiation_Rate_Median
75.286564 13.699817 79.348526 66.490030 
Wave_Initiation_Rate_Range
35.391216 22.039950 90.199795 107.648581 
Body_Wave_Number_Median
0.474215 0.797920 0.513660 0.579734 
Body_Wave_Number_Range
0.426483 1.034604 0.756641 0.543265 
Asymmetry_Median
-0.006363 0.007013 -0.008920 -0.012896 
Asymmetry_Range
0.045810 0.110467 0.156417 0.138419 
Reverse_Swimming
0.662374 4.471021 0.000000 0.000000 
Curling
0.000000 0.000000 0.776340 2.096070 
Stretch_Median
0.286855 0.550438 0.362332 0.477133 
Stretch_Range
0.152814 0.253250 0.244160 0.469430 
Attenuation_Median
64.158562 58.819781 57.208369 69.109957 
Attenuation_Range
18.099969 21.101350 30.314930 20.320746 
Traveling_Speed_Mean
6.762711 3.054545 11.668159 8.555409 
Brush_Stroke_Median
0.162242 0.094573 0.322156 0.405438 
Brush_Stroke_Range
0.038238 0.037661 0.230278 0.216291 
Activity_Index_Median
186.910232 60.961446 257.288928 362.433130 
Activity_Index_Range
90.165660 31.630055 425.097164 390.948159 
Wave_Initiation_Rate_10
66.684517 11.639460 12.554765 17.921587 
Body_Wave_Number_10
0.201518 0.196900 0.297403 0.346702 
Asymmetry_10
-0.027077 -0.033172 -0.110545 -0.116485 
Stretch_10
0.222018 0.405529 0.287517 0.281604 
Attenuation_10
55.676198 44.476736 36.666908 56.160054 
Brush_Stroke_10
0.146031 0.073054 0.234221 0.256309 
Activity_Index_10
144.898789 48.313227 34.476752 98.379648 
usability
0.987132 0.990809 0.994485 0.841912 
status
valid
valid
valid
valid
highThr
63.000000 69.000000 60.000000 68.000000 
lowThr
42.000000 32.000000 35.000000 34.000000 
prevThr
25.000000 10.000000 10.000000 10.000000 
highThrDef
63.000000 69.000000 60.000000 68.000000 
lowThrDef
42.000000 32.000000 35.000000 34.000000 
prevThrDef
25.000000 25.000000 25.000000 25.000000 
manualSeparators




separators
1   94   95  183  184  264  265  266  268  346  348  545
1   33   34   35   36  261  262  281  282  349  350  545
1    3    4  108  109  541  542  545
1   81   82  389  390  420  421  439  440  541  542  543  544  545
