fields 34
worms 3
Wave_Initiation_Rate_Median
102.962758 101.137595 119.878991 
Wave_Initiation_Rate_Range
93.298609 35.980099 59.708463 
Body_Wave_Number_Median
0.598788 0.633957 0.481426 
Body_Wave_Number_Range
0.572119 0.222172 0.428369 
Asymmetry_Median
0.018692 -0.022234 -0.000112 
Asymmetry_Range
0.131053 0.103605 0.080742 
Reverse_Swimming
0.000000 0.000000 0.386385 
Curling
0.675422 0.000000 0.000000 
Stretch_Median
0.353771 0.505691 0.392216 
Stretch_Range
0.316412 0.138751 0.148751 
Attenuation_Median
71.611887 66.790756 62.475099 
Attenuation_Range
22.236948 18.969969 18.307563 
Traveling_Speed_Mean
8.236613 10.177451 14.444043 
Brush_Stroke_Median
0.281380 0.300700 0.345583 
Brush_Stroke_Range
0.198189 0.064450 0.101056 
Activity_Index_Median
230.713285 272.133181 380.718074 
Activity_Index_Range
139.710614 101.518360 147.988966 
Wave_Initiation_Rate_10
36.650474 83.098054 74.740926 
Body_Wave_Number_10
0.226075 0.497483 0.199724 
Asymmetry_10
-0.005688 -0.094045 -0.064625 
Stretch_10
0.268619 0.429430 0.323067 
Attenuation_10
59.224999 56.989192 54.277814 
Brush_Stroke_10
0.228051 0.275902 0.316566 
Activity_Index_10
159.665811 227.850806 268.296576 
usability
0.979779 0.987132 0.996324 
status
valid
valid
valid
highThr
65.000000 65.000000 63.000000 
lowThr
46.000000 49.000000 44.000000 
prevThr
25.000000 25.000000 10.000000 
highThrDef
65.000000 65.000000 63.000000 
lowThrDef
46.000000 49.000000 44.000000 
prevThrDef
25.000000 25.000000 25.000000 
manualSeparators



separators
1  145  146  149  150  151  280  281  303  304  347  349  502  503  545
1   15   16   29   30   62   63   65  162  163  216  217  545
1    8    9  202  203  545
