fields 34
worms 6
Wave_Initiation_Rate_Median
43.278638 9.654874 20.475922 50.888288 58.893130 NaN 
Wave_Initiation_Rate_Range
54.076934 11.966736 57.839555 32.430628 58.549226 NaN 
Body_Wave_Number_Median
0.854682 1.557480 0.987708 0.750004 0.841240 NaN 
Body_Wave_Number_Range
0.789838 0.524418 1.200532 0.817032 0.900730 NaN 
Asymmetry_Median
-0.020170 -0.009167 0.010888 0.012761 -0.004195 NaN 
Asymmetry_Range
0.103400 0.164801 0.254657 0.097204 0.129218 NaN 
Reverse_Swimming
4.912603 0.000000 9.319271 3.201472 0.000000 NaN 
Curling
0.441176 0.000000 0.000000 0.553506 0.000000 NaN 
Stretch_Median
0.444329 0.656107 0.449268 0.575506 0.411416 NaN 
Stretch_Range
0.370416 0.180026 0.294711 0.201443 0.334635 NaN 
Attenuation_Median
61.681359 67.117165 54.025587 58.061671 58.347904 NaN 
Attenuation_Range
50.853249 29.352054 52.988555 14.404052 27.356668 NaN 
Traveling_Speed_Mean
3.813883 3.310385 3.913370 4.592893 3.630188 NaN 
Brush_Stroke_Median
0.096418 0.060382 0.070244 0.137797 0.125834 NaN 
Brush_Stroke_Range
0.040616 0.020375 0.049294 0.048011 0.036925 NaN 
Activity_Index_Median
118.235792 30.616932 57.542881 139.505730 124.794180 NaN 
Activity_Index_Range
194.933940 34.276475 230.811064 64.545586 144.448236 NaN 
Wave_Initiation_Rate_10
11.963357 6.983658 8.488586 33.964612 9.168430 NaN 
Body_Wave_Number_10
0.618153 1.245402 0.526690 0.383445 0.548822 NaN 
Asymmetry_10
-0.061389 -0.091169 -0.189655 -0.015040 -0.100829 NaN 
Stretch_10
0.360302 0.518215 0.328323 0.490633 0.336581 NaN 
Attenuation_10
22.071212 51.488812 21.247999 49.142778 43.192039 NaN 
Brush_Stroke_10
0.078859 0.049904 0.035333 0.114755 0.103014 NaN 
Activity_Index_10
26.281031 20.563400 15.564125 99.972589 18.997326 NaN 
usability
1.000000 1.000000 0.944853 0.996324 1.000000 0.996324 
status
valid
valid
valid
valid
valid
rejected
highThr
75.000000 76.000000 61.000000 65.000000 70.000000 90.000000 
lowThr
50.000000 61.000000 40.000000 49.000000 49.000000 72.000000 
prevThr
25.000000 25.000000 25.000000 25.000000 25.000000 25.000000 
highThrDef
75.000000 76.000000 61.000000 65.000000 70.000000 90.000000 
lowThrDef
50.000000 61.000000 32.000000 49.000000 49.000000 72.000000 
prevThrDef
25.000000 25.000000 25.000000 25.000000 25.000000 25.000000 
manualSeparators






separators
1  254  255  426  429  466  472  545
1  545
1    6    7    8    9   21   22   23  113  121  323  324  545
1  199  200  201  288  289  340  341  545
1  545
1   35   36   37   38  545
