fields 34
worms 5
Wave_Initiation_Rate_Median
12.319909 29.868663 11.242727 10.876570 17.058885 
Wave_Initiation_Rate_Range
11.733050 25.299299 15.672465 13.997226 19.384650 
Body_Wave_Number_Median
1.370565 1.205478 1.499691 1.659409 1.558294 
Body_Wave_Number_Range
1.240963 0.795276 0.461412 1.585951 1.049490 
Asymmetry_Median
-0.034549 -0.019667 -0.003781 0.023986 -0.015605 
Asymmetry_Range
0.208647 0.127507 0.235515 0.170032 0.119496 
Reverse_Swimming
10.266789 6.605505 3.477461 3.357245 8.172757 
Curling
1.213235 0.000000 0.000000 7.534247 0.000000 
Stretch_Median
0.605137 0.565352 0.515822 0.688970 0.473583 
Stretch_Range
0.207087 0.277845 0.187291 0.284193 0.173828 
Attenuation_Median
78.874407 62.959729 57.842444 62.565343 54.302577 
Attenuation_Range
21.895791 34.940291 42.924990 50.693860 75.434977 
Traveling_Speed_Mean
2.237939 1.960814 2.319874 1.652064 1.609295 
Brush_Stroke_Median
0.073688 0.056225 0.052968 0.058260 0.053967 
Brush_Stroke_Range
0.033204 0.018238 0.027244 0.024336 0.022013 
Activity_Index_Median
31.756488 73.430937 37.685020 33.098890 44.769490 
Activity_Index_Range
32.503170 75.748595 47.206509 41.625678 63.484827 
Wave_Initiation_Rate_10
9.786767 11.523074 8.248700 7.666765 8.057518 
Body_Wave_Number_10
0.395343 0.833695 1.218551 0.336199 0.787178 
Asymmetry_10
-0.140923 -0.093297 -0.154139 -0.053234 -0.078456 
Stretch_10
0.512089 0.417181 0.410924 0.497152 0.430533 
Attenuation_10
63.922481 44.781817 28.860851 27.704738 -0.566069 
Brush_Stroke_10
0.058942 0.046239 0.041643 0.045519 0.042165 
Activity_Index_10
19.360011 32.537194 17.798955 20.781833 21.473173 
usability
1.000000 0.977941 1.000000 0.805147 0.900735 
status
valid
valid
valid
valid
valid
highThr
71.000000 75.000000 78.000000 80.000000 80.000000 
lowThr
54.000000 39.000000 56.000000 45.000000 48.000000 
prevThr
25.000000 25.000000 25.000000 25.000000 25.000000 
highThrDef
71.000000 75.000000 78.000000 80.000000 80.000000 
lowThrDef
54.000000 39.000000 56.000000 28.000000 48.000000 
prevThrDef
25.000000 25.000000 25.000000 25.000000 25.000000 
manualSeparators





separators
1  318  319  372  373  374  376  545
1  152  154  155  158  159  160  161  164  545
1  342  343  362  373  374  375  376  377  545
1   21   61   63   64   67   68   77   78   81   82   84   85   86   87   89   90  101  151  181  381  382  383  384  453  454  459  460  461  475  545
1   41  140  141  148  159  342  343  362  373  374  375  376  377  545
