fields 34
worms 4
Wave_Initiation_Rate_Median
97.919079 118.957672 102.180544 NaN 
Wave_Initiation_Rate_Range
64.536359 60.673067 98.619288 NaN 
Body_Wave_Number_Median
0.505665 0.569774 0.477551 NaN 
Body_Wave_Number_Range
0.515026 0.192235 0.623052 NaN 
Asymmetry_Median
-0.013264 -0.010748 0.018350 NaN 
Asymmetry_Range
0.126222 0.062865 0.093265 NaN 
Reverse_Swimming
0.000000 0.000000 2.373505 NaN 
Curling
0.928433 0.000000 0.000000 NaN 
Stretch_Median
0.398563 0.375606 0.366787 NaN 
Stretch_Range
0.311283 0.221831 0.250327 NaN 
Attenuation_Median
76.487314 74.146648 72.083575 NaN 
Attenuation_Range
17.217689 17.027425 21.072273 NaN 
Traveling_Speed_Mean
9.529250 14.069519 13.328258 NaN 
Brush_Stroke_Median
0.122745 0.247006 0.106707 NaN 
Brush_Stroke_Range
0.057167 0.037951 0.041708 NaN 
Activity_Index_Median
240.201102 291.193289 358.142372 NaN 
Activity_Index_Range
161.097714 138.679165 301.485489 NaN 
Wave_Initiation_Rate_10
63.042512 73.345905 35.505014 NaN 
Body_Wave_Number_10
0.291759 0.474973 0.177703 NaN 
Asymmetry_10
-0.114468 -0.060276 -0.021430 NaN 
Stretch_10
0.267424 0.307487 0.279079 NaN 
Attenuation_10
66.806987 64.485927 59.366124 NaN 
Brush_Stroke_10
0.100641 0.231127 0.091495 NaN 
Activity_Index_10
138.731294 183.396189 148.789643 NaN 
usability
0.950368 1.000000 0.983456 
status
valid
valid
valid
rejected
highThr
67.000000 60.000000 57.000000 63.000000 
lowThr
35.000000 40.000000 35.000000 28.000000 
prevThr
25.000000 25.000000 25.000000 25.000000 
highThrDef
67.000000 58.000000 57.000000 63.000000 
lowThrDef
29.000000 42.000000 35.000000 28.000000 
prevThrDef
25.000000 25.000000 25.000000 25.000000 
manualSeparators


77

separators
1  183  186  187  207  208  256  259  267  268  358  359  368  369  371  372  373  455  456  479  488  489  490  545
1  545
1   49   50   77   84   85  293  294  545
1   61   62  121  203  204  240  241  256  257  278  279  401  410  411  518  519  545
