fields 34
worms 5
Wave_Initiation_Rate_Median
21.065716 49.910697 26.480730 81.247771 50.306918 
Wave_Initiation_Rate_Range
24.933484 59.550828 35.203173 73.136046 49.112778 
Body_Wave_Number_Median
1.193083 0.510701 0.968780 0.519229 0.601724 
Body_Wave_Number_Range
0.774836 0.671603 1.162821 0.615774 0.655740 
Asymmetry_Median
0.028023 0.005821 -0.024315 0.007458 -0.002860 
Asymmetry_Range
0.140423 0.124576 0.109439 0.142865 0.154835 
Reverse_Swimming
0.000000 13.689052 11.646734 3.919043 19.043238 
Curling
4.861407 3.128492 1.691729 1.003717 3.856333 
Stretch_Median
0.631260 0.599542 0.524375 0.423581 0.544157 
Stretch_Range
0.197708 0.324306 0.179888 0.305270 0.434366 
Attenuation_Median
62.167780 46.588587 48.550133 57.085351 44.546124 
Attenuation_Range
21.213885 56.100430 36.555813 30.406341 57.875059 
Traveling_Speed_Mean
2.049236 5.091636 1.583197 7.064704 3.728599 
Brush_Stroke_Median
0.067267 0.190162 0.059577 0.236372 0.078344 
Brush_Stroke_Range
0.023277 0.085603 0.030945 0.088143 0.027960 
Activity_Index_Median
46.768793 199.720267 40.467446 200.843163 182.398265 
Activity_Index_Range
71.730423 276.605190 65.057827 208.990419 171.147690 
Wave_Initiation_Rate_10
9.415382 23.355286 9.716760 33.390989 19.288528 
Body_Wave_Number_10
0.794186 0.109511 0.312089 0.087839 0.151366 
Asymmetry_10
-0.064523 -0.066069 -0.093231 -0.055795 -0.062542 
Stretch_10
0.569592 0.434806 0.429728 0.325652 0.390573 
Attenuation_10
48.596074 7.020515 32.195147 41.638417 5.670355 
Brush_Stroke_10
0.059775 0.138626 0.046332 0.184853 0.065340 
Activity_Index_10
19.675527 75.858831 21.373309 62.977051 62.887798 
usability
0.862132 0.987132 0.977941 0.988971 0.972426 
status
valid
valid
valid
valid
valid
highThr
71.000000 59.000000 58.000000 59.000000 65.000000 
lowThr
42.000000 39.000000 25.000000 35.000000 40.000000 
prevThr
25.000000 25.000000 25.000000 25.000000 25.000000 
highThrDef
71.000000 59.000000 58.000000 59.000000 65.000000 
lowThrDef
42.000000 39.000000 25.000000 35.000000 40.000000 
prevThrDef
25.000000 25.000000 25.000000 25.000000 25.000000 
manualSeparators





separators
1  259  276  486  487  488  501  502  545
1   49   50  148  151  232  233  482  483  485  486  545
1   65   66   67   69   70   71  157  158  159  161  162  164  165  426  427  545
1  268  269  323  327  365  366  545
1   69   70   71   84   85  244  248  253  259  363  364  400  401  545
