fields 34
worms 5
Wave_Initiation_Rate_Median
135.241439 136.699955 136.579504 150.432389 135.770109 
Wave_Initiation_Rate_Range
73.513066 15.998214 82.794887 73.701079 84.814349 
Body_Wave_Number_Median
0.587946 0.686603 0.579645 0.578341 0.599098 
Body_Wave_Number_Range
0.414173 0.285458 0.520005 0.281102 0.519548 
Asymmetry_Median
0.018291 0.009473 0.009778 -0.001486 0.003100 
Asymmetry_Range
0.081182 0.032898 0.086318 0.068092 0.089065 
Reverse_Swimming
0.000000 0.000000 1.101695 0.000000 0.000000 
Curling
0.337079 0.000000 1.659574 0.114286 1.046512 
Stretch_Median
0.376081 0.347506 0.404519 0.346847 0.428532 
Stretch_Range
0.181803 0.112552 0.196357 0.178369 0.224364 
Attenuation_Median
73.492230 69.915836 63.435059 67.326803 69.784767 
Attenuation_Range
18.790704 16.454781 19.660839 15.920486 20.276076 
Traveling_Speed_Mean
12.018770 13.726379 8.666455 15.829657 15.181513 
Brush_Stroke_Median
0.294257 0.316950 0.426332 0.308164 0.081840 
Brush_Stroke_Range
0.042239 0.049127 0.465080 0.042547 0.116275 
Activity_Index_Median
316.126450 356.781194 420.854914 362.741921 367.203447 
Activity_Index_Range
157.445504 61.040767 444.215735 106.522729 670.972656 
Wave_Initiation_Rate_10
67.751367 134.580196 62.401886 79.872754 53.800677 
Body_Wave_Number_10
0.308780 0.488495 0.164835 0.423648 0.224618 
Asymmetry_10
0.001713 -0.005507 -0.008686 -0.055593 -0.033897 
Stretch_10
0.308751 0.303241 0.334186 0.288344 0.372631 
Attenuation_10
62.577374 60.406231 52.664009 59.966231 56.623016 
Brush_Stroke_10
0.275050 0.298800 0.363975 0.288244 0.071799 
Activity_Index_10
185.081072 327.176000 357.070013 281.010426 200.872444 
usability
0.981618 0.979779 0.863971 0.965074 0.948529 
status
valid
valid
valid
valid
valid
highThr
64.000000 65.000000 68.000000 65.000000 67.000000 
lowThr
40.000000 45.000000 23.000000 37.000000 25.000000 
prevThr
25.000000 25.000000 10.000000 25.000000 25.000000 
highThrDef
64.000000 65.000000 68.000000 65.000000 67.000000 
lowThrDef
40.000000 45.000000 23.000000 37.000000 25.000000 
prevThrDef
25.000000 25.000000 25.000000 25.000000 25.000000 
manualSeparators


475


separators
1  344  345  386  387  432  433  538  543  545
1    8    9   49   50  162  163  200  201  223  224  231  232  255  256  361  362  524  525  526  527  542  543  545
1  150  151  152  165  166  167  168  181  182  189  193  196  234  235  285  301  302  331  332  475  481  482  541  542  543  545
1   79   80  142  143  150  152  156  157  167  168  169  170  182  189  191  192  193  196  439  440  545
1   22   23   30   31   41   42  101  102  121  122  230  231  345  346  358  359  484  485  545
