fields 34
worms 6
Wave_Initiation_Rate_Median
84.231108 79.750654 96.916908 NaN 103.011214 81.611731 
Wave_Initiation_Rate_Range
18.985926 17.828230 66.722198 NaN 60.054243 57.646083 
Body_Wave_Number_Median
0.720224 0.589945 0.591046 NaN 0.506766 0.411661 
Body_Wave_Number_Range
0.395573 0.312969 0.375183 NaN 0.352607 0.402888 
Asymmetry_Median
0.012051 -0.005547 -0.000621 NaN 0.006265 0.013116 
Asymmetry_Range
0.060532 0.058364 0.123950 NaN 0.090374 0.106447 
Reverse_Swimming
0.000000 0.000000 0.000000 NaN 0.000000 4.857406 
Curling
0.000000 0.000000 0.000000 NaN 0.000000 0.000000 
Stretch_Median
0.384156 0.446524 0.349716 NaN 0.367734 0.358648 
Stretch_Range
0.139081 0.167956 0.209910 NaN 0.144560 0.169465 
Attenuation_Median
66.026948 58.053357 66.235965 NaN 64.059370 62.383304 
Attenuation_Range
18.952618 20.501995 18.676462 NaN 23.954989 22.907970 
Traveling_Speed_Mean
5.422166 7.081743 8.239550 NaN 10.539090 7.935566 
Brush_Stroke_Median
0.177188 0.168260 0.238447 NaN 0.267283 0.131423 
Brush_Stroke_Range
0.068967 0.056259 0.090688 NaN 0.075651 0.040632 
Activity_Index_Median
180.795983 190.983388 220.920403 NaN 278.385587 248.336659 
Activity_Index_Range
62.676830 55.237565 187.614897 NaN 198.516315 153.640968 
Wave_Initiation_Rate_10
67.455524 67.664394 35.385557 NaN 67.502427 44.395367 
Body_Wave_Number_10
0.510983 0.435075 0.389517 NaN 0.333599 0.160270 
Asymmetry_10
-0.011870 -0.028788 -0.023281 NaN -0.062385 -0.040638 
Stretch_10
0.314682 0.347293 0.290438 NaN 0.314762 0.279866 
Attenuation_10
55.567495 46.562842 60.545696 NaN 53.411159 52.342593 
Brush_Stroke_10
0.150726 0.143107 0.187330 NaN 0.229120 0.114518 
Activity_Index_10
158.280081 170.217498 69.098488 NaN 174.999885 149.571493 
usability
0.990809 0.963235 0.867647 0.001838 0.987132 1.000000 
status
valid
valid
valid
rejected
valid
valid
highThr
64.000000 62.000000 62.000000 18.000000 57.000000 55.000000 
lowThr
48.000000 39.000000 31.000000 17.000000 40.000000 26.000000 
prevThr
25.000000 25.000000 25.000000 25.000000 25.000000 25.000000 
highThrDef
64.000000 62.000000 62.000000 18.000000 57.000000 55.000000 
lowThrDef
48.000000 39.000000 31.000000 17.000000 40.000000 26.000000 
prevThrDef
25.000000 25.000000 25.000000 25.000000 25.000000 25.000000 
manualSeparators






separators
1  275  277  347  349  521  522  545
1  381  401  545
1  301  302  307  312  313  317  323  381  382  545
1    2   61  121  141  401  541  545
1  191  192  450  451  459  461  468  470  478  479  545
1  545
