fields 34
worms 5
Wave_Initiation_Rate_Median
103.824241 116.436567 70.346553 36.735043 69.113838 
Wave_Initiation_Rate_Range
67.642682 72.419628 39.745372 49.129330 89.124222 
Body_Wave_Number_Median
0.552380 0.548570 0.514591 0.672115 0.587155 
Body_Wave_Number_Range
0.633802 0.356881 0.274023 0.573319 0.933016 
Asymmetry_Median
0.001099 0.003510 0.005478 0.008029 0.008213 
Asymmetry_Range
0.096401 0.049412 0.145064 0.084426 0.232562 
Reverse_Swimming
6.390900 2.042318 0.000000 0.000000 1.710376 
Curling
0.347490 0.000000 0.232558 0.000000 9.533898 
Stretch_Median
0.351842 0.328677 0.363882 0.414661 0.471514 
Stretch_Range
0.293976 0.146065 0.142264 0.190931 0.250729 
Attenuation_Median
60.321775 68.491647 61.093261 80.938343 59.532406 
Attenuation_Range
25.128004 21.144212 32.780329 12.501748 38.632989 
Traveling_Speed_Mean
8.762208 6.510160 6.016538 2.045235 1.975768 
Brush_Stroke_Median
0.294258 0.264881 0.318134 0.076581 0.130324 
Brush_Stroke_Range
0.232787 0.055703 0.185854 0.048592 0.048984 
Activity_Index_Median
273.228541 269.542311 232.987093 92.204977 214.240722 
Activity_Index_Range
352.931618 168.769700 219.826617 177.850494 229.979990 
Wave_Initiation_Rate_10
56.133194 52.545795 60.746278 18.450391 11.049630 
Body_Wave_Number_10
0.161249 0.344687 0.396281 0.494039 0.413017 
Asymmetry_10
-0.015555 -0.021216 -0.087822 -0.055750 -0.020813 
Stretch_10
0.289076 0.285045 0.296142 0.334565 0.364996 
Attenuation_10
45.939220 57.694053 46.181704 73.230494 35.916637 
Brush_Stroke_10
0.258755 0.238158 0.272794 0.059660 0.107462 
Activity_Index_10
155.593045 135.991306 173.791308 38.511559 39.759232 
usability
0.952206 0.987132 0.948529 0.990809 0.867647 
status
valid
valid
valid
valid
valid
highThr
62.000000 56.000000 60.000000 62.000000 61.000000 
lowThr
36.000000 43.000000 42.000000 46.000000 34.000000 
prevThr
25.000000 25.000000 25.000000 25.000000 25.000000 
highThrDef
62.000000 56.000000 60.000000 62.000000 61.000000 
lowThrDef
36.000000 43.000000 42.000000 46.000000 34.000000 
prevThrDef
25.000000 25.000000 25.000000 25.000000 25.000000 
manualSeparators





separators
1   38   61   89   90  272  273  361  362  545
1   61   62  181  182  242  243  250  251  258  259  274  275  497  498  545
1   34   35  100  121  122  261  262  541  545
1  259  261  527  530  545
1  101  102  107  108  147  148  173  174  182  183  206  207  221  241  242  281  282  285  337  338  341  342  545
