fields 34
worms 6
Wave_Initiation_Rate_Median
67.789622 69.367361 40.037281 67.581566 33.969841 NaN 
Wave_Initiation_Rate_Range
44.333432 21.799732 58.915113 33.310272 36.140798 NaN 
Body_Wave_Number_Median
0.775820 0.704687 0.445209 0.748462 1.035741 NaN 
Body_Wave_Number_Range
0.380904 0.384282 0.452074 0.809679 0.614636 NaN 
Asymmetry_Median
-0.017448 -0.003540 -0.057531 -0.001066 -0.001178 NaN 
Asymmetry_Range
0.080346 0.070893 0.120074 0.125404 0.085599 NaN 
Reverse_Swimming
2.539098 1.876725 0.000000 2.483901 0.000000 NaN 
Curling
0.000000 0.000000 1.294118 0.000000 0.000000 NaN 
Stretch_Median
0.436434 0.479025 0.609013 0.484850 0.589092 NaN 
Stretch_Range
0.189439 0.206039 0.407096 0.303266 0.196859 NaN 
Attenuation_Median
57.810453 66.267851 64.800775 66.667501 84.926844 NaN 
Attenuation_Range
21.081033 21.311493 17.027957 24.652803 10.144052 NaN 
Traveling_Speed_Mean
8.312070 8.086016 7.586738 6.578469 3.014470 NaN 
Brush_Stroke_Median
0.176050 0.085333 0.180879 0.137226 0.073708 NaN 
Brush_Stroke_Range
0.058638 0.028388 0.114284 0.064991 0.017352 NaN 
Activity_Index_Median
169.580484 199.553148 153.282826 147.891812 103.317610 NaN 
Activity_Index_Range
113.524257 77.504806 212.356816 70.255817 97.902563 NaN 
Wave_Initiation_Rate_10
39.146377 62.876587 29.627117 43.926541 21.494070 NaN 
Body_Wave_Number_10
0.596050 0.456446 0.243479 0.258350 0.807612 NaN 
Asymmetry_10
-0.075046 -0.052638 -0.114487 -0.066922 -0.042023 NaN 
Stretch_10
0.381204 0.403853 0.303108 0.319432 0.475523 NaN 
Attenuation_10
49.805706 53.908718 56.139420 53.256382 80.963581 NaN 
Brush_Stroke_10
0.151099 0.076329 0.123706 0.107372 0.065918 NaN 
Activity_Index_10
92.309099 159.076344 61.621320 111.927513 57.080668 NaN 
usability
1.000000 0.994485 0.937500 1.000000 0.998162 0.000000 
status
valid
valid
valid
valid
valid
rejected
highThr
68.000000 69.000000 70.000000 68.000000 73.000000 NaN 
lowThr
53.000000 44.000000 46.000000 47.000000 56.000000 0.000000 
prevThr
25.000000 25.000000 25.000000 25.000000 25.000000 25.000000 
highThrDef
68.000000 69.000000 70.000000 68.000000 73.000000 NaN 
lowThrDef
53.000000 44.000000 46.000000 47.000000 56.000000 0.000000 
prevThrDef
25.000000 25.000000 25.000000 25.000000 25.000000 25.000000 
manualSeparators


284  285  404



separators
1   92   95  161  163  545
1   56   65   67   68   91   92  325  326  329  330  335  340  345  346  351  352  353  354  356  359  444  445  459  460  545
1   56   65  284  285  286  401  402  404  409  415  461  462  466  467  476  477  545
1  372  374  422  423  545
1   45   46  128  129  130  131  308  309  325  326  329  330  335  340  345  346  351  352  353  354  355  356  359  545
1  545
