fields 34
worms 5
Wave_Initiation_Rate_Median
16.986030 22.233374 35.630822 66.939934 17.278910 
Wave_Initiation_Rate_Range
25.877605 20.555595 22.408670 35.902675 24.447478 
Body_Wave_Number_Median
1.163176 1.037784 1.174968 0.496824 1.120686 
Body_Wave_Number_Range
0.721510 1.055491 0.974863 0.548324 1.155106 
Asymmetry_Median
0.027919 0.046259 -0.014376 -0.018301 0.003638 
Asymmetry_Range
0.248284 0.212044 0.098701 0.155479 0.187226 
Reverse_Swimming
0.000000 17.663293 7.339450 10.538071 10.676379 
Curling
2.462687 10.528302 0.000000 2.080925 5.730994 
Stretch_Median
0.617593 0.676937 0.445578 0.501562 0.730037 
Stretch_Range
0.184085 0.278945 0.267338 0.302983 0.285301 
Attenuation_Median
46.798868 34.506247 49.119710 45.706390 53.331940 
Attenuation_Range
28.696466 28.780720 25.903883 46.599639 42.484332 
Traveling_Speed_Mean
3.089847 2.406785 3.401434 6.799233 1.947513 
Brush_Stroke_Median
0.113959 0.069842 0.060744 0.196466 0.058739 
Brush_Stroke_Range
0.064730 0.018960 0.029070 0.075640 0.018730 
Activity_Index_Median
69.031356 82.792234 118.726127 203.815032 56.695918 
Activity_Index_Range
99.843456 75.791845 108.446141 160.024116 85.977510 
Wave_Initiation_Rate_10
8.129500 12.028624 29.278178 32.349165 8.978103 
Body_Wave_Number_10
0.866143 0.375298 0.564888 0.163343 0.419993 
Asymmetry_10
-0.115895 -0.040047 -0.076836 -0.081320 -0.113847 
Stretch_10
0.555754 0.566588 0.391363 0.422135 0.558832 
Attenuation_10
30.758145 17.785982 37.916804 12.051728 28.411815 
Brush_Stroke_10
0.081824 0.060692 0.051510 0.165921 0.049988 
Activity_Index_10
24.265513 35.409973 92.706542 96.160480 25.653195 
usability
0.985294 0.974265 0.931985 0.954044 0.943015 
status
valid
valid
valid
valid
valid
highThr
70.000000 71.000000 77.000000 68.000000 72.000000 
lowThr
44.000000 46.000000 44.000000 47.000000 36.000000 
prevThr
25.000000 25.000000 25.000000 25.000000 25.000000 
highThrDef
70.000000 71.000000 77.000000 68.000000 72.000000 
lowThrDef
44.000000 46.000000 44.000000 47.000000 36.000000 
prevThrDef
25.000000 25.000000 25.000000 25.000000 25.000000 
manualSeparators



396  397
499  500
separators
1   61   62   69   70  191  194  195  196  347  350  351  522  523  545
1   61   62   66   67   84   90   92   93   94  101  109  110  111  114  115  166  167  404  405  432  433  521  522  542  543  545
1   42   44   46   47   58   62   65   66   67   68   73   74   75   76   77   81   88   90   91   94  101  106  107  108  110  111  115  116  119  122  124  131  135  136  137  138  139  142  148  149  545
1   46   47   62   64   65   68   73   88   90   91   94  101  106  107  110  111  115  116  119  122  124  131  136  137  138  139  142  148  149  178  179  314  315  316  317  318  319  324  396  397  398  411  413  414  418  422  423  424  425  426  427  449  450  463  469  519  520  521  541  543  545
1   55   56  212  213  315  321  322  324  489  490  491  499  500  501  502  521  522  545
