fields 34
worms 6
Wave_Initiation_Rate_Median
6.395169 7.611393 15.300898 50.437844 NaN NaN 
Wave_Initiation_Rate_Range
1.454466 4.432907 33.660566 18.403665 NaN NaN 
Body_Wave_Number_Median
1.892168 1.811673 1.316223 1.252879 NaN NaN 
Body_Wave_Number_Range
0.192213 0.282075 1.000760 0.548012 NaN NaN 
Asymmetry_Median
-0.046011 0.006171 0.008275 -0.005776 NaN NaN 
Asymmetry_Range
0.184315 0.085964 0.333957 0.052571 NaN NaN 
Reverse_Swimming
0.000000 0.000000 2.870285 0.000000 NaN NaN 
Curling
0.000000 0.000000 6.555556 0.000000 NaN NaN 
Stretch_Median
0.345279 0.431997 0.569352 0.348837 NaN NaN 
Stretch_Range
0.188070 0.284271 0.286763 0.178973 NaN NaN 
Attenuation_Median
81.210941 80.482654 60.546818 52.383343 NaN NaN 
Attenuation_Range
7.334098 15.834896 31.268307 27.508046 NaN NaN 
Traveling_Speed_Mean
1.108823 1.385088 2.686062 2.370570 NaN NaN 
Brush_Stroke_Median
0.033269 0.034064 0.070654 0.063569 NaN NaN 
Brush_Stroke_Range
0.010504 0.017267 0.033397 0.019893 NaN NaN 
Activity_Index_Median
11.058147 12.604286 35.533081 99.127549 NaN NaN 
Activity_Index_Range
7.712180 13.467145 74.675198 67.225147 NaN NaN 
Wave_Initiation_Rate_10
5.823878 6.779357 8.358339 34.791161 NaN NaN 
Body_Wave_Number_10
1.754981 1.617794 0.671068 1.062158 NaN NaN 
Asymmetry_10
-0.071241 -0.015186 -0.187549 -0.021147 NaN NaN 
Stretch_10
0.283555 0.272655 0.422874 0.284385 NaN NaN 
Attenuation_10
77.262942 71.933686 48.252798 41.557749 NaN NaN 
Brush_Stroke_10
0.029839 0.031369 0.058670 0.058519 NaN NaN 
Activity_Index_10
9.049751 11.214965 16.413364 66.053204 NaN NaN 
usability
1.000000 1.000000 0.992647 0.988971 0.457721 0.000000 
status
valid
valid
valid
valid
rejected
rejected
highThr
68.000000 78.000000 71.000000 80.000000 71.000000 40.000000 
lowThr
53.000000 58.000000 54.000000 52.000000 31.000000 14.000000 
prevThr
25.000000 25.000000 25.000000 25.000000 25.000000 25.000000 
highThrDef
68.000000 78.000000 71.000000 80.000000 71.000000 40.000000 
lowThrDef
53.000000 58.000000 54.000000 52.000000 31.000000 14.000000 
prevThrDef
25.000000 25.000000 25.000000 25.000000 25.000000 25.000000 
manualSeparators


381  382  383  384  385



separators
1  545
1  545
1   97   98  161  162  165  166  241  242  341  342  381  382  383  384  385  545
1   11   12   14   15   20   21   26   27   38   40   54   55   56   58   59   61  113  115  230  231  545
1    2    3   20   21   24   25   27   28   36   37   40   41   49   50   53   55   56   78   79   82   83   86   87   91   92   94   95   99  100  118  119  120  121  126  127  130  131  132  133  135  136  139  140  141  142  151  152  155  156  181  217  218  221  230  231  243  259  260  441  444  445  447  448  449  450  451  452  457  458  477  480  485  486  489  492  493  494  534  535  545
1  441  442  444  445  447  448  457  458  477  480  485  486  489  492  534  535  545
