fields 34
worms 6
Wave_Initiation_Rate_Median
82.462020 84.311211 101.398784 NaN 100.544315 NaN 
Wave_Initiation_Rate_Range
16.846277 12.443791 22.740706 NaN 3.853651 NaN 
Body_Wave_Number_Median
0.583713 0.580576 0.584712 NaN 0.583224 NaN 
Body_Wave_Number_Range
0.246971 0.137925 0.201637 NaN 0.153382 NaN 
Asymmetry_Median
0.001725 0.002115 -0.001240 NaN 0.008450 NaN 
Asymmetry_Range
0.029682 0.044610 0.035441 NaN 0.044038 NaN 
Reverse_Swimming
0.000000 0.000000 0.000000 NaN 0.000000 NaN 
Curling
0.000000 0.000000 0.000000 NaN 0.000000 NaN 
Stretch_Median
0.381017 0.433862 0.415970 NaN 0.452418 NaN 
Stretch_Range
0.128399 0.154978 0.132339 NaN 0.147641 NaN 
Attenuation_Median
63.508478 65.519018 66.994404 NaN 59.786838 NaN 
Attenuation_Range
14.222815 12.730445 14.324797 NaN 18.492352 NaN 
Traveling_Speed_Mean
7.217716 12.012773 12.712929 NaN 11.505233 NaN 
Brush_Stroke_Median
0.054576 0.250349 0.259641 NaN 0.245034 NaN 
Brush_Stroke_Range
0.008840 0.030192 0.034548 NaN 0.024257 NaN 
Activity_Index_Median
222.944017 232.328638 258.105594 NaN 269.895298 NaN 
Activity_Index_Range
56.656124 27.644660 62.997493 NaN 30.331394 NaN 
Wave_Initiation_Rate_10
68.069327 73.393012 79.140147 NaN 97.615810 NaN 
Body_Wave_Number_10
0.481657 0.520040 0.476781 NaN 0.504237 NaN 
Asymmetry_10
-0.013774 -0.028453 -0.012993 NaN -0.013819 NaN 
Stretch_10
0.324255 0.377938 0.374185 NaN 0.375648 NaN 
Attenuation_10
55.188978 59.853077 59.354301 NaN 48.555450 NaN 
Brush_Stroke_10
0.050587 0.235459 0.245686 NaN 0.233926 NaN 
Activity_Index_10
195.018747 217.340980 214.559469 NaN 253.699582 NaN 
usability
0.893382 1.000000 1.000000 0.628676 1.000000 0.000000 
status
valid
valid
valid
rejected
valid
rejected
highThr
68.000000 63.000000 61.000000 81.000000 62.000000 NaN 
lowThr
47.000000 47.000000 45.000000 40.000000 44.000000 0.000000 
prevThr
25.000000 25.000000 25.000000 25.000000 25.000000 25.000000 
highThrDef
68.000000 63.000000 61.000000 81.000000 62.000000 NaN 
lowThrDef
47.000000 47.000000 45.000000 19.000000 44.000000 0.000000 
prevThrDef
25.000000 25.000000 25.000000 25.000000 25.000000 25.000000 
manualSeparators



408  409


separators
1  239  240  241  242  243  244  245  254  407  412  415  417  419  420  425  461  462  545
1  420  422  444  445  545
1  448  449  545
1   28   29   34   35   37   38   49   50   55   56   60   61   63   81   82   90   91  136  181  182  191  200  203  205  239  241  242  243  245  254  261  333  334  338  343  344  347  407  408  409  412  415  417  418  420  421  425  461  462  545
1  247  248  420  422  545
1  181  182  545
