fields 34
worms 6
Wave_Initiation_Rate_Median
5.466841 8.956420 6.756915 59.805749 6.003608 NaN 
Wave_Initiation_Rate_Range
0.476277 8.470196 1.403382 32.967328 1.253889 NaN 
Body_Wave_Number_Median
1.774458 1.576371 1.855797 0.767828 1.945609 NaN 
Body_Wave_Number_Range
0.351600 0.661618 0.125483 0.850353 0.092524 NaN 
Asymmetry_Median
0.040246 -0.007277 0.124905 0.006479 0.002855 NaN 
Asymmetry_Range
0.033015 0.266696 0.007536 0.097917 0.017446 NaN 
Reverse_Swimming
0.000000 6.844526 0.000000 1.077844 0.000000 NaN 
Curling
0.000000 0.000000 0.000000 0.165289 0.000000 NaN 
Stretch_Median
0.348070 0.545578 0.303807 0.512749 0.312814 NaN 
Stretch_Range
0.109726 0.250945 0.089907 0.286518 0.268565 NaN 
Attenuation_Median
70.005118 76.183782 78.752388 57.891507 66.086134 NaN 
Attenuation_Range
35.045035 28.400082 6.377973 38.597209 26.685747 NaN 
Traveling_Speed_Mean
0.421014 1.726661 0.235872 1.035412 0.376624 NaN 
Brush_Stroke_Median
0.026732 0.046073 0.027704 0.065180 0.027531 NaN 
Brush_Stroke_Range
0.002847 0.020361 0.001684 0.021595 0.006124 NaN 
Activity_Index_Median
7.280718 19.279693 9.278434 187.768730 8.214183 NaN 
Activity_Index_Range
1.167659 26.734669 1.667655 76.589267 3.525406 NaN 
Wave_Initiation_Rate_10
5.307468 6.780335 6.158792 34.928160 5.557291 NaN 
Body_Wave_Number_10
1.623951 1.254885 1.798972 0.430640 1.878271 NaN 
Asymmetry_10
0.015699 -0.086546 0.120271 -0.016067 -0.006674 NaN 
Stretch_10
0.312387 0.397326 0.262363 0.337573 0.214490 NaN 
Attenuation_10
43.977264 57.368954 75.075023 30.577195 51.546927 NaN 
Brush_Stroke_10
0.025504 0.033419 0.027030 0.058442 0.025611 NaN 
Activity_Index_10
6.944184 12.104547 8.330580 131.442423 7.277650 NaN 
usability
1.000000 0.998162 0.996324 0.667279 0.946691 0.012868 
status
valid
valid
valid
valid
valid
rejected
highThr
64.000000 72.000000 69.000000 86.000000 68.000000 58.000000 
lowThr
51.000000 53.000000 57.000000 39.000000 50.000000 50.000000 
prevThr
25.000000 25.000000 25.000000 25.000000 25.000000 25.000000 
highThrDef
64.000000 72.000000 69.000000 86.000000 68.000000 58.000000 
lowThrDef
51.000000 53.000000 57.000000 39.000000 50.000000 50.000000 
prevThrDef
25.000000 25.000000 25.000000 25.000000 25.000000 25.000000 
manualSeparators






separators
1  322  323  326  328  329  330  444  445  545
1  281  282  545
1  441  442  541  542  545
1   19   27   42   43   44   46   49   64   65  141  142  160  168  178  187  247  248  249  262  263  265  267  268  269  282  284  286  288  290  293  322  324  327  328  341  348  351  352  361  362  368  375  387  388  390  392  402  408  411  414  415  416  417  418  419  421  422  428  431  529  541  545
1   41   42   43   44   46   49   64   65  102  103  262  265  282  286  288  290  321  322  323  324  325  351  368  375  387  388  390  392  402  408  428  431  545
1  321  323  330  331  335  340  343  348  349  521  522  545
