fields 34
worms 6
Wave_Initiation_Rate_Median
111.619844 102.821518 118.685451 118.082141 NaN NaN 
Wave_Initiation_Rate_Range
54.426266 53.638966 57.510729 27.655991 NaN NaN 
Body_Wave_Number_Median
0.659089 0.487607 0.788386 0.556479 NaN NaN 
Body_Wave_Number_Range
0.435055 0.377784 0.682510 0.204397 NaN NaN 
Asymmetry_Median
-0.014619 -0.004962 0.016619 0.011751 NaN NaN 
Asymmetry_Range
0.026997 0.069106 0.039260 0.037517 NaN NaN 
Reverse_Swimming
0.000000 0.000000 0.000000 0.000000 NaN NaN 
Curling
0.000000 0.111111 0.255864 0.000000 NaN NaN 
Stretch_Median
0.340872 0.386796 0.384799 0.328123 NaN NaN 
Stretch_Range
0.187627 0.223800 0.216407 0.111949 NaN NaN 
Attenuation_Median
71.914626 68.610168 67.387341 67.000484 NaN NaN 
Attenuation_Range
14.269792 13.402669 19.353883 12.493168 NaN NaN 
Traveling_Speed_Mean
10.118295 12.067304 13.665080 11.423218 NaN NaN 
Brush_Stroke_Median
0.238200 0.261092 0.234366 0.165343 NaN NaN 
Brush_Stroke_Range
0.041106 0.046709 0.077907 0.035109 NaN NaN 
Activity_Index_Median
238.236645 278.917997 275.172554 321.274205 NaN NaN 
Activity_Index_Range
100.758514 133.793541 157.400287 84.514670 NaN NaN 
Wave_Initiation_Rate_10
64.322631 66.728476 66.863673 94.131991 NaN NaN 
Body_Wave_Number_10
0.325870 0.295104 0.480070 0.467741 NaN NaN 
Asymmetry_10
-0.031078 -0.052517 0.004249 0.000911 NaN NaN 
Stretch_10
0.284228 0.288373 0.270002 0.285234 NaN NaN 
Attenuation_10
64.140420 62.278708 57.771906 61.528314 NaN NaN 
Brush_Stroke_10
0.221028 0.234835 0.191162 0.152575 NaN NaN 
Activity_Index_10
153.499648 176.829874 176.710414 259.639475 NaN NaN 
usability
1.000000 0.992647 0.862132 1.000000 
status
valid
valid
valid
valid
rejected
rejected
highThr
60.000000 61.000000 66.000000 60.000000 33.000000 NaN 
lowThr
41.000000 43.000000 39.000000 41.000000 8.000000 0.000000 
prevThr
25.000000 25.000000 25.000000 15.000000 25.000000 25.000000 
highThrDef
60.000000 61.000000 78.000000 57.000000 33.000000 NaN 
lowThrDef
41.000000 43.000000 25.000000 41.000000 8.000000 0.000000 
prevThrDef
25.000000 25.000000 25.000000 25.000000 25.000000 25.000000 
manualSeparators






separators
1  544  545
1   71   72   75   76   77   78   79  242  243  545
1  239  240  278  281  332  335  336  339  341  343  344  347  348  352  353  370  371  393  395  404  411  413  418  419  434  435  441  528  531  532  537  541  542  543  545
1  545
1    3   21   22   81   82  113  114  123  124  141  142  221  222  321  322  441  442  501  502  544  545
1  545
