fields 34
worms 5
Wave_Initiation_Rate_Median
116.953765 135.760588 133.830242 NaN NaN 
Wave_Initiation_Rate_Range
78.982280 81.651885 69.147118 NaN NaN 
Body_Wave_Number_Median
0.468919 0.536962 0.505024 NaN NaN 
Body_Wave_Number_Range
0.342638 0.509368 0.318019 NaN NaN 
Asymmetry_Median
-0.003775 0.007026 0.007768 NaN NaN 
Asymmetry_Range
0.069274 0.054655 0.089668 NaN NaN 
Reverse_Swimming
0.000000 0.000000 0.000000 NaN NaN 
Curling
0.572519 0.000000 2.111111 NaN NaN 
Stretch_Median
0.389603 0.318696 0.380583 NaN NaN 
Stretch_Range
0.319346 0.208483 0.216926 NaN NaN 
Attenuation_Median
71.927194 70.072761 65.030779 NaN NaN 
Attenuation_Range
14.430631 22.133144 20.419514 NaN NaN 
Traveling_Speed_Mean
9.774231 15.807957 13.050114 NaN NaN 
Brush_Stroke_Median
0.172919 0.230964 0.302604 NaN NaN 
Brush_Stroke_Range
0.044721 0.125131 0.071476 NaN NaN 
Activity_Index_Median
317.757397 308.701865 319.743759 NaN NaN 
Activity_Index_Range
252.715282 223.825557 171.653182 NaN NaN 
Wave_Initiation_Rate_10
56.212588 69.217604 66.786463 NaN NaN 
Body_Wave_Number_10
0.281801 0.244180 0.308535 NaN NaN 
Asymmetry_10
-0.053987 -0.023967 -0.010964 NaN NaN 
Stretch_10
0.306159 0.245644 0.320778 NaN NaN 
Attenuation_10
64.131637 57.537680 53.607314 NaN NaN 
Brush_Stroke_10
0.149356 0.197043 0.282812 NaN NaN 
Activity_Index_10
141.435515 156.008254 197.154206 NaN NaN 
usability
0.963235 0.941176 0.992647 
status
valid
valid
valid
rejected
rejected
highThr
57.000000 47.000000 50.000000 55.000000 NaN 
lowThr
27.000000 25.000000 31.000000 32.000000 0.000000 
prevThr
25.000000 20.000000 20.000000 25.000000 25.000000 
highThrDef
57.000000 47.000000 50.000000 55.000000 NaN 
lowThrDef
27.000000 29.000000 32.000000 32.000000 0.000000 
prevThrDef
25.000000 25.000000 25.000000 25.000000 25.000000 
manualSeparators



259

separators
1   66   67  121  122  123  131  132  136  137  141  257  258  545
1  178  179  347  348  358  359  360  361  414  441  442  545
1  238  239  382  383  463  464  543  544  545
1   61   62  240  241  243  248  259  268  269  270  278  279  281  286  287  288  290  298  299  301  302  305  306  307  311  315  319  325  328  335  336  350  352  358  362  366  372  374  381  382  383  543  544  545
1  545
