fields 34
worms 3
Wave_Initiation_Rate_Median
91.879802 102.474420 102.960230 
Wave_Initiation_Rate_Range
74.202816 31.227815 18.429340 
Body_Wave_Number_Median
0.779382 0.535390 0.666873 
Body_Wave_Number_Range
0.871261 0.511008 0.165977 
Asymmetry_Median
0.007999 -0.010592 -0.006956 
Asymmetry_Range
0.097076 0.043685 0.031784 
Reverse_Swimming
0.000000 0.000000 0.000000 
Curling
0.000000 0.000000 0.000000 
Stretch_Median
0.461584 0.339737 0.340921 
Stretch_Range
0.272374 0.187377 0.077106 
Attenuation_Median
75.008726 75.047046 64.500498 
Attenuation_Range
16.364256 18.574620 19.173606 
Traveling_Speed_Mean
7.724662 10.675460 10.232051 
Brush_Stroke_Median
0.261682 0.198916 0.279956 
Brush_Stroke_Range
0.130221 0.039433 0.090306 
Activity_Index_Median
249.891264 252.744306 305.199256 
Activity_Index_Range
189.085159 76.256786 107.091987 
Wave_Initiation_Rate_10
37.645303 86.289709 100.960986 
Body_Wave_Number_10
0.406159 0.216746 0.576877 
Asymmetry_10
-0.028673 -0.034653 -0.020218 
Stretch_10
0.338381 0.283157 0.296204 
Attenuation_10
66.922639 65.565814 55.066473 
Brush_Stroke_10
0.220503 0.185107 0.251822 
Activity_Index_10
146.576583 207.872512 262.652163 
usability
0.983456 0.983456 0.992647 
status
valid
valid
valid
highThr
71.000000 75.000000 72.000000 
lowThr
48.000000 38.000000 54.000000 
prevThr
25.000000 25.000000 10.000000 
highThrDef
71.000000 75.000000 72.000000 
lowThrDef
48.000000 38.000000 54.000000 
prevThrDef
25.000000 25.000000 25.000000 
manualSeparators



separators
1   35   36   62   64   90   91  178  179  269  271  294  295  368  369  545
1  456  457  459  461  463  527  528  529  531  545
1    2    3    5    6   56   57  108  109  545
