fields 34
worms 4
Wave_Initiation_Rate_Median
105.601037 118.980044 134.643468 NaN 
Wave_Initiation_Rate_Range
107.804430 31.750250 0.897980 NaN 
Body_Wave_Number_Median
0.622910 0.569011 0.371103 NaN 
Body_Wave_Number_Range
1.081126 0.360883 0.454301 NaN 
Asymmetry_Median
-0.001329 0.001357 -0.014672 NaN 
Asymmetry_Range
0.110158 0.028262 0.024686 NaN 
Reverse_Swimming
4.662420 0.000000 0.000000 NaN 
Curling
5.454545 0.000000 0.000000 NaN 
Stretch_Median
0.518565 0.388589 0.389402 NaN 
Stretch_Range
0.524739 0.172123 0.094574 NaN 
Attenuation_Median
52.420340 65.103302 66.800229 NaN 
Attenuation_Range
43.444170 18.812169 15.075983 NaN 
Traveling_Speed_Mean
7.414642 14.480436 10.272524 NaN 
Brush_Stroke_Median
0.084788 0.062819 0.297183 NaN 
Brush_Stroke_Range
0.077324 0.086248 0.074826 NaN 
Activity_Index_Median
340.830984 370.599128 320.497610 NaN 
Activity_Index_Range
732.582278 588.608585 80.828217 NaN 
Wave_Initiation_Rate_10
12.492143 102.399625 134.264438 NaN 
Body_Wave_Number_10
0.139169 0.323248 0.239686 NaN 
Asymmetry_10
-0.058609 -0.014090 -0.027517 NaN 
Stretch_10
0.360438 0.338197 0.339526 NaN 
Attenuation_10
21.761255 55.563165 59.093285 NaN 
Brush_Stroke_10
0.054237 0.054777 0.265661 NaN 
Activity_Index_10
46.161577 290.954467 285.136630 NaN 
usability
0.849265 0.933824 0.992647 0.000000 
status
valid
valid
valid
rejected
highThr
59.000000 60.000000 64.000000 NaN 
lowThr
25.000000 36.000000 48.000000 0.000000 
prevThr
10.000000 10.000000 10.000000 25.000000 
highThrDef
59.000000 60.000000 64.000000 NaN 
lowThrDef
21.000000 36.000000 48.000000 0.000000 
prevThrDef
25.000000 25.000000 25.000000 25.000000 
manualSeparators




separators
1  282  283  284  286  321  322  405  409  410  414  415  416  453  461  481  482  505  506  507  508  515  516  545
1   98   99  180  181  186  201  203  221  420  421  545
1    4    5  114  115  149  150  481  482  545
1  545
