fields 34
worms 5
Wave_Initiation_Rate_Median
9.832549 44.712691 NaN 6.934349 7.132611 
Wave_Initiation_Rate_Range
7.986354 33.245730 NaN 1.043987 2.488090 
Body_Wave_Number_Median
1.633151 0.842831 NaN 1.846214 1.838935 
Body_Wave_Number_Range
0.792193 0.910802 NaN 0.145432 0.277309 
Asymmetry_Median
-0.017344 -0.000095 NaN -0.050338 0.064719 
Asymmetry_Range
0.240274 0.139114 NaN 0.025522 0.057513 
Reverse_Swimming
1.490340 3.919043 NaN 0.000000 0.000000 
Curling
0.000000 6.245353 NaN 0.000000 0.000000 
Stretch_Median
0.605484 0.576844 NaN 0.293116 0.441492 
Stretch_Range
0.125472 0.403148 NaN 0.146157 0.120785 
Attenuation_Median
79.520752 45.039689 NaN 69.794852 85.276437 
Attenuation_Range
14.872501 36.055233 NaN 17.152823 6.074384 
Traveling_Speed_Mean
1.481755 4.097008 NaN 0.598678 0.670711 
Brush_Stroke_Median
0.047413 0.122557 NaN 0.028628 0.030891 
Brush_Stroke_Range
0.021147 0.038528 NaN 0.002940 0.003473 
Activity_Index_Median
22.783248 109.652478 NaN 9.966988 10.892667 
Activity_Index_Range
21.926376 69.031217 NaN 1.795315 3.246951 
Wave_Initiation_Rate_10
7.711264 17.990017 NaN 6.419472 6.003026 
Body_Wave_Number_10
1.027009 0.334524 NaN 1.761063 1.636509 
Asymmetry_10
-0.083711 -0.032569 NaN -0.068238 0.017160 
Stretch_10
0.553020 0.442807 NaN 0.247181 0.371486 
Attenuation_10
70.749512 22.348175 NaN 61.846065 81.095443 
Brush_Stroke_10
0.039767 0.097954 NaN 0.027602 0.029723 
Activity_Index_10
15.959953 69.435261 NaN 9.194652 9.276779 
usability
1.000000 0.988971 0.246324 1.000000 1.000000 
status
valid
valid
rejected
valid
valid
highThr
61.000000 69.000000 45.000000 50.000000 54.000000 
lowThr
46.000000 49.000000 20.000000 35.000000 41.000000 
prevThr
25.000000 25.000000 25.000000 25.000000 25.000000 
highThrDef
61.000000 69.000000 45.000000 50.000000 54.000000 
lowThrDef
46.000000 49.000000 20.000000 35.000000 41.000000 
prevThrDef
25.000000 25.000000 25.000000 25.000000 25.000000 
manualSeparators

360  361  390  391  526  527  524  525



separators
1  321  322  404  405  425  426  545
1  360  361  362  382  383  390  391  392  393  440  441  524  525  526  527  545
1  105  106  113  114  121  122  124  125  126  127  128  141  144  545
1  475  476  545
1  545
