fields 34
worms 5
Wave_Initiation_Rate_Median
13.816321 10.508977 16.773660 32.486516 NaN 
Wave_Initiation_Rate_Range
8.537539 17.190128 22.727002 33.254437 NaN 
Body_Wave_Number_Median
1.643098 1.662501 1.086851 1.011363 NaN 
Body_Wave_Number_Range
0.267326 0.963782 1.447775 1.638419 NaN 
Asymmetry_Median
-0.026026 0.023153 -0.019559 0.000183 NaN 
Asymmetry_Range
0.124909 0.208035 0.414846 0.214933 NaN 
Reverse_Swimming
0.000000 0.000000 2.980681 12.497041 NaN 
Curling
0.000000 10.575139 22.598870 10.349345 NaN 
Stretch_Median
0.713487 0.673938 0.764058 0.683782 NaN 
Stretch_Range
0.146892 0.378178 0.279633 0.189724 NaN 
Attenuation_Median
78.343808 69.750056 44.735188 42.175665 NaN 
Attenuation_Range
20.722711 34.944174 52.576571 77.492175 NaN 
Traveling_Speed_Mean
2.618452 1.433624 2.277714 1.649621 NaN 
Brush_Stroke_Median
0.052680 0.051919 0.046952 0.062876 NaN 
Brush_Stroke_Range
0.012923 0.022096 0.032896 0.029617 NaN 
Activity_Index_Median
38.751556 24.954922 47.921856 88.840815 NaN 
Activity_Index_Range
23.027825 17.661047 79.222372 104.174835 NaN 
Wave_Initiation_Rate_10
9.229864 7.351357 9.433412 8.186986 NaN 
Body_Wave_Number_10
1.505872 0.882329 0.077100 0.191718 NaN 
Asymmetry_10
-0.097182 -0.056146 -0.281521 -0.085923 NaN 
Stretch_10
0.613655 0.563644 0.627643 0.595215 NaN 
Attenuation_10
67.713452 44.212013 17.133302 -13.651252 NaN 
Brush_Stroke_10
0.048460 0.034772 0.036275 0.046425 NaN 
Activity_Index_10
25.287486 15.490772 20.665023 18.886652 NaN 
usability
1.000000 0.990809 0.976103 0.841912 0.000000 
status
valid
valid
valid
valid
rejected
highThr
68.000000 69.000000 70.000000 73.000000 NaN 
lowThr
53.000000 51.000000 49.000000 30.000000 0.000000 
prevThr
25.000000 25.000000 25.000000 25.000000 25.000000 
highThrDef
68.000000 69.000000 70.000000 73.000000 NaN 
lowThrDef
53.000000 51.000000 49.000000 23.000000 0.000000 
prevThrDef
25.000000 25.000000 25.000000 25.000000 25.000000 
manualSeparators

309  310
145  146  200  201  202  203  204  412  413
463  464  468  469

separators
1  545
1  121  122  141  142  190  191  193  194  309  310  311  545
1   27   28  142  143  144  145  146  162  163  181  182  183  200  201  202  203  204  205  206  292  293  367  368  374  375  381  382  411  412  413  473  474  476  477  524  525  545
1   61   62  181  184  185  194  195  201  232  233  279  280  282  283  324  325  463  464  467  468  469  545
1  181  182  381  382  461  462  545
