fields 34
worms 4
Wave_Initiation_Rate_Median
111.877149 119.335716 132.298133 101.444575 
Wave_Initiation_Rate_Range
19.163865 21.421317 43.040701 58.222230 
Body_Wave_Number_Median
0.543289 0.541541 0.531418 0.376890 
Body_Wave_Number_Range
0.202332 0.299651 0.221390 0.318223 
Asymmetry_Median
-0.012054 -0.011197 0.002393 -0.006431 
Asymmetry_Range
0.059773 0.052199 0.061203 0.064128 
Reverse_Swimming
0.000000 0.000000 0.000000 3.201472 
Curling
0.000000 0.000000 0.556586 0.336449 
Stretch_Median
0.345526 0.347782 0.346254 0.370913 
Stretch_Range
0.094120 0.150649 0.192785 0.212947 
Attenuation_Median
64.175201 72.415607 64.386547 68.669491 
Attenuation_Range
16.892866 18.854598 26.014135 29.156244 
Traveling_Speed_Mean
11.869879 7.858306 9.238626 8.155075 
Brush_Stroke_Median
0.268999 0.242014 0.284265 0.243352 
Brush_Stroke_Range
0.045046 0.033543 0.035640 0.051151 
Activity_Index_Median
270.395218 257.127725 296.403282 247.068475 
Activity_Index_Range
47.949985 62.072211 68.196776 110.770200 
Wave_Initiation_Rate_10
101.382056 101.628382 91.671878 63.197389 
Body_Wave_Number_10
0.419584 0.383328 0.433286 0.208730 
Asymmetry_10
-0.045774 -0.044601 -0.025987 -0.048185 
Stretch_10
0.296983 0.282500 0.271584 0.307895 
Attenuation_10
54.191328 60.341392 51.679658 50.647310 
Brush_Stroke_10
0.249482 0.225555 0.266338 0.218312 
Activity_Index_10
247.374251 214.886679 249.717819 175.926253 
usability
0.992647 0.979779 0.990809 0.983456 
status
valid
valid
valid
valid
highThr
50.000000 49.000000 50.000000 46.000000 
lowThr
34.000000 27.000000 31.000000 25.000000 
prevThr
25.000000 25.000000 25.000000 25.000000 
highThrDef
50.000000 49.000000 50.000000 46.000000 
lowThrDef
34.000000 27.000000 31.000000 25.000000 
prevThrDef
25.000000 25.000000 25.000000 25.000000 
manualSeparators




separators
1  335  336  513  514  515  524  525  545
1  122  124  132  133  137  138  321  323  331  332  333  335  338  545
1  176  177  185  186  194  195  219  220  430  431  545
1   44   45   46  116  117  443  448  449  545
