fields 34
worms 5
Wave_Initiation_Rate_Median
47.611313 37.995259 5.862686 18.524682 48.463067 
Wave_Initiation_Rate_Range
44.517281 26.687528 0.653882 12.260680 57.716267 
Body_Wave_Number_Median
0.735649 0.930180 1.962388 1.257058 0.709554 
Body_Wave_Number_Range
0.803254 0.916543 0.039356 0.841231 1.419721 
Asymmetry_Median
0.035978 0.011975 0.062537 -0.024270 -0.013032 
Asymmetry_Range
0.173603 0.096458 0.041416 0.136768 0.303902 
Reverse_Swimming
1.341615 5.740570 0.000000 4.084637 3.587856 
Curling
4.434180 1.444444 0.000000 9.171271 11.235955 
Stretch_Median
0.596792 0.579311 0.345242 0.727964 0.645508 
Stretch_Range
0.306673 0.192856 0.147031 0.278950 0.320610 
Attenuation_Median
42.092926 65.738573 72.010162 38.189328 49.543757 
Attenuation_Range
23.466136 23.614705 19.746495 48.762913 44.006349 
Traveling_Speed_Mean
3.002851 3.402034 0.432284 3.234005 4.223861 
Brush_Stroke_Median
0.120921 0.112802 0.026965 0.056210 0.164148 
Brush_Stroke_Range
0.024320 0.044348 0.001893 0.028070 0.156963 
Activity_Index_Median
162.117259 88.265261 7.937043 58.332135 169.962652 
Activity_Index_Range
121.656516 47.198000 1.080688 42.956959 224.043636 
Wave_Initiation_Rate_10
15.914837 24.609927 5.615667 10.822999 8.076987 
Body_Wave_Number_10
0.557482 0.193873 1.933565 0.729278 0.249679 
Asymmetry_10
-0.047721 -0.014015 0.029413 -0.096082 -0.056690 
Stretch_10
0.506268 0.479522 0.277430 0.666945 0.537274 
Attenuation_10
27.060716 49.187704 59.051410 2.692104 26.819198 
Brush_Stroke_10
0.109860 0.096283 0.026131 0.043038 0.091840 
Activity_Index_10
89.565839 66.210146 7.451716 27.568963 12.340177 
usability
0.795956 0.992647 1.000000 0.998162 0.981618 
status
valid
valid
valid
valid
valid
highThr
55.000000 58.000000 55.000000 66.000000 59.000000 
lowThr
34.000000 39.000000 44.000000 38.000000 36.000000 
prevThr
25.000000 25.000000 25.000000 25.000000 25.000000 
highThrDef
55.000000 58.000000 55.000000 66.000000 59.000000 
lowThrDef
34.000000 39.000000 44.000000 38.000000 36.000000 
prevThrDef
25.000000 25.000000 25.000000 25.000000 25.000000 
manualSeparators
6    7   20   21   45   46  212  213  214  215  216  217
487  488


154  155  153  152  434  435
separators
1    2    3    6    7   20   21   22   45   46   49   50  203  206  208  210  212  213  214  215  216  217  225  227  301  321  322  545
1  487  488  490  491  545
1  108  109  501  502  541  542  545
1  294  295  306  307  381  382  536  537  545
1  152  153  154  155  156  328  329  341  342  356  357  361  362  363  364  379  380  433  434  435  545
