fields 34
worms 4
Wave_Initiation_Rate_Median
66.922366 99.172615 68.201174 135.176609 
Wave_Initiation_Rate_Range
59.063047 62.658488 21.883820 22.430316 
Body_Wave_Number_Median
1.004197 0.635251 0.427108 0.532520 
Body_Wave_Number_Range
0.999080 0.390785 0.250524 0.322626 
Asymmetry_Median
-0.058163 -0.009203 -0.000910 0.001992 
Asymmetry_Range
0.062425 0.067727 0.039540 0.025336 
Reverse_Swimming
1.379945 0.717571 0.000000 0.000000 
Curling
0.000000 0.000000 0.000000 0.000000 
Stretch_Median
0.461139 0.338764 0.359614 0.287596 
Stretch_Range
0.222902 0.158696 0.144892 0.127408 
Attenuation_Median
83.579782 67.910842 65.809637 71.967999 
Attenuation_Range
10.346893 19.756249 12.859912 16.075959 
Traveling_Speed_Mean
4.946782 14.044478 9.402635 12.823889 
Brush_Stroke_Median
0.056632 0.209238 0.202722 0.327915 
Brush_Stroke_Range
0.022812 0.039666 0.056890 0.329449 
Activity_Index_Median
160.549015 250.441463 213.543334 353.454947 
Activity_Index_Range
213.034996 169.716841 96.729476 321.876557 
Wave_Initiation_Rate_10
9.096700 66.592573 58.698262 120.100837 
Body_Wave_Number_10
0.613843 0.393065 0.304815 0.364489 
Asymmetry_10
-0.095690 -0.055569 -0.025458 -0.011183 
Stretch_10
0.368646 0.272818 0.315433 0.226423 
Attenuation_10
79.058970 56.312964 59.760996 63.079726 
Brush_Stroke_10
0.047613 0.188152 0.174331 0.271115 
Activity_Index_10
22.355145 158.524022 149.371187 298.524805 
usability
0.981618 0.996324 0.990809 0.878676 
status
valid
valid
valid
valid
highThr
80.000000 64.000000 67.000000 59.000000 
lowThr
34.000000 48.000000 45.000000 37.000000 
prevThr
25.000000 25.000000 25.000000 25.000000 
highThrDef
80.000000 64.000000 67.000000 59.000000 
lowThrDef
34.000000 48.000000 45.000000 37.000000 
prevThrDef
25.000000 25.000000 25.000000 25.000000 
manualSeparators
463



separators
1  433  434  463  471  472  545
1   22   23  351  352  545
1   77   78  103  104  338  339  348  349  543  544  545
1   61   62  266  267  362  363  406  408  449  450  545
