fields 34
worms 4
Wave_Initiation_Rate_Median
103.945159 104.075687 114.955795 103.035431 
Wave_Initiation_Rate_Range
16.147559 18.542138 29.297977 18.796827 
Body_Wave_Number_Median
0.476061 0.472503 0.587513 0.521386 
Body_Wave_Number_Range
0.390695 0.345991 0.503762 0.247595 
Asymmetry_Median
-0.003238 0.005918 0.004337 -0.003701 
Asymmetry_Range
0.040245 0.041603 0.036966 0.022596 
Reverse_Swimming
0.000000 0.000000 0.000000 0.000000 
Curling
0.442804 0.000000 0.000000 0.000000 
Stretch_Median
0.312798 0.363112 0.337605 0.366408 
Stretch_Range
0.156582 0.162860 0.114213 0.130497 
Attenuation_Median
63.897666 68.465805 70.821256 65.599919 
Attenuation_Range
22.170780 18.594022 23.977013 15.535016 
Traveling_Speed_Mean
10.274820 10.137041 8.609663 8.298370 
Brush_Stroke_Median
0.119520 0.233647 0.289688 0.421872 
Brush_Stroke_Range
0.027088 0.045708 0.264972 0.248817 
Activity_Index_Median
350.391918 245.803526 276.578044 446.122266 
Activity_Index_Range
113.062652 92.527699 267.449566 234.731088 
Wave_Initiation_Rate_10
101.154726 100.829088 101.915850 101.019333 
Body_Wave_Number_10
0.282845 0.341074 0.256505 0.388767 
Asymmetry_10
-0.030888 -0.014765 -0.008552 -0.013673 
Stretch_10
0.258311 0.285165 0.285004 0.285034 
Attenuation_10
55.156061 57.746607 56.272697 58.176807 
Brush_Stroke_10
0.104496 0.205580 0.258865 0.229072 
Activity_Index_10
305.144255 197.697022 218.244090 262.658835 
usability
0.996324 0.992647 0.902574 0.856618 
status
valid
valid
valid
valid
highThr
55.000000 49.000000 54.000000 54.000000 
lowThr
34.000000 31.000000 16.000000 36.000000 
prevThr
25.000000 25.000000 25.000000 25.000000 
highThrDef
55.000000 49.000000 54.000000 54.000000 
lowThrDef
34.000000 31.000000 16.000000 36.000000 
prevThrDef
25.000000 25.000000 25.000000 25.000000 
manualSeparators

491  492


separators
1   21   22   23   24  237  239  462  463  478  480  545
1  106  108  297  298  395  396  491  492  493  545
1   77   79   80   97   98   99  100  101  138  139  140  149  150  167  170  181  182  198  199  260  261  262  271  272  276  277  292  293  294  299  300  301  302  427  429  430  545
1   61   62  401  402  403  405  407  408  409  410  412  415  416  417  418  545
