fields 44
worms 6
Wave_Initiation_Rate_Median
NaN 67.584050 52.133069 35.323289 NaN NaN 
Wave_Initiation_Rate_Range
NaN 20.193759 41.545452 17.503788 NaN NaN 
Body_Wave_Number_Median
NaN 0.574252 0.738183 0.754520 NaN NaN 
Body_Wave_Number_Range
NaN 0.192077 0.431111 0.365388 NaN NaN 
Asymmetry_Median
NaN -0.021783 -0.028142 0.015815 NaN NaN 
Asymmetry_Range
NaN 0.081115 0.098093 0.111271 NaN NaN 
Reverse_Swimming
NaN 0.000000 0.000000 0.000000 NaN NaN 
Curling
NaN 0.000000 1.320000 0.000000 NaN NaN 
Stretch_Median
NaN 0.401955 0.458917 0.556180 NaN NaN 
Stretch_Range
NaN 0.197339 0.303109 0.304198 NaN NaN 
Attenuation_Median
NaN 70.763004 55.515179 62.915444 NaN NaN 
Attenuation_Range
NaN 14.274226 28.668097 22.843581 NaN NaN 
Traveling_Speed_Mean
NaN 6.706774 5.162999 4.863664 NaN NaN 
Brush_Stroke_Median
NaN 0.171751 0.143641 0.126299 NaN NaN 
Brush_Stroke_Range
NaN 0.028070 0.059102 0.055556 NaN NaN 
Activity_Index_Median
NaN 186.275200 149.715862 91.523982 NaN NaN 
Activity_Index_Range
NaN 77.736164 153.780691 30.405419 NaN NaN 
Wave_Initiation_Rate_10
NaN 49.040926 25.298116 33.725921 NaN NaN 
Body_Wave_Number_10
NaN 0.470981 0.505222 0.656811 NaN NaN 
Asymmetry_10
NaN -0.044456 -0.078290 -0.019542 NaN NaN 
Stretch_10
NaN 0.339618 0.373270 0.409152 NaN NaN 
Attenuation_10
NaN 62.290505 38.425954 47.996825 NaN NaN 
Brush_Stroke_10
NaN 0.158804 0.122413 0.097759 NaN NaN 
Activity_Index_10
NaN 126.287377 77.492497 76.548085 NaN NaN 
Wave_Initiation_Rate_All
0.000000 74.182464 0.000000 55.706923 0.000000 0.000000 0.000000 74.182464 0.000000 55.706923 0.000000 0.000000 0.000000 73.825203 0.000000 55.244059 0.000000 0.000000 0.000000 73.825203 0.000000 55.244059 0.000000 0.000000 0.000000 73.535439 0.000000 54.843777 0.000000 0.000000 0.000000 73.535439 0.000000 54.843777 0.000000 0.000000 0.000000 73.270674 0.000000 54.497599 0.000000 0.000000 0.000000 73.270674 0.000000 54.497599 0.000000 0.000000 0.000000 73.011059 0.000000 54.203415 0.000000 0.000000 0.000000 73.011059 0.000000 54.203415 0.000000 0.000000 0.000000 72.738899 0.000000 53.956530 0.000000 0.000000 0.000000 72.738899 0.000000 53.956530 0.000000 0.000000 0.000000 72.453430 0.000000 53.748174 0.000000 0.000000 0.000000 72.453430 0.000000 53.748174 0.000000 0.000000 0.000000 72.175307 0.000000 53.569328 0.000000 0.000000 0.000000 72.175307 0.000000 53.569328 0.000000 0.000000 0.000000 71.919169 0.000000 53.419871 0.000000 0.000000 0.000000 72.146085 0.000000 52.507465 0.000000 0.000000 0.000000 71.900752 0.000000 52.415750 0.000000 0.000000 0.000000 72.126565 0.000000 51.453994 0.000000 0.000000 0.000000 71.890901 0.000000 51.422957 0.000000 0.000000 0.000000 72.104114 0.000000 51.337900 0.000000 0.000000 0.000000 71.879043 0.000000 51.318110 0.000000 0.000000 0.000000 72.067135 0.000000 51.231198 0.000000 0.000000 0.000000 71.850411 0.000000 52.095686 0.000000 0.000000 0.000000 72.001721 0.000000 52.068393 0.000000 0.000000 0.000000 71.792047 0.000000 52.891290 0.000000 0.000000 0.000000 70.961906 0.000000 52.928786 0.000000 0.000000 0.000000 70.816245 0.000000 53.709591 0.000000 0.000000 0.000000 69.946934 0.000000 53.814129 0.000000 0.000000 0.000000 69.864230 0.000000 54.552315 0.000000 0.000000 0.000000 68.972755 0.000000 54.726966 0.000000 0.000000 0.000000 68.948837 0.000000 55.418257 0.000000 0.000000 0.000000 68.860637 0.000000 55.667591 0.000000 0.000000 0.000000 68.843127 0.000000 56.305285 0.000000 0.000000 0.000000 68.732707 0.000000 56.631973 0.000000 0.000000 0.000000 68.718005 0.000000 56.376903 0.000000 0.000000 0.000000 68.598017 0.000000 56.722900 0.000000 0.000000 0.000000 68.580481 0.000000 56.448232 0.000000 0.000000 0.000000 68.469370 0.000000 56.808143 0.000000 0.000000 0.000000 68.445627 0.000000 56.505600 0.000000 0.000000 0.000000 68.354999 0.000000 56.870124 0.000000 0.000000 0.000000 68.328371 67.825441 56.533766 0.000000 0.000000 0.000000 68.273843 67.825441 56.895438 0.000000 0.000000 0.000000 68.249874 67.845416 56.524956 0.000000 0.000000 0.000000 68.236936 67.845416 56.880816 0.000000 0.000000 0.000000 68.223000 67.855453 56.484396 0.000000 0.000000 0.000000 68.236721 67.855453 56.834256 0.000000 0.000000 0.000000 68.233187 67.854556 56.428573 0.000000 0.000000 0.000000 68.258952 67.854556 56.766073 0.000000 0.000000 0.000000 68.263578 67.851412 56.364298 0.000000 0.000000 0.000000 68.281588 67.851412 56.702796 0.000000 0.000000 0.000000 68.285888 67.853919 56.314216 0.000000 0.000000 0.000000 68.296238 67.853919 56.650956 0.000000 0.000000 0.000000 68.288560 67.854364 56.279711 0.000000 0.000000 0.000000 68.289226 67.854364 56.609601 0.000000 0.000000 0.000000 68.267621 67.850782 56.256955 0.000000 0.000000 0.000000 68.260421 67.850782 55.652546 0.000000 0.000000 0.000000 68.225027 67.789894 55.368983 0.000000 0.000000 0.000000 68.211763 67.789894 54.700941 0.000000 0.000000 0.000000 68.166961 67.727376 54.480878 0.000000 0.000000 0.000000 68.147042 67.727376 53.748278 0.000000 0.000000 0.000000 68.099242 67.664555 53.584792 0.000000 0.000000 0.000000 68.071634 67.664555 52.786136 0.000000 0.000000 0.000000 68.025363 67.615914 52.676191 0.000000 0.000000 0.000000 67.991564 67.615914 51.813522 0.000000 0.000000 0.000000 67.949090 67.576987 51.756753 0.000000 0.000000 0.000000 67.910722 67.576987 50.834775 0.000000 0.000000 0.000000 67.870042 67.548573 50.832664 0.000000 0.000000 0.000000 67.831746 67.548573 50.741219 0.000000 0.000000 0.000000 67.790709 67.529234 50.745697 0.000000 0.000000 0.000000 67.758884 67.529234 50.663956 0.000000 0.000000 0.000000 67.718628 67.513659 50.678885 0.000000 0.000000 0.000000 67.696935 67.513659 50.617259 0.000000 0.000000 0.000000 67.661698 67.497871 50.645085 0.000000 0.000000 0.000000 67.646659 67.477397 50.613400 0.000000 0.000000 0.000000 67.619498 67.464897 50.652348 0.000000 0.000000 0.000000 67.604069 67.439866 50.655792 0.000000 0.000000 0.000000 67.584050 67.432742 50.699982 0.000000 0.000000 0.000000 67.558052 67.405068 50.734876 0.000000 0.000000 0.000000 67.541596 67.403947 50.778135 0.000000 0.000000 0.000000 67.501905 67.375952 50.830666 0.000000 0.000000 0.000000 67.491318 67.379477 50.869019 0.000000 0.000000 0.000000 67.438425 67.350767 50.927339 0.000000 0.000000 0.000000 67.438552 67.356208 50.958332 0.000000 0.000000 0.000000 67.381293 67.324318 51.012170 0.000000 0.000000 0.000000 67.384288 67.326104 51.033975 0.000000 0.000000 0.000000 67.335449 67.292921 51.077362 0.000000 0.000000 0.000000 67.332074 67.287933 51.087647 0.000000 0.000000 0.000000 67.295207 67.254322 51.117211 0.000000 0.000000 0.000000 67.282029 67.159102 51.117824 0.000000 0.000000 0.000000 67.258485 67.150121 51.135689 0.000000 0.000000 0.000000 67.237635 67.070930 51.132313 0.000000 0.000000 0.000000 67.224353 67.065068 51.143091 0.000000 0.000000 0.000000 67.204821 67.012763 51.147123 0.000000 0.000000 0.000000 67.196720 67.011289 51.158255 0.000000 0.000000 0.000000 67.186063 66.987961 51.173869 0.000000 0.000000 0.000000 67.179878 66.982155 51.189918 0.000000 0.000000 0.000000 67.181470 66.981170 51.223756 0.000000 0.000000 0.000000 67.175967 66.973127 51.247213 0.000000 0.000000 0.000000 67.186718 66.985922 51.302579 0.000000 0.000000 0.000000 67.184691 66.973842 51.334059 0.000000 0.000000 0.000000 67.198089 66.992920 51.407484 0.000000 0.000000 0.000000 67.202088 66.976322 51.444368 0.000000 0.000000 0.000000 67.213954 66.992467 51.520398 0.000000 0.000000 0.000000 67.222668 66.974494 51.558064 0.000000 0.000000 0.000000 67.234793 66.981805 51.628226 0.000000 0.000000 0.000000 67.243348 66.965339 51.661847 0.000000 0.000000 0.000000 67.254272 66.964039 51.718092 0.000000 0.000000 0.000000 67.258606 66.945236 51.745754 0.000000 0.000000 0.000000 67.268651 66.938154 51.781753 0.000000 0.000000 0.000000 67.268957 66.914366 51.805174 0.000000 0.000000 0.000000 67.278345 66.905655 51.822649 0.000000 0.000000 0.000000 67.278348 66.875633 51.844672 0.000000 0.000000 0.000000 67.287252 66.871271 51.848537 0.000000 0.000000 0.000000 67.285085 66.835983 51.871404 0.000000 0.000000 0.000000 67.294393 66.842363 51.866528 0.000000 0.000000 0.000000 67.285256 66.804806 51.892298 0.000000 0.000000 0.000000 67.296146 66.819979 51.885815 0.000000 0.000000 0.000000 67.287643 66.786560 51.917250 0.000000 0.000000 0.000000 67.299688 66.805111 51.912271 0.000000 0.000000 0.000000 67.301038 66.779923 51.953525 0.000000 0.000000 0.000000 67.314112 66.799039 51.949385 0.000000 0.000000 0.000000 67.329296 66.871756 52.000745 0.000000 0.000000 0.000000 67.343288 66.880131 51.993282 0.000000 0.000000 0.000000 67.370742 66.947397 52.050469 0.000000 0.000000 0.000000 67.388678 66.942622 52.033475 0.000000 0.000000 0.000000 67.419701 66.990544 52.084840 0.000000 0.000000 0.000000 67.443938 66.973134 52.050703 0.000000 0.000000 0.000000 67.470712 66.995535 52.089891 0.000000 0.000000 0.000000 67.500517 66.970606 52.032462 0.000000 0.000000 0.000000 67.518866 66.970931 52.049168 0.000000 0.000000 0.000000 67.550033 66.943829 51.967239 0.000000 0.000000 0.000000 67.561989 66.928403 51.953414 0.000000 0.000000 0.000000 67.589864 66.906898 51.849274 0.000000 0.000000 0.000000 67.600952 66.882444 51.803461 0.000000 0.000000 0.000000 67.624374 66.871763 51.681170 0.000000 0.000000 0.000000 67.638159 66.848074 51.615188 0.000000 0.000000 0.000000 67.656357 65.967299 51.479355 0.000000 0.000000 0.000000 67.670580 65.896581 51.399888 0.000000 0.000000 0.000000 67.682894 65.064108 51.255462 0.000000 0.000000 0.000000 67.698759 64.946662 51.170302 0.000000 0.000000 0.000000 67.705520 64.157587 51.027069 0.000000 0.000000 0.000000 67.722780 63.990884 50.943902 0.000000 0.000000 0.000000 67.724910 63.246497 50.814147 0.000000 0.000000 0.000000 67.743432 63.026510 50.733641 0.000000 0.000000 0.000000 67.742488 62.329636 50.628631 0.000000 0.000000 0.000000 67.762036 62.050145 50.548521 0.000000 0.000000 0.000000 67.756929 61.405438 50.472570 0.000000 0.000000 0.000000 67.776530 61.059251 50.390324 0.000000 0.000000 0.000000 67.767852 60.481230 50.339478 0.000000 0.000000 0.000000 67.786443 60.069885 50.249314 0.000000 0.000000 0.000000 67.777194 59.574731 50.218013 0.000000 0.000000 0.000000 67.794993 59.104281 50.117101 0.000000 0.000000 0.000000 67.792353 58.693767 50.096820 0.000000 0.000000 0.000000 67.809169 58.168071 49.985175 0.000000 0.000000 0.000000 67.819159 57.836402 49.969788 0.000000 0.000000 0.000000 67.834909 57.262794 49.850783 0.000000 0.000000 0.000000 67.860460 57.003701 49.838370 0.000000 0.000000 0.000000 67.872010 56.387293 49.718170 0.000000 0.000000 0.000000 67.904959 56.185898 49.707508 0.000000 0.000000 0.000000 67.909536 55.529105 49.595196 0.000000 0.000000 0.000000 67.934776 55.363923 49.584064 0.000000 0.000000 0.000000 67.932113 54.663435 49.488468 0.000000 0.000000 0.000000 67.947384 54.525414 49.474716 0.000000 0.000000 0.000000 67.941051 53.776365 49.400862 0.000000 0.000000 0.000000 67.946881 53.669341 49.382607 0.000000 0.000000 0.000000 67.941320 52.863499 49.332581 0.000000 0.000000 0.000000 67.940038 52.795715 49.310847 0.000000 0.000000 0.000000 67.936345 51.926643 49.284993 0.000000 0.000000 0.000000 67.930348 51.910214 49.259618 0.000000 0.000000 0.000000 67.929274 51.912422 49.256718 0.000000 0.000000 0.000000 67.921054 51.903091 49.227105 0.000000 0.000000 0.000000 67.923624 51.913001 49.244759 0.000000 0.000000 0.000000 67.915930 51.923346 49.211662 0.000000 0.000000 0.000000 67.922320 51.947781 49.241433 0.000000 0.000000 0.000000 67.915967 51.980468 49.206848 0.000000 0.000000 0.000000 67.925778 52.020728 49.236146 0.000000 0.000000 0.000000 67.920089 52.067076 49.197588 0.000000 0.000000 0.000000 67.932134 52.122540 49.213158 0.000000 0.000000 0.000000 67.929122 52.168220 49.162457 0.000000 0.000000 0.000000 67.944990 
Body_Wave_Number_All
0.000000 0.489327 0.000000 1.077094 0.000000 0.000000 0.000000 0.489327 0.000000 1.077094 0.000000 0.000000 0.000000 0.484823 0.000000 1.071142 0.000000 0.000000 0.000000 0.484823 0.000000 1.071142 0.000000 0.000000 0.000000 0.482303 0.000000 1.064754 0.000000 0.000000 0.000000 0.482303 0.000000 1.064754 0.000000 0.000000 0.000000 0.481746 0.000000 1.057144 0.000000 0.000000 0.000000 0.481746 0.000000 1.057144 0.000000 0.000000 0.000000 0.482348 0.000000 1.047843 0.000000 0.000000 0.000000 0.482348 0.000000 1.047843 0.000000 0.000000 0.000000 0.482977 0.000000 1.037521 0.000000 0.000000 0.000000 0.482977 0.000000 1.037521 0.000000 0.000000 0.000000 0.482818 0.000000 1.027056 0.000000 0.000000 0.000000 0.482818 0.000000 1.027056 0.000000 0.000000 0.000000 0.481174 0.000000 1.017476 0.000000 0.000000 0.000000 0.481174 0.000000 1.017476 0.000000 0.000000 0.000000 0.478540 0.000000 1.009879 0.000000 0.000000 0.000000 0.472429 0.000000 1.003180 0.000000 0.000000 0.000000 0.470550 0.000000 0.997386 0.000000 0.000000 0.000000 0.465489 0.000000 0.990843 0.000000 0.000000 0.000000 0.465235 0.000000 0.986802 0.000000 0.000000 0.000000 0.461174 0.000000 0.977858 0.000000 0.000000 0.000000 0.462573 0.000000 0.975735 0.000000 0.000000 0.000000 0.459657 0.000000 0.967260 0.000000 0.000000 0.000000 0.462023 0.000000 0.964893 0.000000 0.000000 0.000000 0.459862 0.000000 0.956971 0.000000 0.000000 0.000000 0.462181 0.000000 0.956566 0.000000 0.000000 0.000000 0.463831 0.000000 0.949653 0.000000 0.000000 0.000000 0.465886 0.000000 0.950093 0.000000 0.000000 0.000000 0.468100 0.000000 0.944399 0.000000 0.000000 0.000000 0.470619 0.000000 0.944397 0.000000 0.000000 0.000000 0.473408 0.000000 0.939631 0.000000 0.000000 0.000000 0.476635 0.000000 0.939120 0.000000 0.000000 0.000000 0.478437 0.000000 0.934515 0.000000 0.000000 0.000000 0.482285 0.000000 0.933939 0.000000 0.000000 0.000000 0.484660 0.000000 0.928712 0.000000 0.000000 0.000000 0.488894 0.000000 0.932786 0.000000 0.000000 0.000000 0.490881 0.000000 0.928530 0.000000 0.000000 0.000000 0.494903 0.000000 0.932532 0.000000 0.000000 0.000000 0.496108 0.000000 0.929976 0.000000 0.000000 0.000000 0.499397 0.000000 0.933949 0.000000 0.000000 0.000000 0.500011 0.000000 0.933806 0.000000 0.000000 0.000000 0.502487 0.863349 0.937663 0.000000 0.000000 0.000000 0.503195 0.863349 0.939809 0.000000 0.000000 0.000000 0.505463 0.846406 0.943473 0.000000 0.000000 0.000000 0.507017 0.846406 0.947406 0.000000 0.000000 0.000000 0.510160 0.842744 0.950799 0.000000 0.000000 0.000000 0.513514 0.842744 0.955613 0.000000 0.000000 0.000000 0.517640 0.848417 0.958424 0.000000 0.000000 0.000000 0.522717 0.848417 0.962806 0.000000 0.000000 0.000000 0.527154 0.857901 0.964917 0.000000 0.000000 0.000000 0.532571 0.857901 0.968681 0.000000 0.000000 0.000000 0.536830 0.865993 0.970121 0.000000 0.000000 0.000000 0.541559 0.865993 0.973119 0.000000 0.000000 0.000000 0.545282 0.870161 0.974249 0.000000 0.000000 0.000000 0.549053 0.870161 0.976279 0.000000 0.000000 0.000000 0.552149 0.873539 0.977642 0.000000 0.000000 0.000000 0.555415 0.873539 0.980806 0.000000 0.000000 0.000000 0.558022 0.875058 0.982900 0.000000 0.000000 0.000000 0.561693 0.875058 0.984950 0.000000 0.000000 0.000000 0.564074 0.877056 0.988309 0.000000 0.000000 0.000000 0.568155 0.877056 0.990257 0.000000 0.000000 0.000000 0.570590 0.880156 0.994945 0.000000 0.000000 0.000000 0.574319 0.880156 0.998106 0.000000 0.000000 0.000000 0.577038 0.882832 1.003985 0.000000 0.000000 0.000000 0.580086 0.882832 1.008550 0.000000 0.000000 0.000000 0.582617 0.884850 1.015029 0.000000 0.000000 0.000000 0.585039 0.884850 1.020674 0.000000 0.000000 0.000000 0.586713 0.886017 1.026975 0.000000 0.000000 0.000000 0.588593 0.886017 1.028787 0.000000 0.000000 0.000000 0.589489 0.887233 1.034387 0.000000 0.000000 0.000000 0.591379 0.887233 1.036751 0.000000 0.000000 0.000000 0.592024 0.888877 1.041494 0.000000 0.000000 0.000000 0.594524 0.888877 1.044243 0.000000 0.000000 0.000000 0.595178 0.889742 1.047755 0.000000 0.000000 0.000000 0.598496 0.891391 1.050779 0.000000 0.000000 0.000000 0.599300 0.890394 1.052566 0.000000 0.000000 0.000000 0.602897 0.894202 1.055720 0.000000 0.000000 0.000000 0.603923 0.890457 1.055577 0.000000 0.000000 0.000000 0.606639 0.893896 1.058732 0.000000 0.000000 0.000000 0.608105 0.887310 1.056872 0.000000 0.000000 0.000000 0.609633 0.888677 1.060213 0.000000 0.000000 0.000000 0.611450 0.879334 1.057121 0.000000 0.000000 0.000000 0.612282 0.878302 1.060773 0.000000 0.000000 0.000000 0.613570 0.866502 1.057000 0.000000 0.000000 0.000000 0.614106 0.864005 1.060990 0.000000 0.000000 0.000000 0.614207 0.851056 1.057099 0.000000 0.000000 0.000000 0.614791 0.848298 1.061147 0.000000 0.000000 0.000000 0.614089 0.836108 1.057168 0.000000 0.000000 0.000000 0.614864 0.832291 1.060776 0.000000 0.000000 0.000000 0.613631 0.823833 1.056909 0.000000 0.000000 0.000000 0.614500 0.819872 1.059440 0.000000 0.000000 0.000000 0.613002 0.810226 1.055350 0.000000 0.000000 0.000000 0.613679 0.804925 1.056181 0.000000 0.000000 0.000000 0.612431 0.793685 1.051850 0.000000 0.000000 0.000000 0.612611 0.786343 1.050719 0.000000 0.000000 0.000000 0.612545 0.775811 1.045573 0.000000 0.000000 0.000000 0.612046 0.767283 1.042294 0.000000 0.000000 0.000000 0.613176 0.757481 1.036654 0.000000 0.000000 0.000000 0.612555 0.748007 1.031526 0.000000 0.000000 0.000000 0.614113 0.738983 1.025887 0.000000 0.000000 0.000000 0.614151 0.728845 1.019519 0.000000 0.000000 0.000000 0.615243 0.720832 1.014283 0.000000 0.000000 0.000000 0.615956 0.709367 1.007427 0.000000 0.000000 0.000000 0.615904 0.703271 1.002458 0.000000 0.000000 0.000000 0.616752 0.690130 0.995275 0.000000 0.000000 0.000000 0.615249 0.685680 0.991134 0.000000 0.000000 0.000000 0.615849 0.672061 0.984082 0.000000 0.000000 0.000000 0.613102 0.668777 0.981513 0.000000 0.000000 0.000000 0.613161 0.655923 0.975285 0.000000 0.000000 0.000000 0.609840 0.652955 0.974529 0.000000 0.000000 0.000000 0.609184 0.641856 0.969607 0.000000 0.000000 0.000000 0.606115 0.638676 0.970723 0.000000 0.000000 0.000000 0.604524 0.629723 0.967199 0.000000 0.000000 0.000000 0.602070 0.626683 0.970153 0.000000 0.000000 0.000000 0.599667 0.620235 0.967809 0.000000 0.000000 0.000000 0.597774 0.618347 0.972818 0.000000 0.000000 0.000000 0.595498 0.614638 0.971329 0.000000 0.000000 0.000000 0.593996 0.613744 0.977686 0.000000 0.000000 0.000000 0.592632 0.611861 0.976614 0.000000 0.000000 0.000000 0.591286 0.611861 0.983367 0.000000 0.000000 0.000000 0.590563 0.610036 0.982733 0.000000 0.000000 0.000000 0.589148 0.611084 0.989072 0.000000 0.000000 0.000000 0.588851 0.606244 0.988699 0.000000 0.000000 0.000000 0.587171 0.609199 0.994666 0.000000 0.000000 0.000000 0.587055 0.606281 0.994964 0.000000 0.000000 0.000000 0.584921 0.611056 1.000817 0.000000 0.000000 0.000000 0.584450 0.610881 1.001958 0.000000 0.000000 0.000000 0.581481 0.616960 1.007764 0.000000 0.000000 0.000000 0.579606 0.617564 1.010546 0.000000 0.000000 0.000000 0.575740 0.623646 1.016094 0.000000 0.000000 0.000000 0.572270 0.625084 1.020449 0.000000 0.000000 0.000000 0.568178 0.629972 1.025297 0.000000 0.000000 0.000000 0.563749 0.632182 1.030899 0.000000 0.000000 0.000000 0.560449 0.636031 1.034803 0.000000 0.000000 0.000000 0.555932 0.638745 1.041322 0.000000 0.000000 0.000000 0.553960 0.642289 1.043827 0.000000 0.000000 0.000000 0.550141 0.644574 1.051381 0.000000 0.000000 0.000000 0.549589 0.649392 1.051891 0.000000 0.000000 0.000000 0.546987 0.651574 1.059829 0.000000 0.000000 0.000000 0.547825 0.657080 1.057131 0.000000 0.000000 0.000000 0.546492 0.659633 1.064427 0.000000 0.000000 0.000000 0.548517 0.665871 1.058150 0.000000 0.000000 0.000000 0.548006 0.669647 1.064132 0.000000 0.000000 0.000000 0.550300 0.676299 1.054161 0.000000 0.000000 0.000000 0.549880 0.681831 1.058261 0.000000 0.000000 0.000000 0.551330 0.688520 1.045491 0.000000 0.000000 0.000000 0.550614 0.695425 1.047245 0.000000 0.000000 0.000000 0.551223 0.701028 1.032507 0.000000 0.000000 0.000000 0.550207 0.708083 1.031230 0.000000 0.000000 0.000000 0.550717 0.711155 1.015309 0.000000 0.000000 0.000000 0.549514 0.718137 1.011303 0.000000 0.000000 0.000000 0.550015 0.718571 0.995015 0.000000 0.000000 0.000000 0.548782 0.725241 0.988990 0.000000 0.000000 0.000000 0.549155 0.723641 0.972691 0.000000 0.000000 0.000000 0.548071 0.729629 0.965329 0.000000 0.000000 0.000000 0.548288 0.726942 0.949311 0.000000 0.000000 0.000000 0.547537 0.731346 0.940510 0.000000 0.000000 0.000000 0.548349 0.729415 0.925248 0.000000 0.000000 0.000000 0.548197 0.732038 0.914672 0.000000 0.000000 0.000000 0.549873 0.732381 0.900657 0.000000 0.000000 0.000000 0.550866 0.733516 0.888157 0.000000 0.000000 0.000000 0.553410 0.735414 0.875512 0.000000 0.000000 0.000000 0.555880 0.736317 0.861178 0.000000 0.000000 0.000000 0.558483 0.738183 0.850032 0.000000 0.000000 0.000000 0.561969 0.740058 0.834230 0.000000 0.000000 0.000000 0.563996 0.741867 0.824994 0.000000 0.000000 0.000000 0.567518 0.744633 0.807977 0.000000 0.000000 0.000000 0.569010 0.745641 0.800527 0.000000 0.000000 0.000000 0.571922 0.748556 0.782816 0.000000 0.000000 0.000000 0.572578 0.748416 0.776006 0.000000 0.000000 0.000000 0.574568 0.749787 0.758253 0.000000 0.000000 0.000000 0.574176 0.749115 0.751485 0.000000 0.000000 0.000000 0.574985 0.749361 0.735080 0.000000 0.000000 0.000000 0.574645 0.748429 0.728515 0.000000 0.000000 0.000000 0.574252 0.747351 0.714190 0.000000 0.000000 0.000000 0.574884 0.746008 0.708874 0.000000 0.000000 0.000000 0.574127 0.743712 0.697264 0.000000 0.000000 0.000000 0.575921 0.741553 0.693875 0.000000 0.000000 0.000000 0.576008 0.738179 0.684669 0.000000 0.000000 0.000000 0.577724 0.736083 0.683140 0.000000 0.000000 0.000000 0.578771 
Asymmetry_All
0.000000 -0.007137 0.000000 -0.011533 0.000000 0.000000 0.000000 -0.010251 0.000000 -0.012396 0.000000 0.000000 0.000000 -0.013313 0.000000 -0.013301 0.000000 0.000000 0.000000 -0.015839 0.000000 -0.014243 0.000000 0.000000 0.000000 -0.017914 0.000000 -0.015108 0.000000 0.000000 0.000000 -0.019473 0.000000 -0.015904 0.000000 0.000000 0.000000 -0.020590 0.000000 -0.016578 0.000000 0.000000 0.000000 -0.021063 0.000000 -0.017144 0.000000 0.000000 0.000000 -0.020978 0.000000 -0.017855 0.000000 0.000000 0.000000 -0.020376 0.000000 -0.017978 0.000000 0.000000 0.000000 -0.019319 0.000000 -0.017948 0.000000 0.000000 0.000000 -0.017985 0.000000 -0.017728 0.000000 0.000000 0.000000 -0.014858 0.000000 -0.017333 0.000000 0.000000 0.000000 -0.013343 0.000000 -0.016798 0.000000 0.000000 0.000000 -0.012045 0.000000 -0.016134 0.000000 0.000000 0.000000 -0.010942 0.000000 -0.015293 0.000000 0.000000 0.000000 -0.011806 0.000000 -0.014287 0.000000 0.000000 0.000000 -0.012682 0.000000 -0.013276 0.000000 0.000000 0.000000 -0.013538 0.000000 -0.012259 0.000000 0.000000 0.000000 -0.014217 0.000000 -0.010305 0.000000 0.000000 0.000000 -0.014799 0.000000 -0.009414 0.000000 0.000000 0.000000 -0.015238 0.000000 -0.008591 0.000000 0.000000 0.000000 -0.015490 0.000000 -0.008543 0.000000 0.000000 0.000000 -0.015593 0.000000 -0.008469 0.000000 0.000000 0.000000 -0.015647 0.000000 -0.009485 0.000000 0.000000 0.000000 -0.015861 0.000000 -0.009049 0.000000 0.000000 0.000000 -0.016198 0.000000 -0.008525 0.000000 0.000000 0.000000 -0.016561 0.000000 -0.008054 0.000000 0.000000 0.000000 -0.016957 0.000000 -0.007695 0.000000 0.000000 0.000000 -0.017429 0.000000 -0.007403 0.000000 0.000000 0.000000 -0.017837 0.000000 -0.006564 0.000000 0.000000 0.000000 -0.018162 0.000000 -0.006463 0.000000 0.000000 0.000000 -0.018204 0.000000 -0.006541 0.000000 0.000000 0.000000 -0.018248 0.000000 -0.006791 0.000000 0.000000 0.000000 -0.018072 0.000000 -0.007023 0.000000 0.000000 0.000000 -0.017762 0.000000 -0.007231 0.000000 0.000000 0.000000 -0.017217 0.000000 -0.007427 0.000000 0.000000 0.000000 -0.016621 0.000000 -0.007489 0.000000 0.000000 0.000000 -0.016039 0.000000 -0.007418 0.000000 0.000000 0.000000 -0.015492 0.000000 -0.007239 0.000000 0.000000 0.000000 -0.015134 0.000000 -0.007065 0.000000 0.000000 0.000000 -0.014861 0.000000 -0.006894 0.000000 0.000000 0.000000 -0.014923 0.000000 -0.006726 0.000000 0.000000 0.000000 -0.015089 0.000000 -0.006629 0.000000 0.000000 0.000000 -0.015482 0.000000 -0.006432 0.000000 0.000000 0.000000 -0.015920 0.000000 -0.006175 0.000000 0.000000 0.000000 -0.016444 0.000000 -0.005875 0.000000 0.000000 0.000000 -0.017014 0.000000 -0.005569 0.000000 0.000000 0.000000 -0.017636 0.000000 -0.005226 0.000000 0.000000 0.000000 -0.018340 0.000000 -0.004883 0.000000 0.000000 0.000000 -0.019138 0.000000 -0.004643 0.000000 0.000000 0.000000 -0.019949 0.000000 -0.004548 0.000000 0.000000 0.000000 -0.020833 0.000000 -0.004500 0.000000 0.000000 0.000000 -0.021834 0.000000 -0.004482 0.000000 0.000000 0.000000 -0.022859 0.000000 -0.004443 0.000000 0.000000 0.000000 -0.023810 0.000000 -0.004437 0.000000 0.000000 0.000000 -0.024702 0.000000 -0.004529 0.000000 0.000000 0.000000 -0.025573 0.000000 -0.004575 0.000000 0.000000 0.000000 -0.026377 -0.052575 -0.004585 0.000000 0.000000 0.000000 -0.027108 -0.050298 -0.004526 0.000000 0.000000 0.000000 -0.027721 -0.048232 -0.002820 0.000000 0.000000 0.000000 -0.028359 -0.046361 -0.002768 0.000000 0.000000 0.000000 -0.031981 -0.044693 -0.002694 0.000000 0.000000 0.000000 -0.032572 -0.043145 -0.002592 0.000000 0.000000 0.000000 -0.033178 -0.041716 -0.002445 0.000000 0.000000 0.000000 -0.033659 -0.040455 -0.000947 0.000000 0.000000 0.000000 -0.034224 -0.039399 -0.000710 0.000000 0.000000 0.000000 -0.034671 -0.038557 -0.000324 0.000000 0.000000 0.000000 -0.035096 -0.037909 0.000170 0.000000 0.000000 0.000000 -0.035559 -0.037491 0.000904 0.000000 0.000000 0.000000 -0.035999 -0.037177 0.001873 0.000000 0.000000 0.000000 -0.036626 -0.036727 0.003034 0.000000 0.000000 0.000000 -0.037295 -0.036177 0.004238 0.000000 0.000000 0.000000 -0.038173 -0.035464 0.005440 0.000000 0.000000 0.000000 -0.039025 -0.034628 0.006586 0.000000 0.000000 0.000000 -0.039939 -0.033644 0.007503 0.000000 0.000000 0.000000 -0.040800 -0.032604 0.008164 0.000000 0.000000 0.000000 -0.041588 -0.031612 0.008579 0.000000 0.000000 0.000000 -0.042263 -0.030656 0.008825 0.000000 0.000000 0.000000 -0.042847 -0.029585 0.008903 0.000000 0.000000 0.000000 -0.043335 -0.028545 0.008867 0.000000 0.000000 0.000000 -0.043678 -0.027494 0.008817 0.000000 0.000000 0.000000 -0.043864 -0.026599 0.008839 0.000000 0.000000 0.000000 -0.043936 -0.025832 0.008934 0.000000 0.000000 0.000000 -0.043839 -0.025263 0.009107 0.000000 0.000000 0.000000 -0.043694 -0.025013 0.009205 0.000000 0.000000 0.000000 -0.043589 -0.024877 0.009164 0.000000 0.000000 0.000000 -0.043573 -0.024915 0.009001 0.000000 0.000000 0.000000 -0.043631 -0.024903 0.008638 0.000000 0.000000 0.000000 -0.043695 -0.024866 0.008046 0.000000 0.000000 0.000000 -0.043808 -0.024631 0.007307 0.000000 0.000000 0.000000 -0.043783 -0.024238 0.006511 0.000000 0.000000 0.000000 -0.043664 -0.023647 0.005671 0.000000 0.000000 0.000000 -0.043237 -0.022963 0.004695 0.000000 0.000000 0.000000 -0.042527 -0.022201 0.003678 0.000000 0.000000 0.000000 -0.041436 -0.021393 0.002571 0.000000 0.000000 0.000000 -0.040136 -0.020621 0.001397 0.000000 0.000000 0.000000 -0.038508 -0.019911 0.000213 0.000000 0.000000 0.000000 -0.036693 -0.019213 -0.000799 0.000000 0.000000 0.000000 -0.034878 -0.018439 -0.001631 0.000000 0.000000 0.000000 -0.033265 -0.017580 -0.002401 0.000000 0.000000 0.000000 -0.031965 -0.016730 -0.003034 0.000000 0.000000 0.000000 -0.030918 -0.015854 -0.003480 0.000000 0.000000 0.000000 -0.030297 -0.014945 -0.003721 0.000000 0.000000 0.000000 -0.029893 -0.014243 -0.003897 0.000000 0.000000 0.000000 -0.029692 -0.013700 -0.004015 0.000000 0.000000 0.000000 -0.029526 -0.013379 -0.004086 0.000000 0.000000 0.000000 -0.029435 -0.013156 -0.004106 0.000000 0.000000 0.000000 -0.029332 -0.013058 -0.004190 0.000000 0.000000 0.000000 -0.029291 -0.013144 -0.004410 0.000000 0.000000 0.000000 -0.029330 -0.013309 -0.004697 0.000000 0.000000 0.000000 -0.029526 -0.013538 -0.005007 0.000000 0.000000 0.000000 -0.029856 -0.013982 -0.005322 0.000000 0.000000 0.000000 -0.030317 -0.014591 -0.005637 0.000000 0.000000 0.000000 -0.030957 -0.015407 -0.005959 0.000000 0.000000 0.000000 -0.031743 -0.016230 -0.006142 0.000000 0.000000 0.000000 -0.032633 -0.017087 -0.006444 0.000000 0.000000 0.000000 -0.033687 -0.017901 -0.006811 0.000000 0.000000 0.000000 -0.034782 -0.018553 -0.007139 0.000000 0.000000 0.000000 -0.035975 -0.019152 -0.007391 0.000000 0.000000 0.000000 -0.037216 -0.019639 -0.007302 0.000000 0.000000 0.000000 -0.038389 -0.020035 -0.007315 0.000000 0.000000 0.000000 -0.039560 -0.020315 -0.007489 0.000000 0.000000 0.000000 -0.040538 -0.020571 -0.007605 0.000000 0.000000 0.000000 -0.041509 -0.020760 -0.007754 0.000000 0.000000 0.000000 -0.042188 -0.020826 -0.007897 0.000000 0.000000 0.000000 -0.042788 -0.020662 -0.008040 0.000000 0.000000 0.000000 -0.043066 -0.020504 -0.008074 0.000000 0.000000 0.000000 -0.043119 -0.020319 -0.007936 0.000000 0.000000 0.000000 -0.042992 -0.020136 -0.007753 0.000000 0.000000 0.000000 -0.042804 -0.019931 -0.007443 0.000000 0.000000 0.000000 -0.042596 -0.019802 -0.007023 0.000000 0.000000 0.000000 -0.042178 -0.019839 -0.006576 0.000000 0.000000 0.000000 -0.041819 -0.020008 -0.006124 0.000000 0.000000 0.000000 -0.041407 -0.020214 -0.006989 0.000000 0.000000 0.000000 -0.040965 -0.020376 -0.006532 0.000000 0.000000 0.000000 -0.040318 -0.020500 -0.006099 0.000000 0.000000 0.000000 -0.039702 -0.020501 -0.005782 0.000000 0.000000 0.000000 -0.039130 -0.020426 -0.005528 0.000000 0.000000 0.000000 -0.038633 -0.020282 -0.005360 0.000000 0.000000 0.000000 -0.038172 -0.020191 -0.005212 0.000000 0.000000 0.000000 -0.037838 -0.020219 -0.005268 0.000000 0.000000 0.000000 -0.037557 -0.020307 -0.005480 0.000000 0.000000 0.000000 -0.037218 -0.022529 -0.005733 0.000000 0.000000 0.000000 -0.036745 -0.022915 -0.005988 0.000000 0.000000 0.000000 -0.036233 -0.023227 -0.006295 0.000000 0.000000 0.000000 -0.035684 -0.023511 -0.006609 0.000000 0.000000 0.000000 -0.035233 -0.023814 -0.006791 0.000000 0.000000 0.000000 -0.034912 -0.024065 -0.006831 0.000000 0.000000 0.000000 -0.034742 -0.024453 -0.006717 0.000000 0.000000 0.000000 -0.034664 -0.026367 -0.006476 0.000000 0.000000 0.000000 -0.034587 -0.026997 -0.005992 0.000000 0.000000 0.000000 -0.034452 -0.027815 -0.005317 0.000000 0.000000 0.000000 -0.034063 -0.028810 -0.004522 0.000000 0.000000 0.000000 -0.033533 -0.029886 -0.003649 0.000000 0.000000 0.000000 -0.032669 -0.030955 -0.002715 0.000000 0.000000 0.000000 -0.031664 -0.031999 -0.001787 0.000000 0.000000 0.000000 -0.030379 -0.031917 -0.000858 0.000000 0.000000 0.000000 -0.029100 -0.032723 0.000182 0.000000 0.000000 0.000000 -0.027738 -0.033511 0.001590 0.000000 0.000000 0.000000 -0.026535 -0.034266 0.003307 0.000000 0.000000 0.000000 -0.025572 -0.035038 0.005230 0.000000 0.000000 0.000000 -0.024803 -0.035850 0.007270 0.000000 0.000000 0.000000 -0.024226 -0.036506 0.010157 0.000000 0.000000 0.000000 -0.023802 -0.036907 0.011806 0.000000 0.000000 0.000000 -0.023556 -0.034957 0.013431 0.000000 0.000000 0.000000 -0.023222 -0.034982 0.014833 0.000000 0.000000 0.000000 -0.022897 -0.034880 0.015992 0.000000 0.000000 0.000000 -0.022561 -0.034572 0.016869 0.000000 0.000000 0.000000 -0.022395 -0.034222 0.017550 0.000000 0.000000 0.000000 -0.022164 -0.033859 0.017937 0.000000 0.000000 0.000000 -0.022002 -0.033522 0.018114 0.000000 0.000000 0.000000 -0.021878 -0.033276 0.018199 0.000000 0.000000 0.000000 -0.021971 -0.032995 0.018322 0.000000 0.000000 0.000000 -0.022188 -0.032747 0.018498 0.000000 0.000000 0.000000 -0.022508 -0.032443 0.018765 0.000000 0.000000 0.000000 -0.023041 -0.032080 0.019140 0.000000 0.000000 0.000000 -0.023815 -0.031739 0.019580 0.000000 0.000000 0.000000 -0.024733 -0.031367 0.020032 0.000000 0.000000 0.000000 -0.025634 -0.031112 0.020407 0.000000 0.000000 0.000000 -0.026385 -0.030896 0.020775 0.000000 0.000000 0.000000 -0.026979 
Reverse_Swimming_All
0.000000 0.000000 0.000000 0.000000 0.000000 0.000000 0.000000 0.000000 0.000000 0.000000 0.000000 0.000000 0.000000 0.000000 0.000000 0.000000 0.000000 0.000000 0.000000 0.000000 0.000000 0.000000 0.000000 0.000000 0.000000 0.000000 0.000000 0.000000 0.000000 0.000000 0.000000 0.000000 0.000000 0.000000 0.000000 0.000000 0.000000 0.000000 0.000000 0.000000 0.000000 0.000000 0.000000 0.000000 0.000000 0.000000 0.000000 0.000000 0.000000 0.000000 0.000000 0.000000 0.000000 0.000000 0.000000 0.000000 0.000000 0.000000 0.000000 0.000000 0.000000 0.000000 0.000000 0.000000 0.000000 0.000000 0.000000 0.000000 0.000000 0.000000 0.000000 0.000000 0.000000 0.000000 0.000000 0.000000 0.000000 0.000000 0.000000 0.000000 0.000000 0.000000 0.000000 0.000000 0.000000 0.000000 0.000000 0.000000 0.000000 0.000000 0.000000 0.000000 0.000000 0.000000 0.000000 0.000000 0.000000 0.000000 0.000000 0.000000 0.000000 0.000000 0.000000 0.000000 0.000000 0.000000 0.000000 0.000000 0.000000 0.000000 0.000000 0.000000 0.000000 0.000000 0.000000 0.000000 0.000000 0.000000 0.000000 0.000000 0.000000 0.000000 0.000000 0.000000 0.000000 0.000000 0.000000 0.000000 0.000000 0.000000 0.000000 0.000000 0.000000 0.000000 0.000000 0.000000 0.000000 0.000000 0.000000 0.000000 0.000000 0.000000 0.000000 0.000000 0.000000 0.000000 0.000000 0.000000 0.000000 0.000000 0.000000 0.000000 0.000000 0.000000 0.000000 0.000000 0.000000 0.000000 0.000000 0.000000 0.000000 0.000000 0.000000 0.000000 0.000000 0.000000 0.000000 0.000000 0.000000 0.000000 0.000000 0.000000 0.000000 0.000000 0.000000 0.000000 0.000000 0.000000 0.000000 0.000000 0.000000 0.000000 0.000000 0.000000 0.000000 0.000000 0.000000 0.000000 0.000000 0.000000 0.000000 0.000000 0.000000 0.000000 0.000000 0.000000 0.000000 0.000000 0.000000 0.000000 0.000000 0.000000 0.000000 0.000000 0.000000 0.000000 0.000000 0.000000 0.000000 0.000000 0.000000 0.000000 0.000000 0.000000 0.000000 0.000000 0.000000 0.000000 0.000000 0.000000 0.000000 0.000000 0.000000 0.000000 0.000000 0.000000 0.000000 0.000000 0.000000 0.000000 0.000000 0.000000 0.000000 0.000000 0.000000 0.000000 0.000000 0.000000 0.000000 0.000000 0.000000 0.000000 0.000000 0.000000 0.000000 0.000000 0.000000 0.000000 0.000000 0.000000 0.000000 0.000000 0.000000 0.000000 0.000000 0.000000 0.000000 0.000000 0.000000 0.000000 0.000000 0.000000 0.000000 0.000000 0.000000 0.000000 0.000000 0.000000 0.000000 0.000000 0.000000 0.000000 0.000000 0.000000 0.000000 0.000000 0.000000 0.000000 0.000000 0.000000 0.000000 0.000000 0.000000 0.000000 0.000000 0.000000 0.000000 0.000000 0.000000 0.000000 0.000000 0.000000 0.000000 0.000000 0.000000 0.000000 0.000000 0.000000 0.000000 0.000000 0.000000 0.000000 0.000000 0.000000 0.000000 0.000000 0.000000 0.000000 0.000000 0.000000 0.000000 0.000000 0.000000 0.000000 0.000000 0.000000 0.000000 0.000000 0.000000 0.000000 0.000000 0.000000 0.000000 0.000000 0.000000 0.000000 0.000000 0.000000 0.000000 0.000000 0.000000 0.000000 0.000000 0.000000 0.000000 0.000000 0.000000 0.000000 0.000000 0.000000 0.000000 0.000000 0.000000 0.000000 0.000000 0.000000 0.000000 0.000000 0.000000 0.000000 0.000000 0.000000 0.000000 0.000000 0.000000 0.000000 0.000000 0.000000 0.000000 0.000000 0.000000 0.000000 0.000000 0.000000 0.000000 0.000000 0.000000 0.000000 0.000000 0.000000 0.000000 0.000000 0.000000 0.000000 0.000000 0.000000 0.000000 0.000000 0.000000 0.000000 0.000000 0.000000 0.000000 0.000000 0.000000 0.000000 0.000000 0.000000 0.000000 0.000000 0.000000 0.000000 0.000000 0.000000 0.000000 0.000000 0.000000 0.000000 0.000000 0.000000 0.000000 0.000000 0.000000 0.000000 0.000000 0.000000 0.000000 0.000000 0.000000 0.000000 0.000000 0.000000 0.000000 0.000000 0.000000 0.000000 0.000000 0.000000 0.000000 0.000000 0.000000 0.000000 0.000000 0.000000 0.000000 0.000000 0.000000 0.000000 0.000000 0.000000 0.000000 0.000000 0.000000 0.000000 0.000000 0.000000 0.000000 0.000000 0.000000 0.000000 0.000000 0.000000 0.000000 0.000000 0.000000 0.000000 0.000000 0.000000 0.000000 0.000000 0.000000 0.000000 0.000000 0.000000 0.000000 0.000000 0.000000 0.000000 0.000000 0.000000 0.000000 0.000000 0.000000 0.000000 0.000000 0.000000 0.000000 0.000000 0.000000 0.000000 0.000000 0.000000 0.000000 0.000000 0.000000 0.000000 0.000000 0.000000 0.000000 0.000000 0.000000 0.000000 0.000000 0.000000 0.000000 0.000000 0.000000 0.000000 0.000000 0.000000 0.000000 0.000000 0.000000 0.000000 0.000000 0.000000 0.000000 0.000000 0.000000 0.000000 0.000000 0.000000 0.000000 0.000000 0.000000 0.000000 0.000000 0.000000 0.000000 0.000000 0.000000 0.000000 0.000000 0.000000 0.000000 0.000000 0.000000 0.000000 0.000000 0.000000 0.000000 0.000000 0.000000 0.000000 0.000000 0.000000 0.000000 0.000000 0.000000 0.000000 0.000000 0.000000 0.000000 0.000000 0.000000 0.000000 0.000000 0.000000 0.000000 0.000000 0.000000 0.000000 0.000000 0.000000 0.000000 0.000000 0.000000 0.000000 0.000000 0.000000 0.000000 0.000000 0.000000 0.000000 0.000000 0.000000 0.000000 0.000000 0.000000 0.000000 0.000000 0.000000 0.000000 0.000000 0.000000 0.000000 0.000000 0.000000 0.000000 0.000000 0.000000 0.000000 0.000000 0.000000 0.000000 0.000000 0.000000 0.000000 0.000000 0.000000 0.000000 0.000000 0.000000 0.000000 0.000000 0.000000 0.000000 0.000000 0.000000 0.000000 0.000000 0.000000 0.000000 0.000000 0.000000 0.000000 0.000000 0.000000 0.000000 0.000000 0.000000 0.000000 0.000000 0.000000 0.000000 0.000000 0.000000 0.000000 0.000000 0.000000 0.000000 0.000000 0.000000 0.000000 0.000000 0.000000 0.000000 0.000000 0.000000 0.000000 0.000000 0.000000 0.000000 0.000000 0.000000 0.000000 0.000000 0.000000 0.000000 0.000000 0.000000 0.000000 0.000000 0.000000 0.000000 0.000000 0.000000 0.000000 0.000000 0.000000 0.000000 0.000000 0.000000 0.000000 0.000000 0.000000 0.000000 0.000000 0.000000 0.000000 0.000000 0.000000 0.000000 0.000000 0.000000 0.000000 0.000000 0.000000 0.000000 0.000000 0.000000 0.000000 0.000000 0.000000 0.000000 0.000000 0.000000 0.000000 0.000000 0.000000 0.000000 0.000000 0.000000 0.000000 0.000000 0.000000 0.000000 0.000000 0.000000 0.000000 0.000000 0.000000 0.000000 0.000000 0.000000 0.000000 0.000000 0.000000 0.000000 0.000000 0.000000 0.000000 0.000000 0.000000 0.000000 0.000000 0.000000 0.000000 0.000000 0.000000 0.000000 0.000000 0.000000 0.000000 0.000000 0.000000 0.000000 0.000000 0.000000 0.000000 0.000000 0.000000 0.000000 0.000000 0.000000 0.000000 0.000000 0.000000 0.000000 0.000000 0.000000 0.000000 0.000000 0.000000 0.000000 0.000000 0.000000 0.000000 0.000000 0.000000 0.000000 0.000000 0.000000 0.000000 0.000000 0.000000 0.000000 0.000000 0.000000 0.000000 0.000000 0.000000 0.000000 0.000000 0.000000 0.000000 0.000000 0.000000 0.000000 0.000000 0.000000 0.000000 0.000000 0.000000 0.000000 0.000000 0.000000 0.000000 0.000000 0.000000 0.000000 0.000000 0.000000 0.000000 0.000000 0.000000 0.000000 0.000000 0.000000 0.000000 0.000000 0.000000 0.000000 0.000000 0.000000 0.000000 0.000000 0.000000 0.000000 0.000000 0.000000 0.000000 0.000000 0.000000 0.000000 0.000000 0.000000 0.000000 0.000000 0.000000 0.000000 0.000000 0.000000 0.000000 0.000000 0.000000 0.000000 0.000000 0.000000 0.000000 0.000000 0.000000 0.000000 0.000000 0.000000 0.000000 0.000000 0.000000 0.000000 0.000000 0.000000 0.000000 0.000000 0.000000 0.000000 0.000000 0.000000 0.000000 0.000000 0.000000 0.000000 0.000000 0.000000 0.000000 0.000000 0.000000 0.000000 0.000000 0.000000 0.000000 0.000000 0.000000 0.000000 0.000000 0.000000 0.000000 0.000000 0.000000 0.000000 0.000000 0.000000 0.000000 0.000000 0.000000 0.000000 0.000000 0.000000 0.000000 0.000000 0.000000 0.000000 0.000000 0.000000 0.000000 0.000000 0.000000 0.000000 0.000000 0.000000 0.000000 0.000000 0.000000 0.000000 0.000000 0.000000 0.000000 0.000000 0.000000 0.000000 0.000000 0.000000 0.000000 0.000000 0.000000 0.000000 0.000000 0.000000 0.000000 0.000000 0.000000 0.000000 0.000000 0.000000 0.000000 0.000000 0.000000 0.000000 0.000000 0.000000 0.000000 0.000000 0.000000 0.000000 0.000000 0.000000 0.000000 0.000000 0.000000 0.000000 0.000000 0.000000 0.000000 0.000000 0.000000 0.000000 0.000000 0.000000 0.000000 0.000000 0.000000 0.000000 0.000000 0.000000 0.000000 0.000000 0.000000 0.000000 0.000000 0.000000 0.000000 0.000000 0.000000 0.000000 0.000000 0.000000 0.000000 0.000000 0.000000 0.000000 0.000000 0.000000 0.000000 0.000000 0.000000 0.000000 0.000000 0.000000 0.000000 0.000000 0.000000 0.000000 0.000000 0.000000 0.000000 0.000000 0.000000 0.000000 0.000000 0.000000 0.000000 0.000000 0.000000 0.000000 0.000000 0.000000 0.000000 0.000000 0.000000 0.000000 0.000000 0.000000 0.000000 0.000000 0.000000 0.000000 0.000000 0.000000 0.000000 0.000000 0.000000 0.000000 0.000000 0.000000 0.000000 0.000000 0.000000 0.000000 0.000000 0.000000 0.000000 0.000000 0.000000 0.000000 0.000000 0.000000 0.000000 0.000000 0.000000 0.000000 0.000000 0.000000 0.000000 0.000000 0.000000 0.000000 0.000000 0.000000 0.000000 0.000000 0.000000 0.000000 0.000000 0.000000 0.000000 0.000000 0.000000 0.000000 0.000000 0.000000 0.000000 0.000000 0.000000 0.000000 0.000000 0.000000 0.000000 0.000000 0.000000 0.000000 0.000000 0.000000 0.000000 0.000000 0.000000 0.000000 0.000000 0.000000 0.000000 0.000000 0.000000 0.000000 0.000000 0.000000 0.000000 0.000000 0.000000 0.000000 0.000000 0.000000 0.000000 0.000000 0.000000 0.000000 0.000000 0.000000 0.000000 0.000000 0.000000 0.000000 0.000000 0.000000 0.000000 0.000000 0.000000 0.000000 0.000000 0.000000 0.000000 0.000000 0.000000 0.000000 0.000000 0.000000 0.000000 0.000000 0.000000 0.000000 0.000000 0.000000 0.000000 0.000000 0.000000 0.000000 0.000000 0.000000 0.000000 0.000000 0.000000 0.000000 0.000000 0.000000 0.000000 0.000000 0.000000 0.000000 0.000000 0.000000 0.000000 
Curling_All
NaN 30.406424 NaN 28.436937 NaN NaN NaN 29.614924 NaN 27.223286 NaN NaN NaN 30.394740 NaN 26.970591 NaN NaN NaN 31.817209 NaN 26.173670 NaN NaN NaN 30.096781 NaN 25.281021 NaN NaN NaN 28.672414 NaN 25.023295 NaN NaN NaN 27.138552 NaN 24.024598 NaN NaN NaN 26.247676 NaN 24.413818 NaN NaN NaN 27.170002 NaN 23.628749 NaN NaN NaN 29.364094 NaN 23.154855 NaN NaN NaN 31.090154 NaN 24.726555 NaN NaN NaN 30.862898 NaN 24.445008 NaN NaN NaN 30.140922 NaN 23.532658 NaN NaN NaN 28.279188 NaN 24.753313 NaN NaN NaN 27.665809 NaN 25.394350 NaN NaN NaN 27.336979 NaN 25.619465 NaN NaN NaN 28.842902 NaN 27.001883 NaN NaN NaN 30.190240 NaN 27.107361 NaN NaN NaN 30.043292 NaN 26.393215 NaN NaN NaN 29.539778 NaN 26.103525 NaN NaN NaN 28.877413 NaN 28.895718 NaN NaN NaN 27.218011 19.309568 26.960938 NaN NaN NaN 27.020718 21.051618 26.309628 NaN NaN NaN 26.703741 21.035532 27.327367 NaN NaN NaN 29.446365 20.330076 26.130966 NaN NaN NaN 30.666211 20.802127 25.311191 NaN NaN NaN 30.690718 21.238938 25.450866 NaN NaN NaN 30.595393 20.792703 24.632444 NaN NaN NaN 28.791679 22.310652 25.469295 NaN NaN NaN 29.644016 20.632014 25.331044 NaN NaN NaN 30.542944 24.225821 25.472511 NaN NaN NaN 29.781568 22.589903 23.656373 NaN NaN NaN 30.598827 22.936722 23.029238 NaN NaN NaN 29.775487 20.107655 23.015875 NaN NaN NaN 28.494031 19.288922 23.331532 NaN NaN NaN 27.493572 19.346524 24.635864 NaN NaN NaN 26.027426 20.403960 24.919312 NaN NaN NaN 25.026428 24.850000 25.134932 NaN NaN NaN 25.452092 25.489537 27.563200 NaN NaN NaN 26.613314 25.877104 27.756342 NaN NaN NaN 27.938312 28.085628 29.964407 NaN NaN NaN 29.859513 26.572401 28.092499 NaN NaN NaN 31.386446 26.948375 26.757109 NaN NaN NaN 30.292392 25.576718 26.484713 NaN NaN NaN 28.065869 25.490612 25.303314 NaN NaN NaN 29.535744 24.382166 26.380684 NaN NaN NaN 29.714175 23.631661 25.650688 NaN NaN NaN 31.220136 23.347841 26.154606 NaN NaN NaN 31.286893 23.997427 28.780141 NaN NaN NaN 29.926981 25.386557 28.612235 NaN NaN NaN 28.444644 23.786881 27.190888 NaN NaN NaN 27.241457 21.535963 26.300846 NaN NaN NaN 26.011028 19.754579 25.916969 NaN NaN NaN 24.781001 18.821087 26.114689 NaN NaN NaN 25.872476 19.014963 25.120376 NaN NaN NaN 28.604811 17.245802 22.870352 NaN NaN NaN 32.426116 18.769044 24.487793 NaN NaN NaN 32.451985 18.007668 24.074511 NaN NaN NaN 31.402651 17.953418 24.711222 NaN NaN NaN 31.677198 18.794089 25.702196 NaN NaN NaN 32.901796 21.144136 27.400515 NaN NaN NaN 32.328099 18.001272 28.467525 NaN NaN NaN 31.320104 16.104549 27.776742 NaN NaN NaN 30.071122 16.954439 26.886645 NaN NaN NaN 28.578348 18.203967 26.547958 NaN NaN NaN 27.456200 18.459783 25.500951 NaN NaN NaN 26.508783 19.913438 26.406872 NaN NaN NaN 26.397828 21.331817 25.333401 NaN NaN NaN 26.048954 21.158625 24.682127 NaN NaN NaN 25.933417 21.155278 25.479733 NaN NaN NaN 27.590408 20.429648 28.615110 NaN NaN NaN 28.855620 19.697891 29.313686 NaN NaN NaN 30.300185 19.443726 27.108864 NaN NaN NaN 30.298061 20.210663 24.891302 NaN NaN NaN 31.629142 19.245015 25.528181 NaN NaN NaN 29.458255 18.762356 22.847656 NaN NaN NaN 28.093958 18.361669 23.940982 NaN NaN NaN 29.031061 17.326930 22.285421 NaN NaN NaN 30.687445 17.279728 22.834870 NaN NaN NaN 32.662792 16.300245 23.194073 NaN NaN NaN 31.662549 16.453793 25.408062 NaN NaN NaN 29.773310 15.849634 25.602613 NaN NaN NaN 28.947547 13.980018 25.893478 NaN NaN NaN 27.286957 15.011096 27.575442 NaN NaN NaN 26.378567 14.997066 26.761173 NaN NaN NaN 26.686663 15.810591 26.651734 NaN NaN NaN 27.618373 15.268926 26.205438 NaN NaN NaN 30.347786 17.165693 25.924139 NaN NaN NaN 31.636767 18.650008 25.268973 NaN NaN NaN 33.334602 18.500043 24.910891 NaN NaN NaN 31.646587 18.703885 24.436295 
Stretch_All
0.000000 0.336383 0.000000 0.328078 0.000000 0.000000 0.000000 0.338275 0.000000 0.328955 0.000000 0.000000 0.000000 0.339945 0.000000 0.329753 0.000000 0.000000 0.000000 0.341429 0.000000 0.330481 0.000000 0.000000 0.000000 0.342757 0.000000 0.331149 0.000000 0.000000 0.000000 0.343962 0.000000 0.331763 0.000000 0.000000 0.000000 0.345970 0.000000 0.332330 0.000000 0.000000 0.000000 0.348672 0.000000 0.332855 0.000000 0.000000 0.000000 0.351139 0.000000 0.333796 0.000000 0.000000 0.000000 0.353400 0.000000 0.334220 0.000000 0.000000 0.000000 0.355781 0.000000 0.334616 0.000000 0.000000 0.000000 0.358372 0.000000 0.334987 0.000000 0.000000 0.000000 0.362999 0.000000 0.335751 0.000000 0.000000 0.000000 0.365073 0.000000 0.337346 0.000000 0.000000 0.000000 0.367009 0.000000 0.338850 0.000000 0.000000 0.000000 0.368819 0.000000 0.340270 0.000000 0.000000 0.000000 0.371912 0.000000 0.341614 0.000000 0.000000 0.000000 0.375004 0.000000 0.342887 0.000000 0.000000 0.000000 0.378096 0.000000 0.344094 0.000000 0.000000 0.000000 0.381188 0.000000 0.346333 0.000000 0.000000 0.000000 0.384280 0.000000 0.347372 0.000000 0.000000 0.000000 0.387372 0.000000 0.348363 0.000000 0.000000 0.000000 0.390465 0.000000 0.350692 0.000000 0.000000 0.000000 0.393557 0.000000 0.353021 0.000000 0.000000 0.000000 0.396649 0.000000 0.355660 0.000000 0.000000 0.000000 0.399741 0.000000 0.357395 0.000000 0.000000 0.000000 0.402833 0.000000 0.358757 0.000000 0.000000 0.000000 0.405151 0.000000 0.360114 0.000000 0.000000 0.000000 0.406791 0.000000 0.361467 0.000000 0.000000 0.000000 0.408430 0.000000 0.362820 0.000000 0.000000 0.000000 0.410070 0.000000 0.364271 0.000000 0.000000 0.000000 0.411709 0.000000 0.365693 0.000000 0.000000 0.000000 0.413349 0.000000 0.367115 0.000000 0.000000 0.000000 0.414988 0.000000 0.368537 0.000000 0.000000 0.000000 0.416628 0.000000 0.369959 0.000000 0.000000 0.000000 0.418260 0.000000 0.371382 0.000000 0.000000 0.000000 0.419271 0.000000 0.372732 0.000000 0.000000 0.000000 0.419661 0.000000 0.374409 0.000000 0.000000 0.000000 0.420050 0.000000 0.376412 0.000000 0.000000 0.000000 0.420439 0.000000 0.378602 0.000000 0.000000 0.000000 0.420586 0.000000 0.380978 0.000000 0.000000 0.000000 0.420173 0.000000 0.383355 0.000000 0.000000 0.000000 0.419529 0.389276 0.385731 0.000000 0.000000 0.000000 0.418490 0.389276 0.388107 0.000000 0.000000 0.000000 0.417451 0.389276 0.390483 0.000000 0.000000 0.000000 0.416412 0.389276 0.392859 0.000000 0.000000 0.000000 0.415373 0.389276 0.395236 0.000000 0.000000 0.000000 0.414334 0.388430 0.397612 0.000000 0.000000 0.000000 0.413295 0.387009 0.399988 0.000000 0.000000 0.000000 0.412256 0.385588 0.402364 0.000000 0.000000 0.000000 0.411217 0.384167 0.404741 0.000000 0.000000 0.000000 0.410178 0.382746 0.407117 0.000000 0.000000 0.000000 0.409139 0.381325 0.409142 0.000000 0.000000 0.000000 0.408100 0.379813 0.410404 0.000000 0.000000 0.000000 0.407062 0.378302 0.411665 0.000000 0.000000 0.000000 0.406023 0.376790 0.412088 0.000000 0.000000 0.000000 0.404736 0.375278 0.411970 0.000000 0.000000 0.000000 0.403449 0.373678 0.411852 0.000000 0.000000 0.000000 0.401955 0.371990 0.411734 0.000000 0.000000 0.000000 0.400071 0.373253 0.411616 0.000000 0.000000 0.000000 0.397760 0.374517 0.410337 0.000000 0.000000 0.000000 0.395227 0.375781 0.410225 0.000000 0.000000 0.000000 0.390894 0.377044 0.410113 0.000000 0.000000 0.000000 0.388053 0.378308 0.410001 0.000000 0.000000 0.000000 0.385212 0.379572 0.409889 0.000000 0.000000 0.000000 0.382370 0.380835 0.408749 0.000000 0.000000 0.000000 0.379529 0.381502 0.408642 0.000000 0.000000 0.000000 0.376688 0.380729 0.408263 0.000000 0.000000 0.000000 0.373847 0.379906 0.408259 0.000000 0.000000 0.000000 0.370793 0.378800 0.408361 0.000000 0.000000 0.000000 0.367560 0.378362 0.408568 0.000000 0.000000 0.000000 0.364500 0.377949 0.408775 0.000000 0.000000 0.000000 0.361733 0.377563 0.408982 0.000000 0.000000 0.000000 0.359182 0.377177 0.409190 0.000000 0.000000 0.000000 0.356848 0.376791 0.409397 0.000000 0.000000 0.000000 0.354886 0.376405 0.409604 0.000000 0.000000 0.000000 0.352923 0.376019 0.409811 0.000000 0.000000 0.000000 0.350961 0.375633 0.409805 0.000000 0.000000 0.000000 0.348998 0.375247 0.409503 0.000000 0.000000 0.000000 0.347035 0.374861 0.408904 0.000000 0.000000 0.000000 0.345073 0.375321 0.408136 0.000000 0.000000 0.000000 0.343110 0.376356 0.407199 0.000000 0.000000 0.000000 0.341323 0.377391 0.406263 0.000000 0.000000 0.000000 0.339537 0.378426 0.405326 0.000000 0.000000 0.000000 0.337750 0.379461 0.404389 0.000000 0.000000 0.000000 0.335964 0.380496 0.403452 0.000000 0.000000 0.000000 0.334177 0.381621 0.402516 0.000000 0.000000 0.000000 0.332390 0.382747 0.401579 0.000000 0.000000 0.000000 0.330837 0.383873 0.400642 0.000000 0.000000 0.000000 0.329283 0.384999 0.399656 0.000000 0.000000 0.000000 0.328095 0.386213 0.398621 0.000000 0.000000 0.000000 0.327274 0.387466 0.397568 0.000000 0.000000 0.000000 0.326854 0.389235 0.396515 0.000000 0.000000 0.000000 0.326643 0.391572 0.395461 0.000000 0.000000 0.000000 0.326893 0.394478 0.394408 0.000000 0.000000 0.000000 0.327143 0.397384 0.393355 0.000000 0.000000 0.000000 0.327393 0.400290 0.393062 0.000000 0.000000 0.000000 0.327644 0.403196 0.393260 0.000000 0.000000 0.000000 0.327894 0.406102 0.393457 0.000000 0.000000 0.000000 0.328144 0.409009 0.394364 0.000000 0.000000 0.000000 0.328394 0.411915 0.396286 0.000000 0.000000 0.000000 0.328644 0.414383 0.399222 0.000000 0.000000 0.000000 0.329107 0.416649 0.402157 0.000000 0.000000 0.000000 0.329750 0.418247 0.405093 0.000000 0.000000 0.000000 0.330219 0.419819 0.408029 0.000000 0.000000 0.000000 0.330391 0.420673 0.410965 0.000000 0.000000 0.000000 0.330559 0.420834 0.413901 0.000000 0.000000 0.000000 0.330534 0.420479 0.416836 0.000000 0.000000 0.000000 0.330509 0.420749 0.419772 0.000000 0.000000 0.000000 0.330485 0.421579 0.422708 0.000000 0.000000 0.000000 0.330460 0.422970 0.425917 0.000000 0.000000 0.000000 0.330435 0.424361 0.428749 0.000000 0.000000 0.000000 0.330411 0.425752 0.431476 0.000000 0.000000 0.000000 0.330386 0.427143 0.434098 0.000000 0.000000 0.000000 0.330361 0.428534 0.436720 0.000000 0.000000 0.000000 0.330383 0.429924 0.439341 0.000000 0.000000 0.000000 0.330911 0.431315 0.441963 0.000000 0.000000 0.000000 0.331439 0.432706 0.444585 0.000000 0.000000 0.000000 0.331966 0.434097 0.447207 0.000000 0.000000 0.000000 0.332494 0.435488 0.449563 0.000000 0.000000 0.000000 0.333022 0.436879 0.452313 0.000000 0.000000 0.000000 0.333550 0.438270 0.455062 0.000000 0.000000 0.000000 0.334078 0.439661 0.457812 0.000000 0.000000 0.000000 0.334606 0.441052 0.460562 0.000000 0.000000 0.000000 0.335134 0.442789 0.463311 0.000000 0.000000 0.000000 0.335662 0.444068 0.466061 0.000000 0.000000 0.000000 0.336190 0.444779 0.468810 0.000000 0.000000 0.000000 0.336718 0.444921 0.471560 0.000000 0.000000 0.000000 0.337246 0.445063 0.474310 0.000000 0.000000 0.000000 0.337774 0.445205 0.477059 0.000000 0.000000 0.000000 0.338302 0.445347 0.480383 0.000000 0.000000 0.000000 0.338528 0.445489 0.484488 0.000000 0.000000 0.000000 0.338452 0.445631 0.489012 0.000000 0.000000 0.000000 0.338858 0.445773 0.493922 0.000000 0.000000 0.000000 0.340255 0.445914 0.498632 0.000000 0.000000 0.000000 0.341724 0.446056 0.503313 0.000000 0.000000 0.000000 0.343896 0.446256 0.507994 0.000000 0.000000 0.000000 0.346067 0.446455 0.512676 0.000000 0.000000 0.000000 0.348243 0.447346 0.517357 0.000000 0.000000 0.000000 0.350423 0.448929 0.522039 0.000000 0.000000 0.000000 0.352796 0.451029 0.526720 0.000000 0.000000 0.000000 0.355168 0.452504 0.531401 0.000000 0.000000 0.000000 0.357541 0.453419 0.535373 0.000000 0.000000 0.000000 0.359913 0.453741 0.538331 0.000000 0.000000 0.000000 0.362286 0.454075 0.540088 0.000000 0.000000 0.000000 0.364658 0.454408 0.541658 0.000000 0.000000 0.000000 0.367031 0.454742 0.542421 0.000000 0.000000 0.000000 0.369403 0.455075 0.542377 0.000000 0.000000 0.000000 0.371626 0.455409 0.541653 0.000000 0.000000 0.000000 0.373370 0.455743 0.540928 0.000000 0.000000 0.000000 0.375144 0.455922 0.540204 0.000000 0.000000 0.000000 0.376918 0.456238 0.539493 0.000000 0.000000 0.000000 0.378692 0.456553 0.538783 0.000000 0.000000 0.000000 0.380465 0.456869 0.538072 0.000000 0.000000 0.000000 0.382239 0.457184 0.537362 0.000000 0.000000 0.000000 0.384013 0.457500 0.536651 0.000000 0.000000 0.000000 0.385787 0.457815 0.535940 0.000000 0.000000 0.000000 0.387560 0.457879 0.535230 0.000000 0.000000 0.000000 0.389334 0.457189 0.534519 0.000000 0.000000 0.000000 0.391108 0.455510 0.533809 0.000000 0.000000 0.000000 0.392882 0.453412 0.533098 0.000000 0.000000 0.000000 0.394655 0.451831 0.532388 0.000000 0.000000 0.000000 0.396429 0.450251 0.531677 0.000000 0.000000 0.000000 0.398203 0.448670 0.529428 0.000000 0.000000 0.000000 0.400279 0.447089 0.528749 0.000000 0.000000 0.000000 0.402657 0.444718 0.528070 0.000000 0.000000 0.000000 0.404552 0.443287 0.527391 0.000000 0.000000 0.000000 0.405457 0.441856 0.526712 0.000000 0.000000 0.000000 0.406289 0.440553 0.526033 0.000000 0.000000 0.000000 0.406114 0.439251 0.525354 0.000000 0.000000 0.000000 0.405633 0.437948 0.524675 0.000000 0.000000 0.000000 0.404508 0.436645 0.523996 0.000000 0.000000 0.000000 0.403383 0.435343 0.523317 0.000000 0.000000 0.000000 0.402258 0.433994 0.522115 0.000000 0.000000 0.000000 0.401133 0.432645 0.520248 0.000000 0.000000 0.000000 0.401503 0.431296 0.518046 0.000000 0.000000 0.000000 0.403455 0.429947 0.515511 0.000000 0.000000 0.000000 0.406989 0.428599 0.512975 0.000000 0.000000 0.000000 0.411004 0.427250 0.510439 0.000000 0.000000 0.000000 0.415501 0.425901 0.507740 0.000000 0.000000 0.000000 0.419997 0.424552 0.505040 0.000000 0.000000 0.000000 0.424422 
Attenuation_All
0.000000 76.872527 0.000000 49.472806 0.000000 0.000000 0.000000 76.675367 0.000000 49.415605 0.000000 0.000000 0.000000 76.432881 0.000000 49.207001 0.000000 0.000000 0.000000 76.152623 0.000000 49.024582 0.000000 0.000000 0.000000 75.901866 0.000000 49.020654 0.000000 0.000000 0.000000 75.676986 0.000000 49.017040 0.000000 0.000000 0.000000 75.541497 0.000000 49.013705 0.000000 0.000000 0.000000 75.477040 0.000000 49.010616 0.000000 0.000000 0.000000 75.418187 0.000000 49.005078 0.000000 0.000000 0.000000 75.364239 0.000000 49.002586 0.000000 0.000000 0.000000 75.333427 0.000000 49.000255 0.000000 0.000000 0.000000 75.328597 0.000000 48.998069 0.000000 0.000000 0.000000 75.223601 0.000000 49.054796 0.000000 0.000000 0.000000 75.101236 0.000000 49.218609 0.000000 0.000000 0.000000 74.951291 0.000000 49.377999 0.000000 0.000000 0.000000 74.818179 0.000000 49.533334 0.000000 0.000000 0.000000 74.399160 0.000000 49.697160 0.000000 0.000000 0.000000 74.192152 0.000000 49.870461 0.000000 0.000000 0.000000 74.019824 0.000000 50.060524 0.000000 0.000000 0.000000 73.847496 0.000000 50.223794 0.000000 0.000000 0.000000 73.675168 0.000000 50.299598 0.000000 0.000000 0.000000 73.502840 0.000000 50.371876 0.000000 0.000000 0.000000 73.330513 0.000000 50.435879 0.000000 0.000000 0.000000 73.158185 0.000000 50.432455 0.000000 0.000000 0.000000 72.985857 0.000000 50.343155 0.000000 0.000000 0.000000 72.813529 0.000000 50.411383 0.000000 0.000000 0.000000 72.641201 0.000000 50.477412 0.000000 0.000000 0.000000 72.415245 0.000000 50.653540 0.000000 0.000000 0.000000 72.163892 0.000000 50.813435 0.000000 0.000000 0.000000 72.016789 0.000000 50.940969 0.000000 0.000000 0.000000 71.883505 0.000000 51.082627 0.000000 0.000000 0.000000 71.791805 0.000000 51.216702 0.000000 0.000000 0.000000 71.737682 0.000000 51.350777 0.000000 0.000000 0.000000 71.721134 0.000000 51.484853 0.000000 0.000000 0.000000 71.704586 0.000000 51.618928 0.000000 0.000000 0.000000 71.687522 0.000000 51.753003 0.000000 0.000000 0.000000 71.624410 0.000000 51.849688 0.000000 0.000000 0.000000 71.519631 0.000000 51.982469 0.000000 0.000000 0.000000 71.414851 0.000000 52.149181 0.000000 0.000000 0.000000 71.310072 0.000000 52.416496 0.000000 0.000000 0.000000 71.190114 0.000000 52.748210 0.000000 0.000000 0.000000 71.033988 0.000000 53.168264 0.000000 0.000000 0.000000 70.868583 59.355258 53.618448 0.000000 0.000000 0.000000 70.744413 59.470809 53.955596 0.000000 0.000000 0.000000 70.654828 59.542047 54.292744 0.000000 0.000000 0.000000 70.599828 59.624176 54.629892 0.000000 0.000000 0.000000 70.558157 59.895836 54.881733 0.000000 0.000000 0.000000 70.517549 60.129347 55.133575 0.000000 0.000000 0.000000 70.549787 60.375190 55.385416 0.000000 0.000000 0.000000 70.656396 60.560221 55.637258 0.000000 0.000000 0.000000 70.763004 60.745251 55.889099 0.000000 0.000000 0.000000 70.869613 60.930281 56.140940 0.000000 0.000000 0.000000 70.976221 61.115311 56.343045 0.000000 0.000000 0.000000 71.082830 61.303267 56.471048 0.000000 0.000000 0.000000 71.189438 61.540169 56.594619 0.000000 0.000000 0.000000 71.296047 61.784202 56.630458 0.000000 0.000000 0.000000 71.385916 62.064136 56.552398 0.000000 0.000000 0.000000 71.475786 62.401757 56.453908 0.000000 0.000000 0.000000 71.550676 62.716126 56.329769 0.000000 0.000000 0.000000 71.595930 62.517747 56.243454 0.000000 0.000000 0.000000 71.526758 62.290450 55.683073 0.000000 0.000000 0.000000 71.445312 62.154183 55.459839 0.000000 0.000000 0.000000 71.303648 62.049996 55.234908 0.000000 0.000000 0.000000 71.250090 61.963011 54.970707 0.000000 0.000000 0.000000 71.196531 61.915198 54.683105 0.000000 0.000000 0.000000 71.142973 61.951588 54.035524 0.000000 0.000000 0.000000 71.089415 61.870629 53.731307 0.000000 0.000000 0.000000 71.035857 61.593893 53.462963 0.000000 0.000000 0.000000 70.982299 61.317393 53.264559 0.000000 0.000000 0.000000 70.907963 61.025089 53.080893 0.000000 0.000000 0.000000 70.815378 60.810609 52.911629 0.000000 0.000000 0.000000 70.740440 60.748216 52.742365 0.000000 0.000000 0.000000 70.693900 60.929333 52.573101 0.000000 0.000000 0.000000 70.662734 61.115047 52.403837 0.000000 0.000000 0.000000 70.575516 61.239048 52.234574 0.000000 0.000000 0.000000 70.516927 61.363049 52.065310 0.000000 0.000000 0.000000 70.570811 61.522149 51.896046 0.000000 0.000000 0.000000 70.727818 61.725562 51.701870 0.000000 0.000000 0.000000 70.865579 61.888928 51.474955 0.000000 0.000000 0.000000 70.898022 61.752947 51.217266 0.000000 0.000000 0.000000 70.751754 61.523876 50.912299 0.000000 0.000000 0.000000 70.535623 61.258013 50.565537 0.000000 0.000000 0.000000 70.337013 61.052964 50.218774 0.000000 0.000000 0.000000 70.138402 60.801677 49.840381 0.000000 0.000000 0.000000 69.938765 60.414658 49.473371 0.000000 0.000000 0.000000 69.716778 60.024048 49.106360 0.000000 0.000000 0.000000 69.472442 59.553559 48.739350 0.000000 0.000000 0.000000 69.157343 59.034124 48.461104 0.000000 0.000000 0.000000 68.824219 58.507558 48.198169 0.000000 0.000000 0.000000 68.491095 57.973958 47.934722 0.000000 0.000000 0.000000 68.184054 57.440359 47.670948 0.000000 0.000000 0.000000 67.904852 56.945328 47.407267 0.000000 0.000000 0.000000 67.692521 56.685620 47.146127 0.000000 0.000000 0.000000 67.517803 56.595566 46.900193 0.000000 0.000000 0.000000 67.283593 56.565740 46.640822 0.000000 0.000000 0.000000 67.049384 56.535914 46.381451 0.000000 0.000000 0.000000 66.815175 56.506088 46.197633 0.000000 0.000000 0.000000 66.580492 56.476262 46.102587 0.000000 0.000000 0.000000 66.345809 56.446436 46.010078 0.000000 0.000000 0.000000 66.111127 56.416610 46.003722 0.000000 0.000000 0.000000 65.862498 56.494413 46.156856 0.000000 0.000000 0.000000 65.613870 56.539226 46.509417 0.000000 0.000000 0.000000 65.386019 56.558622 46.880956 0.000000 0.000000 0.000000 65.176417 56.500192 47.254650 0.000000 0.000000 0.000000 64.949169 56.289677 47.629961 0.000000 0.000000 0.000000 64.693024 55.768436 48.042716 0.000000 0.000000 0.000000 64.436380 55.153608 48.546118 0.000000 0.000000 0.000000 64.228578 54.532945 49.061259 0.000000 0.000000 0.000000 64.020775 53.945931 49.592723 0.000000 0.000000 0.000000 63.700499 53.488750 50.126116 0.000000 0.000000 0.000000 63.260146 53.255493 50.623636 0.000000 0.000000 0.000000 62.819793 52.860295 51.051216 0.000000 0.000000 0.000000 62.484757 52.581325 51.464058 0.000000 0.000000 0.000000 62.260001 52.431113 51.862498 0.000000 0.000000 0.000000 62.035244 52.170753 52.260938 0.000000 0.000000 0.000000 61.819989 51.910394 52.659378 0.000000 0.000000 0.000000 61.662081 51.696271 53.057817 0.000000 0.000000 0.000000 61.505200 51.617882 53.456257 0.000000 0.000000 0.000000 61.370668 51.543082 53.808567 0.000000 0.000000 0.000000 61.258486 51.545237 54.183169 0.000000 0.000000 0.000000 61.217066 51.547391 54.552665 0.000000 0.000000 0.000000 61.209396 51.549545 54.913688 0.000000 0.000000 0.000000 61.201727 51.568779 55.274710 0.000000 0.000000 0.000000 61.194058 51.606417 55.631625 0.000000 0.000000 0.000000 61.186388 51.614182 55.988540 0.000000 0.000000 0.000000 61.312816 51.565308 56.345454 0.000000 0.000000 0.000000 61.439245 51.466728 56.702369 0.000000 0.000000 0.000000 61.677874 51.314279 57.059284 0.000000 0.000000 0.000000 61.921902 51.161830 57.449612 0.000000 0.000000 0.000000 62.165930 51.009381 57.861405 0.000000 0.000000 0.000000 62.410431 50.856932 58.305209 0.000000 0.000000 0.000000 62.627729 50.704483 58.788292 0.000000 0.000000 0.000000 62.816178 50.552034 59.290721 0.000000 0.000000 0.000000 63.094555 50.399585 59.811096 0.000000 0.000000 0.000000 63.479435 50.247136 60.130157 0.000000 0.000000 0.000000 63.890295 50.094687 60.585009 0.000000 0.000000 0.000000 64.365209 49.942238 61.053074 0.000000 0.000000 0.000000 64.908394 49.789789 61.514473 0.000000 0.000000 0.000000 65.452077 49.704555 61.975872 0.000000 0.000000 0.000000 65.996258 49.708311 62.415492 0.000000 0.000000 0.000000 66.563569 49.779615 62.828989 0.000000 0.000000 0.000000 67.130880 49.817271 63.255324 0.000000 0.000000 0.000000 67.698190 49.665680 63.586047 0.000000 0.000000 0.000000 68.250803 49.393339 63.813100 0.000000 0.000000 0.000000 68.744806 48.970881 63.943479 0.000000 0.000000 0.000000 69.109636 48.748056 64.062884 0.000000 0.000000 0.000000 69.408967 48.721794 64.131097 0.000000 0.000000 0.000000 69.705084 48.624718 64.141148 0.000000 0.000000 0.000000 69.976432 48.423744 64.142484 0.000000 0.000000 0.000000 70.147257 48.222770 64.089266 0.000000 0.000000 0.000000 70.302496 47.897565 64.068983 0.000000 0.000000 0.000000 70.496166 47.726876 64.060768 0.000000 0.000000 0.000000 70.777229 47.691107 64.052554 0.000000 0.000000 0.000000 71.102404 47.854958 64.044339 0.000000 0.000000 0.000000 71.427579 48.179378 64.036124 0.000000 0.000000 0.000000 71.752755 48.503798 64.027910 0.000000 0.000000 0.000000 72.077930 48.797323 64.019695 0.000000 0.000000 0.000000 72.403105 49.220183 64.011480 0.000000 0.000000 0.000000 72.594183 49.392819 64.003265 0.000000 0.000000 0.000000 72.785261 49.549881 63.995051 0.000000 0.000000 0.000000 72.900676 49.762016 63.986836 0.000000 0.000000 0.000000 73.010694 50.030187 64.024751 0.000000 0.000000 0.000000 73.110150 50.298358 64.062667 0.000000 0.000000 0.000000 73.164864 50.571635 64.011388 0.000000 0.000000 0.000000 73.217466 50.865406 64.055338 0.000000 0.000000 0.000000 73.298917 51.441957 64.099288 0.000000 0.000000 0.000000 73.304386 51.808281 64.143238 0.000000 0.000000 0.000000 73.203352 52.174604 64.187188 0.000000 0.000000 0.000000 73.076338 52.540928 64.278747 0.000000 0.000000 0.000000 72.862435 52.907251 64.380055 0.000000 0.000000 0.000000 72.556238 53.273575 64.481363 0.000000 0.000000 0.000000 72.195106 53.639899 64.552227 0.000000 0.000000 0.000000 71.833974 54.050304 64.592648 0.000000 0.000000 0.000000 71.472843 54.460709 64.589274 0.000000 0.000000 0.000000 71.111711 54.871114 64.550600 0.000000 0.000000 0.000000 70.861783 55.281520 64.494612 0.000000 0.000000 0.000000 70.703775 55.707774 64.422185 0.000000 0.000000 0.000000 70.658667 56.121864 64.395347 0.000000 0.000000 0.000000 70.765747 56.532269 64.356542 0.000000 0.000000 0.000000 70.939740 56.986033 64.256221 0.000000 0.000000 0.000000 71.114319 57.486933 64.128744 0.000000 0.000000 0.000000 71.284019 
Traveling_Speed_All
0.000000 0.000000 0.000000 0.000000 0.000000 0.000000 0.000000 0.004702 0.000000 0.002382 0.000000 0.000000 0.000000 0.010935 0.000000 0.006848 0.000000 0.000000 0.000000 0.017766 0.000000 0.011014 0.000000 0.000000 0.000000 0.025309 0.000000 0.012606 0.000000 0.000000 0.000000 0.032958 0.000000 0.014835 0.000000 0.000000 0.000000 0.042999 0.000000 0.018683 0.000000 0.000000 0.000000 0.050907 0.000000 0.023354 0.000000 0.000000 0.000000 0.060419 0.000000 0.032049 0.000000 0.000000 0.000000 0.069696 0.000000 0.037509 0.000000 0.000000 0.000000 0.077899 0.000000 0.041110 0.000000 0.000000 0.000000 0.087744 0.000000 0.044977 0.000000 0.000000 0.000000 0.102888 0.000000 0.048827 0.000000 0.000000 0.000000 0.112644 0.000000 0.054653 0.000000 0.000000 0.000000 0.123784 0.000000 0.059326 0.000000 0.000000 0.000000 0.135089 0.000000 0.064375 0.000000 0.000000 0.000000 0.146604 0.000000 0.069213 0.000000 0.000000 0.000000 0.158318 0.000000 0.074651 0.000000 0.000000 0.000000 0.167582 0.000000 0.077620 0.000000 0.000000 0.000000 0.178458 0.000000 0.081534 0.000000 0.000000 0.000000 0.190183 0.000000 0.083778 0.000000 0.000000 0.000000 0.199517 0.000000 0.085792 0.000000 0.000000 0.000000 0.208789 0.005295 0.087804 0.000000 0.000000 0.000000 0.217191 0.011283 0.089234 0.000000 0.000000 0.000000 0.224675 0.017334 0.091976 0.000000 0.000000 0.000000 0.231212 0.023786 0.093623 0.000000 0.000000 0.000000 0.235316 0.030191 0.095745 0.000000 0.000000 0.000000 0.239036 0.036153 0.098777 0.000000 0.000000 0.000000 0.243536 0.041981 0.101818 0.000000 0.000000 0.000000 0.246057 0.047603 0.104301 0.000000 0.000000 0.000000 0.247803 0.052556 0.106299 0.000000 0.000000 0.000000 0.250972 0.057467 0.108219 0.000000 0.000000 0.000000 0.253682 0.061786 0.109948 0.000000 0.000000 0.000000 0.256519 0.065647 0.111666 0.000000 0.000000 0.000000 0.261285 0.069349 0.114981 0.000000 0.000000 0.000000 0.266695 0.073010 0.117076 0.000000 0.000000 0.000000 0.274050 0.076795 0.119402 0.000000 0.000000 0.000000 0.284630 0.080028 0.121840 0.000000 0.000000 0.000000 0.295797 0.083245 0.124533 0.000000 0.000000 0.000000 0.306153 0.086487 0.126835 0.000000 0.000000 0.000000 0.316542 0.089794 0.129697 0.000000 0.000000 0.000000 0.328161 0.093305 0.132397 0.000000 0.000000 0.000000 0.342752 0.172611 0.135451 0.000000 0.000000 0.000000 0.358177 0.181275 0.138147 0.000000 0.000000 0.000000 0.372186 0.190123 0.141009 0.000000 0.000000 0.000000 0.390668 0.198444 0.144648 0.000000 0.000000 0.000000 0.408578 0.206262 0.147544 0.000000 0.000000 0.000000 0.425453 0.215249 0.151170 0.000000 0.000000 0.000000 0.443147 0.222864 0.155583 0.000000 0.000000 0.000000 0.461764 0.230355 0.157747 0.000000 0.000000 0.000000 0.481457 0.237916 0.160912 0.000000 0.000000 0.000000 0.499189 0.244751 0.162483 0.000000 0.000000 0.000000 0.514295 0.251956 0.164726 0.000000 0.000000 0.000000 0.526855 0.258151 0.167861 0.000000 0.000000 0.000000 0.537240 0.263481 0.172781 0.000000 0.000000 0.000000 0.548185 0.268915 0.176680 0.000000 0.000000 0.000000 0.558880 0.274892 0.180211 0.000000 0.000000 0.000000 0.568489 0.280903 0.184051 0.000000 0.000000 0.000000 0.579866 0.287470 0.187751 0.000000 0.000000 0.000000 0.589646 0.295068 0.191688 0.000000 0.000000 0.000000 0.599777 0.301750 0.195721 0.000000 0.000000 0.000000 0.608554 0.307253 0.199118 0.000000 0.000000 0.000000 0.622191 0.312242 0.201196 0.000000 0.000000 0.000000 0.630776 0.315446 0.203188 0.000000 0.000000 0.000000 0.639191 0.317290 0.205024 0.000000 0.000000 0.000000 0.645301 0.319800 0.207109 0.000000 0.000000 0.000000 0.653299 0.322142 0.208503 0.000000 0.000000 0.000000 0.664857 0.327057 0.209822 0.000000 0.000000 0.000000 0.677464 0.330925 0.211413 0.000000 0.000000 0.000000 0.690544 0.334075 0.213003 0.000000 0.000000 0.000000 0.704359 0.335696 0.214681 0.000000 0.000000 0.000000 0.717730 0.337584 0.216148 0.000000 0.000000 0.000000 0.731447 0.339793 0.218153 0.000000 0.000000 0.000000 0.747124 0.341560 0.221056 0.000000 0.000000 0.000000 0.762514 0.343854 0.224768 0.000000 0.000000 0.000000 0.779022 0.346715 0.227174 0.000000 0.000000 0.000000 0.795431 0.350591 0.229480 0.000000 0.000000 0.000000 0.813091 0.355240 0.231925 0.000000 0.000000 0.000000 0.827587 0.358531 0.234406 0.000000 0.000000 0.000000 0.841590 0.362194 0.236893 0.000000 0.000000 0.000000 0.859393 0.365207 0.240620 0.000000 0.000000 0.000000 0.878122 0.368230 0.243312 0.000000 0.000000 0.000000 0.897759 0.369444 0.246700 0.000000 0.000000 0.000000 0.915694 0.371692 0.250633 0.000000 0.000000 0.000000 0.929229 0.375320 0.254948 0.000000 0.000000 0.000000 0.941379 0.380729 0.260125 0.000000 0.000000 0.000000 0.952630 0.385497 0.265371 0.000000 0.000000 0.000000 0.964552 0.389217 0.270852 0.000000 0.000000 0.000000 0.980381 0.392340 0.275954 0.000000 0.000000 0.000000 0.994294 0.393658 0.281410 0.000000 0.000000 0.000000 1.007704 0.397217 0.286670 0.000000 0.000000 0.000000 1.020815 0.400843 0.292432 0.000000 0.000000 0.000000 1.033837 0.404210 0.296867 0.000000 0.000000 0.000000 1.046078 0.407467 0.301424 0.000000 0.000000 0.000000 1.055473 0.410864 0.305961 0.000000 0.000000 0.000000 1.065837 0.414621 0.311701 0.000000 0.000000 0.000000 1.079366 0.417624 0.316954 0.000000 0.000000 0.000000 1.091827 0.423900 0.319749 0.000000 0.000000 0.000000 1.104798 0.430326 0.323022 0.000000 0.000000 0.000000 1.117250 0.434670 0.326907 0.000000 0.000000 0.000000 1.128726 0.439683 0.330505 0.000000 0.000000 0.000000 1.138657 0.443179 0.333562 0.000000 0.000000 0.000000 1.148764 0.445055 0.338611 0.000000 0.000000 0.000000 1.161146 0.446189 0.342443 0.000000 0.000000 0.000000 1.170883 0.449427 0.346026 0.000000 0.000000 0.000000 1.180327 0.455288 0.349083 0.000000 0.000000 0.000000 1.189452 0.462385 0.351737 0.000000 0.000000 0.000000 1.198780 0.470125 0.354784 0.000000 0.000000 0.000000 1.209497 0.476822 0.357067 0.000000 0.000000 0.000000 1.219119 0.482729 0.359772 0.000000 0.000000 0.000000 1.229313 0.487179 0.363192 0.000000 0.000000 0.000000 1.239784 0.491780 0.366925 0.000000 0.000000 0.000000 1.252237 0.495976 0.371282 0.000000 0.000000 0.000000 1.263564 0.499998 0.376215 0.000000 0.000000 0.000000 1.278909 0.503074 0.381489 0.000000 0.000000 0.000000 1.297946 0.505888 0.386710 0.000000 0.000000 0.000000 1.319070 0.507762 0.391792 0.000000 0.000000 0.000000 1.342258 0.509220 0.396499 0.000000 0.000000 0.000000 1.366990 0.510162 0.400242 0.000000 0.000000 0.000000 1.387814 0.512554 0.402849 0.000000 0.000000 0.000000 1.404222 0.514941 0.406715 0.000000 0.000000 0.000000 1.419857 0.517352 0.411228 0.000000 0.000000 0.000000 1.434050 0.520117 0.416808 0.000000 0.000000 0.000000 1.448671 0.525324 0.421747 0.000000 0.000000 0.000000 1.460605 0.530838 0.427116 0.000000 0.000000 0.000000 1.470435 0.536810 0.431217 0.000000 0.000000 0.000000 1.479545 0.543301 0.434668 0.000000 0.000000 0.000000 1.489332 0.550093 0.438217 0.000000 0.000000 0.000000 1.497738 0.556842 0.441704 0.000000 0.000000 0.000000 1.504329 0.562547 0.445591 0.000000 0.000000 0.000000 1.507234 0.567750 0.449105 0.000000 0.000000 0.000000 1.508664 0.573438 0.452647 0.000000 0.000000 0.000000 1.513356 0.579792 0.455462 0.000000 0.000000 0.000000 1.518025 0.585967 0.458132 0.000000 0.000000 0.000000 1.523990 0.590827 0.462299 0.000000 0.000000 0.000000 1.530011 0.593863 0.464267 0.000000 0.000000 0.000000 1.534912 0.596113 0.466040 0.000000 0.000000 0.000000 1.538506 0.598528 0.467768 0.000000 0.000000 0.000000 1.544041 0.603110 0.469892 0.000000 0.000000 0.000000 1.549044 0.607473 0.475488 0.000000 0.000000 0.000000 1.555393 0.612036 0.481686 0.000000 0.000000 0.000000 1.563195 0.616148 0.486162 0.000000 0.000000 0.000000 1.570099 0.623104 0.491332 0.000000 0.000000 0.000000 1.577868 0.635639 0.496381 0.000000 0.000000 0.000000 1.585262 0.641000 0.501276 0.000000 0.000000 0.000000 1.592146 0.646732 0.506502 0.000000 0.000000 0.000000 1.601375 0.652834 0.511109 0.000000 0.000000 0.000000 1.611554 0.657369 0.515447 0.000000 0.000000 0.000000 1.622076 0.661375 0.520655 0.000000 0.000000 0.000000 1.634360 0.663985 0.525411 0.000000 0.000000 0.000000 1.643474 0.667925 0.528138 0.000000 0.000000 0.000000 1.652310 0.668885 0.532652 0.000000 0.000000 0.000000 1.659029 0.671473 0.535869 0.000000 0.000000 0.000000 1.666533 0.674834 0.540170 0.000000 0.000000 0.000000 1.672864 0.678500 0.543755 0.000000 0.000000 0.000000 1.675925 0.680001 0.546030 0.000000 0.000000 0.000000 1.679319 0.681128 0.548421 0.000000 0.000000 0.000000 1.680897 0.690635 0.551137 0.000000 0.000000 0.000000 1.683052 0.693928 0.553761 0.000000 0.000000 0.000000 1.686336 0.699188 0.556285 0.000000 0.000000 0.000000 1.689131 0.701894 0.559711 0.000000 0.000000 0.000000 1.693859 0.704007 0.561523 0.000000 0.000000 0.000000 1.698620 0.704707 0.564274 0.000000 0.000000 0.000000 1.706100 0.706263 0.567145 0.000000 0.000000 0.000000 1.710871 0.708881 0.569015 0.000000 0.000000 0.000000 1.715087 0.709903 0.571157 0.000000 0.000000 0.000000 1.721801 0.710531 0.572660 0.000000 0.000000 0.000000 1.730278 0.711780 0.573655 0.000000 0.000000 0.000000 1.739138 0.714216 0.574804 0.000000 0.000000 0.000000 1.748321 0.718494 0.576063 0.000000 0.000000 0.000000 1.757292 0.724385 0.577427 0.000000 0.000000 0.000000 1.766296 0.730237 0.578879 0.000000 0.000000 0.000000 1.773328 0.735021 0.581616 0.000000 0.000000 0.000000 1.780157 0.739638 0.583871 0.000000 0.000000 0.000000 1.785636 0.744175 0.586342 0.000000 0.000000 0.000000 1.790505 0.747981 0.588259 0.000000 0.000000 0.000000 1.794822 0.754716 0.590570 0.000000 0.000000 0.000000 1.800367 0.760779 0.593721 0.000000 0.000000 0.000000 1.806148 0.766250 0.598725 0.000000 0.000000 0.000000 1.810140 0.772079 0.604329 0.000000 0.000000 0.000000 1.816029 0.774835 0.609309 0.000000 0.000000 0.000000 1.827559 
Brush_Stroke_All
0.000000 0.171397 0.180403 0.096438 0.000000 0.000000 0.000000 0.169256 0.180364 0.097596 0.000000 0.000000 0.000000 0.165821 0.182367 0.097647 0.000000 0.000000 0.000000 0.162216 0.183291 0.095994 0.000000 0.000000 0.000000 0.159563 0.183350 0.094903 0.000000 0.000000 0.000000 0.157282 0.184928 0.094562 0.000000 0.000000 0.000000 0.155643 0.185223 0.095796 0.000000 0.000000 0.000000 0.159297 0.185724 0.097655 0.000000 0.000000 0.000000 0.163648 0.186275 0.098128 0.000000 0.000000 0.000000 0.170576 0.187946 0.098110 0.000000 0.000000 0.000000 0.170334 0.186322 0.099172 0.000000 0.000000 0.000000 0.168885 0.183385 0.099750 0.000000 0.000000 0.000000 0.166057 0.182109 0.099195 0.000000 0.000000 0.000000 0.165317 0.178245 0.099478 0.000000 0.000000 0.000000 0.164414 0.175436 0.099872 0.000000 0.000000 0.000000 0.165272 0.170801 0.101016 0.000000 0.000000 0.000000 0.165807 0.166150 0.100828 0.000000 0.000000 0.000000 0.163772 0.162828 0.099803 0.000000 0.000000 0.000000 0.162113 0.163868 0.099220 0.000000 0.000000 0.000000 0.159744 0.163696 0.099477 0.000000 0.000000 0.000000 0.156293 0.162487 0.098209 0.000000 0.000000 0.000000 0.156632 0.162648 0.099366 0.000000 0.000000 0.000000 0.156718 0.161712 0.100433 0.000000 0.000000 0.000000 0.156484 0.161108 0.099242 0.000000 0.000000 0.000000 0.159816 0.158452 0.097450 0.000000 0.000000 0.000000 0.161590 0.159361 0.093226 0.000000 0.000000 0.000000 0.161863 0.156395 0.093776 0.000000 0.000000 0.000000 0.161805 0.154562 0.094367 0.000000 0.000000 0.000000 0.162199 0.151544 0.094869 0.000000 0.000000 0.000000 0.161155 0.146868 0.096120 0.000000 0.000000 0.000000 0.160008 0.142116 0.096585 0.000000 0.000000 0.000000 0.156040 0.137379 0.096572 0.000000 0.000000 0.000000 0.152795 0.135712 0.096773 0.000000 0.000000 0.000000 0.152209 0.137453 0.096338 0.000000 0.000000 0.000000 0.152286 0.136596 0.097139 0.000000 0.000000 0.000000 0.151037 0.137011 0.097652 0.000000 0.000000 0.000000 0.151899 0.134105 0.098395 0.000000 0.000000 0.000000 0.156394 0.134581 0.098830 0.000000 0.000000 0.000000 0.163596 0.132329 0.098932 0.000000 0.000000 0.000000 0.171828 0.132719 0.099406 0.000000 0.000000 0.000000 0.173978 0.129961 0.098950 0.000000 0.000000 0.000000 0.175133 0.128614 0.100429 0.000000 0.000000 0.000000 0.172591 0.127600 0.098940 0.000000 0.000000 0.000000 0.173392 0.127714 0.098278 0.000000 0.000000 0.000000 0.172363 0.127890 0.097740 0.000000 0.000000 0.000000 0.174430 0.127881 0.096879 0.000000 0.000000 0.000000 0.174015 0.128813 0.095906 0.000000 0.000000 0.000000 0.175386 0.127881 0.095386 0.000000 0.000000 0.000000 0.174450 0.127132 0.093435 0.000000 0.000000 0.000000 0.171713 0.126989 0.092566 0.000000 0.000000 0.000000 0.167620 0.125502 0.093083 0.000000 0.000000 0.000000 0.164282 0.125870 0.094941 0.000000 0.000000 0.000000 0.164476 0.125285 0.095842 0.000000 0.000000 0.000000 0.166202 0.125519 0.096984 0.000000 0.000000 0.000000 0.168970 0.124503 0.097841 0.000000 0.000000 0.000000 0.171246 0.122610 0.097427 0.000000 0.000000 0.000000 0.172081 0.122449 0.097518 0.000000 0.000000 0.000000 0.171018 0.122927 0.097941 0.000000 0.000000 0.000000 0.170673 0.125151 0.098288 0.000000 0.000000 0.000000 0.170063 0.125619 0.098166 0.000000 0.000000 0.000000 0.168952 0.124734 0.098920 0.000000 0.000000 0.000000 0.168482 0.124826 0.098748 0.000000 0.000000 0.000000 0.169998 0.124205 0.100016 0.000000 0.000000 0.000000 0.170043 0.123645 0.099746 0.000000 0.000000 0.000000 0.168085 0.125214 0.099981 0.000000 0.000000 0.000000 0.167895 0.127086 0.099507 0.000000 0.000000 0.000000 0.166438 0.132878 0.097761 0.000000 0.000000 0.000000 0.164823 0.135367 0.097045 0.000000 0.000000 0.000000 0.166387 0.136532 0.096158 0.000000 0.000000 0.000000 0.176417 0.136597 0.095888 0.000000 0.000000 0.000000 0.186116 0.139376 0.095672 0.000000 0.000000 0.000000 0.190482 0.141200 0.095759 0.000000 0.000000 0.000000 0.189517 0.143684 0.093337 0.000000 0.000000 0.000000 0.185584 0.145144 0.092009 0.000000 0.000000 0.000000 0.185002 0.146254 0.092390 0.000000 0.000000 0.000000 0.182343 0.148037 0.091775 0.000000 0.000000 0.000000 0.185146 0.147515 0.093821 0.000000 0.000000 0.000000 0.186730 0.146883 0.095394 0.000000 0.000000 0.000000 0.187500 0.146406 0.096643 0.000000 0.000000 0.000000 0.185826 0.145597 0.097802 0.000000 0.000000 0.000000 0.182775 0.144491 0.097794 0.000000 0.000000 0.000000 0.176544 0.145037 0.098311 0.000000 0.000000 0.000000 0.171386 0.144423 0.099703 0.000000 0.000000 0.000000 0.168147 0.143805 0.100911 0.000000 0.000000 0.000000 0.167710 0.143184 0.103809 0.000000 0.000000 0.000000 0.170225 0.143139 0.106227 0.000000 0.000000 0.000000 0.171479 0.142188 0.108480 0.000000 0.000000 0.000000 0.172694 0.142294 0.110391 0.000000 0.000000 0.000000 0.172377 0.139425 0.112436 0.000000 0.000000 0.000000 0.170543 0.137214 0.113090 0.000000 0.000000 0.000000 0.173489 0.133035 0.115708 0.000000 0.000000 0.000000 0.176910 0.132980 0.115652 0.000000 0.000000 0.000000 0.177514 0.132234 0.115272 0.000000 0.000000 0.000000 0.179571 0.132473 0.114054 0.000000 0.000000 0.000000 0.176565 0.132534 0.112070 0.000000 0.000000 0.000000 0.172267 0.133453 0.111001 0.000000 0.000000 0.000000 0.167679 0.134390 0.107763 0.000000 0.000000 0.000000 0.163329 0.133833 0.108537 0.000000 0.000000 0.000000 0.162762 0.132377 0.109804 0.000000 0.000000 0.000000 0.163336 0.130340 0.110117 0.000000 0.000000 0.000000 0.168963 0.130291 0.111572 0.000000 0.000000 0.000000 0.173096 0.130869 0.114062 0.000000 0.000000 0.000000 0.179941 0.130201 0.114268 0.000000 0.000000 0.000000 0.175238 0.129797 0.113680 0.000000 0.000000 0.000000 0.172250 0.131110 0.114271 0.000000 0.000000 0.000000 0.170523 0.130404 0.117198 0.000000 0.000000 0.000000 0.167811 0.130835 0.118216 0.000000 0.000000 0.000000 0.166407 0.130919 0.119372 0.000000 0.000000 0.000000 0.163951 0.130923 0.119476 0.000000 0.000000 0.000000 0.165018 0.131306 0.120447 0.000000 0.000000 0.000000 0.166533 0.132023 0.119205 0.000000 0.000000 0.000000 0.167484 0.132182 0.121023 0.000000 0.000000 0.000000 0.163715 0.133286 0.122798 0.000000 0.000000 0.000000 0.158613 0.133545 0.123724 0.000000 0.000000 0.000000 0.154229 0.133902 0.123924 0.000000 0.000000 0.000000 0.155414 0.136788 0.123769 0.000000 0.000000 0.000000 0.163641 0.137450 0.121688 0.000000 0.000000 0.000000 0.170067 0.138865 0.119489 0.000000 0.000000 0.000000 0.167058 0.138707 0.117958 0.000000 0.000000 0.000000 0.166419 0.138993 0.117422 0.000000 0.000000 0.000000 0.165366 0.138874 0.115410 0.000000 0.000000 0.000000 0.170767 0.138891 0.113971 0.000000 0.000000 0.000000 0.173242 0.139305 0.112640 0.000000 0.000000 0.000000 0.179564 0.139828 0.111965 0.000000 0.000000 0.000000 0.180269 0.139637 0.112058 0.000000 0.000000 0.000000 0.174838 0.140159 0.111799 0.000000 0.000000 0.000000 0.171342 0.139699 0.113697 0.000000 0.000000 0.000000 0.173870 0.138126 0.116678 0.000000 0.000000 0.000000 0.175951 0.135918 0.118116 0.000000 0.000000 0.000000 0.175049 0.135550 0.118284 0.000000 0.000000 0.000000 0.171050 0.136467 0.117777 0.000000 0.000000 0.000000 0.169017 0.136979 0.119778 0.000000 0.000000 0.000000 0.168552 0.137446 0.122232 0.000000 0.000000 0.000000 0.167509 0.137224 0.123423 0.000000 0.000000 0.000000 0.166802 0.138165 0.123917 0.000000 0.000000 0.000000 0.164799 0.138374 0.126438 0.000000 0.000000 0.000000 0.159090 0.139005 0.128509 0.000000 0.000000 0.000000 0.153186 0.139113 0.128710 0.000000 0.000000 0.000000 0.154923 0.139414 0.128718 0.000000 0.000000 0.000000 0.160079 0.139073 0.129489 0.000000 0.000000 0.000000 0.164640 0.138616 0.131029 0.000000 0.000000 0.000000 0.170721 0.138421 0.132033 0.000000 0.000000 0.000000 0.173880 0.139653 0.134483 0.000000 0.000000 0.000000 0.178736 0.149543 0.133600 0.000000 0.000000 0.000000 0.176999 0.126667 0.131112 0.000000 0.000000 0.000000 0.172520 0.117333 0.129400 0.000000 0.000000 0.000000 0.165672 0.112168 0.128008 0.000000 0.000000 0.000000 0.157381 0.111979 0.129169 0.000000 0.000000 0.000000 0.152538 0.112316 0.127923 0.000000 0.000000 0.000000 0.147958 0.112170 0.129273 0.000000 0.000000 0.000000 0.158142 0.111571 0.128253 0.000000 0.000000 0.000000 0.166018 0.110610 0.128185 0.000000 0.000000 0.000000 0.170421 0.112070 0.124658 0.000000 0.000000 0.000000 0.170757 0.120618 0.122827 0.000000 0.000000 0.000000 0.170077 0.126415 0.118931 0.000000 0.000000 0.000000 0.168322 0.132087 0.115728 0.000000 0.000000 0.000000 0.165702 0.137115 0.114254 0.000000 0.000000 0.000000 0.162771 0.147567 0.112533 0.000000 0.000000 0.000000 0.161175 0.156878 0.111220 0.000000 0.000000 0.000000 0.160055 0.163134 0.110083 0.000000 0.000000 0.000000 0.161172 0.167453 0.106123 0.000000 0.000000 0.000000 0.161894 0.171717 0.108227 0.000000 0.000000 0.000000 0.157255 0.178639 0.110671 0.000000 0.000000 0.000000 0.152762 0.185578 0.112292 0.000000 0.000000 0.000000 0.153358 0.191641 0.113476 0.000000 0.000000 0.000000 0.153266 0.197521 0.113576 0.000000 0.000000 0.000000 0.158228 0.199048 0.114255 0.000000 0.000000 0.000000 0.167655 0.202039 0.114845 0.000000 0.000000 0.000000 0.171345 0.201073 0.113322 0.000000 0.000000 0.000000 0.176909 0.201475 0.112357 0.000000 0.000000 0.000000 0.179285 0.201286 0.110926 0.000000 0.000000 0.000000 0.178764 0.201753 0.107639 0.000000 0.000000 0.000000 0.175997 0.202118 0.104775 0.000000 0.000000 0.000000 0.170866 0.202853 0.102918 0.000000 0.000000 0.000000 0.167548 0.202958 0.100425 0.000000 0.000000 0.000000 0.162534 0.195047 0.099771 0.000000 0.000000 0.000000 0.160426 0.190873 0.096311 0.000000 0.000000 0.000000 0.157257 0.186494 0.096393 0.000000 0.000000 0.000000 0.151982 0.178712 0.097076 0.000000 0.000000 0.000000 0.152767 0.166658 0.093371 0.000000 0.000000 0.000000 0.154458 0.156150 0.091287 0.000000 0.000000 0.000000 0.152652 
Activity_Index_All
0.000000 0.000000 0.000000 0.000000 0.000000 0.000000 0.000000 199.925599 0.000000 102.440201 0.000000 0.000000 0.000000 195.099405 0.000000 101.751469 0.000000 0.000000 0.000000 190.170562 0.000000 99.396899 0.000000 0.000000 0.000000 186.397861 0.000000 97.737479 0.000000 0.000000 0.000000 183.048766 0.000000 96.942564 0.000000 0.000000 0.000000 180.429993 0.000000 97.828719 0.000000 0.000000 0.000000 183.956996 0.000000 99.395222 0.000000 0.000000 0.000000 188.905037 0.000000 97.896326 0.000000 0.000000 0.000000 196.848839 0.000000 95.914713 0.000000 0.000000 0.000000 196.508452 0.000000 96.734082 0.000000 0.000000 0.000000 194.737423 0.000000 97.096235 0.000000 0.000000 0.000000 191.302283 0.000000 98.133606 0.000000 0.000000 0.000000 187.699911 0.000000 100.039579 0.000000 0.000000 0.000000 184.003842 0.000000 102.116025 0.000000 0.000000 0.000000 182.388647 0.000000 105.037439 0.000000 0.000000 0.000000 182.680814 0.000000 106.643908 0.000000 0.000000 0.000000 180.104275 0.000000 107.389204 0.000000 0.000000 0.000000 177.930527 0.000000 106.932746 0.000000 0.000000 0.000000 175.001285 0.000000 107.370965 0.000000 0.000000 0.000000 170.934162 0.000000 106.118063 0.000000 0.000000 0.000000 171.102269 0.000000 107.415587 0.000000 0.000000 0.000000 171.102818 256.974744 108.541493 0.000000 0.000000 0.000000 170.847283 259.866208 107.166710 0.000000 0.000000 0.000000 174.541532 261.179815 105.105155 0.000000 0.000000 0.000000 176.537420 261.251472 100.437392 0.000000 0.000000 0.000000 176.874288 263.510132 100.937408 0.000000 0.000000 0.000000 176.792908 263.931572 101.499654 0.000000 0.000000 0.000000 177.147862 264.631373 100.314051 0.000000 0.000000 0.000000 175.882141 265.178235 99.898991 0.000000 0.000000 0.000000 174.465637 267.311180 98.634133 0.000000 0.000000 0.000000 169.950104 264.754907 96.855296 0.000000 0.000000 0.000000 166.219827 260.394180 95.269082 0.000000 0.000000 0.000000 165.386417 258.433760 93.048849 0.000000 0.000000 0.000000 165.277379 252.844344 93.649901 0.000000 0.000000 0.000000 163.745382 248.788111 94.001646 0.000000 0.000000 0.000000 164.529941 242.159360 94.629576 0.000000 0.000000 0.000000 169.272886 235.438701 95.040718 0.000000 0.000000 0.000000 176.956522 230.603620 95.218500 0.000000 0.000000 0.000000 185.733348 231.956571 95.823797 0.000000 0.000000 0.000000 187.901553 231.611958 95.564582 0.000000 0.000000 0.000000 188.971416 229.815516 97.177042 0.000000 0.000000 0.000000 186.069980 229.953726 95.896070 0.000000 0.000000 0.000000 186.806710 228.524149 95.376201 0.000000 0.000000 0.000000 185.586940 227.539916 94.927918 0.000000 0.000000 0.000000 187.710394 223.441995 94.125871 0.000000 0.000000 0.000000 187.168810 224.438217 93.193322 0.000000 0.000000 0.000000 188.565402 220.084356 92.715825 0.000000 0.000000 0.000000 187.512968 217.410941 90.875720 0.000000 0.000000 0.000000 184.559669 213.137545 90.131285 0.000000 0.000000 0.000000 180.184032 206.562951 90.787934 0.000000 0.000000 0.000000 176.641634 199.886933 92.799370 0.000000 0.000000 0.000000 176.904139 193.219037 93.886949 0.000000 0.000000 0.000000 178.815476 190.847668 95.196599 0.000000 0.000000 0.000000 181.835235 193.238818 96.194029 0.000000 0.000000 0.000000 184.312778 191.945535 95.897133 0.000000 0.000000 0.000000 185.236946 192.416994 96.060028 0.000000 0.000000 0.000000 184.111835 188.224476 96.526523 0.000000 0.000000 0.000000 183.740857 188.803508 96.907655 0.000000 0.000000 0.000000 183.090684 185.594134 96.833760 0.000000 0.000000 0.000000 181.930196 186.122197 97.645878 0.000000 0.000000 0.000000 181.499889 182.505035 97.564375 0.000000 0.000000 0.000000 183.246252 180.817602 98.911364 0.000000 0.000000 0.000000 183.427897 179.507164 98.709653 0.000000 0.000000 0.000000 181.453264 179.681777 98.951694 0.000000 0.000000 0.000000 181.377758 179.862944 98.405552 0.000000 0.000000 0.000000 179.918057 179.736373 96.500943 0.000000 0.000000 0.000000 178.274837 180.922165 95.518301 0.000000 0.000000 0.000000 180.065692 179.520761 94.300896 0.000000 0.000000 0.000000 191.011442 175.928737 93.643755 0.000000 0.000000 0.000000 201.597017 173.197088 93.015983 0.000000 0.000000 0.000000 206.399168 168.651115 92.687924 0.000000 0.000000 0.000000 205.416429 166.595466 89.971554 0.000000 0.000000 0.000000 201.208771 163.253608 88.367150 0.000000 0.000000 0.000000 200.621007 160.946010 88.455939 0.000000 0.000000 0.000000 197.765689 157.056273 87.621146 0.000000 0.000000 0.000000 200.831808 152.182867 89.338693 0.000000 0.000000 0.000000 202.592077 149.575039 90.597781 0.000000 0.000000 0.000000 203.504726 147.822088 91.536591 0.000000 0.000000 0.000000 201.798029 148.195569 92.388276 0.000000 0.000000 0.000000 198.594344 146.485312 92.152493 0.000000 0.000000 0.000000 191.887851 143.185899 92.440101 0.000000 0.000000 0.000000 186.306696 140.966638 93.583091 0.000000 0.000000 0.000000 182.786072 137.884256 94.586267 0.000000 0.000000 0.000000 182.297884 134.829527 97.208185 0.000000 0.000000 0.000000 185.012394 136.503740 99.415186 0.000000 0.000000 0.000000 186.359737 138.545550 101.499821 0.000000 0.000000 0.000000 187.676624 144.957074 103.280026 0.000000 0.000000 0.000000 187.341973 147.879343 105.182191 0.000000 0.000000 0.000000 185.365612 149.444317 105.744469 0.000000 0.000000 0.000000 188.603638 149.839878 108.068619 0.000000 0.000000 0.000000 192.395954 153.188650 107.810482 0.000000 0.000000 0.000000 193.180138 155.384724 105.525640 0.000000 0.000000 0.000000 195.591902 158.170884 102.480586 0.000000 0.000000 0.000000 192.496952 159.700627 98.798483 0.000000 0.000000 0.000000 187.959353 160.771573 95.977577 0.000000 0.000000 0.000000 183.070848 162.576737 91.365259 0.000000 0.000000 0.000000 178.441396 161.923380 90.215922 0.000000 0.000000 0.000000 177.943458 161.270013 89.471302 0.000000 0.000000 0.000000 178.696561 160.901139 87.957381 0.000000 0.000000 0.000000 184.985113 160.259519 87.366731 0.000000 0.000000 0.000000 189.637797 159.329456 87.564817 0.000000 0.000000 0.000000 197.245287 160.202490 85.992864 0.000000 0.000000 0.000000 192.169951 159.705641 83.835576 0.000000 0.000000 0.000000 188.951942 159.079500 82.535590 0.000000 0.000000 0.000000 187.112056 158.343511 82.856133 0.000000 0.000000 0.000000 184.195345 158.202809 81.774126 0.000000 0.000000 0.000000 182.701136 157.064674 80.772584 0.000000 0.000000 0.000000 180.002530 157.159597 80.768681 0.000000 0.000000 0.000000 181.087625 154.071504 81.334314 0.000000 0.000000 0.000000 182.569741 151.795834 80.397411 0.000000 0.000000 0.000000 183.348915 147.374837 81.539565 0.000000 0.000000 0.000000 178.911372 147.462375 82.680261 0.000000 0.000000 0.000000 173.003731 146.664289 83.279541 0.000000 0.000000 0.000000 167.888201 146.822469 83.418574 0.000000 0.000000 0.000000 166.065818 146.657002 83.346090 0.000000 0.000000 0.000000 171.484973 147.318190 81.990462 0.000000 0.000000 0.000000 174.723096 147.890672 80.522368 0.000000 0.000000 0.000000 168.277265 146.786842 79.450746 0.000000 0.000000 0.000000 162.084389 144.740349 79.012347 0.000000 0.000000 0.000000 155.545551 142.146206 77.568118 0.000000 0.000000 0.000000 154.944725 141.802060 76.506743 0.000000 0.000000 0.000000 151.462464 142.186729 75.527312 0.000000 0.000000 0.000000 151.135045 141.220487 75.007752 0.000000 0.000000 0.000000 145.956653 140.499732 75.038815 0.000000 0.000000 0.000000 136.065650 141.547180 74.887598 0.000000 0.000000 0.000000 128.023493 140.311540 76.225058 0.000000 0.000000 0.000000 124.551261 140.177059 78.299061 0.000000 0.000000 0.000000 120.629760 139.598367 79.318427 0.000000 0.000000 0.000000 114.621545 138.943231 79.458532 0.000000 0.000000 0.000000 106.734142 138.754899 79.115355 0.000000 0.000000 0.000000 103.286736 139.016230 80.424828 0.000000 0.000000 0.000000 100.949224 138.814986 82.002136 0.000000 0.000000 0.000000 98.304398 139.732647 82.732824 0.000000 0.000000 0.000000 95.820246 139.840112 83.033976 0.000000 0.000000 0.000000 94.818441 140.073438 84.730464 0.000000 0.000000 0.000000 91.661968 142.931033 86.159427 0.000000 0.000000 0.000000 88.336007 143.420658 86.370776 0.000000 0.000000 0.000000 89.322157 144.650152 86.476547 0.000000 0.000000 0.000000 92.136371 144.219674 87.109786 0.000000 0.000000 0.000000 94.445587 144.256925 88.264740 0.000000 0.000000 0.000000 97.475328 143.932566 89.051280 0.000000 0.000000 0.000000 98.755987 143.860099 90.795967 0.000000 0.000000 0.000000 100.992561 144.364668 90.287913 0.000000 0.000000 0.000000 99.542187 145.175149 88.696215 0.000000 0.000000 0.000000 96.612909 145.423622 87.613404 0.000000 0.000000 0.000000 92.417143 146.521506 86.715516 0.000000 0.000000 0.000000 89.644174 146.627773 87.510481 0.000000 0.000000 0.000000 88.744659 145.525916 86.643842 0.000000 0.000000 0.000000 87.962216 143.688607 87.518756 0.000000 0.000000 0.000000 96.137851 143.733913 86.783610 0.000000 0.000000 0.000000 103.283032 145.084866 86.694019 0.000000 0.000000 0.000000 108.569460 145.943095 84.264678 0.000000 0.000000 0.000000 111.444892 146.710178 82.973934 0.000000 0.000000 0.000000 113.736397 146.735845 80.288354 0.000000 0.000000 0.000000 117.806279 148.056098 78.077512 0.000000 0.000000 0.000000 121.226132 148.671977 77.038952 0.000000 0.000000 0.000000 124.341894 149.805666 75.823824 0.000000 0.000000 0.000000 128.401622 150.401222 74.871690 0.000000 0.000000 0.000000 132.776613 151.176801 74.035671 0.000000 0.000000 0.000000 138.996542 151.166546 71.312649 0.000000 0.000000 0.000000 144.909789 150.901438 72.693733 0.000000 0.000000 0.000000 145.864004 150.811557 74.329759 0.000000 0.000000 0.000000 144.522413 152.215733 75.444609 0.000000 0.000000 0.000000 147.868088 163.070395 76.294941 0.000000 0.000000 0.000000 150.487280 0.000000 76.439623 0.000000 0.000000 0.000000 158.058827 0.000000 76.984410 0.000000 0.000000 0.000000 170.222210 0.000000 77.467464 0.000000 0.000000 0.000000 176.680326 0.000000 76.513957 0.000000 0.000000 0.000000 185.151330 0.000000 75.920963 0.000000 0.000000 0.000000 190.372773 0.000000 74.991243 0.000000 0.000000 0.000000 189.904206 0.000000 72.777712 0.000000 0.000000 0.000000 186.994521 0.000000 72.572945 0.000000 0.000000 0.000000 181.494685 0.000000 72.976282 0.000000 0.000000 0.000000 177.870694 0.000000 72.852095 0.000000 0.000000 0.000000 172.474513 0.000000 73.999529 0.000000 0.000000 0.000000 170.244561 0.000000 72.995955 0.000000 0.000000 0.000000 166.988925 0.000000 74.624791 0.000000 0.000000 0.000000 161.601764 0.000000 76.740655 0.000000 0.000000 0.000000 162.737455 0.000000 75.337127 0.000000 0.000000 0.000000 164.842929 0.000000 75.151249 0.000000 0.000000 0.000000 163.168902 
usability
0.586397 0.700368 0.919118 1.000000 0.661765 0.000000 
status
rejected
valid
valid
valid
rejected
rejected
highThr
83.000000 76.000000 68.000000 66.000000 83.000000 NaN 
lowThr
22.000000 52.000000 22.000000 35.000000 49.000000 0.000000 
prevThr
25.000000 25.000000 25.000000 25.000000 25.000000 25.000000 
highThrDef
83.000000 76.000000 68.000000 66.000000 83.000000 NaN 
lowThrDef
22.000000 52.000000 22.000000 35.000000 49.000000 0.000000 
prevThrDef
25.000000 25.000000 25.000000 25.000000 25.000000 25.000000 
manualSeparators






separators
1  190  191  317  318  320  325  326  331  332  338  339  341  342  355  356  358  359  361  372  387  389  393  394  406  407  408  409  413  414  415  418  419  422  423  424  440  441  444  445  457  458  482  483  484  486  487  493  495  502  505  512  545
1  320  325  326  331  332  338  339  341  342  355  356  358  359  361  372  379  382  387  389  393  394  405  406  407  420  422  428  431  440  481  482  483  484  486  493  495  502  503  505  506  507  510  512  545
1    2    3    7   21   22  216  217  218  223  224  259  260  261  262  263  264  265  266  271  272  410  413  414  545
1  180  181  451  452  545
1  101  114  115  142  143  144  159  160  161  164  169  170  176  178  199  374  381  382  409  412  413  414  415  418  420  421  422  423  424  441  442  444  445  451  452  454  455  459  460  461  463  465  466  468  469  470  472  473  474  475  476  481  482  483  486  489  490  491  492  493  494  495  497  502  506  512  513  523  524  532  533  534  545
1  545
