fields 34
worms 3
Wave_Initiation_Rate_Median
67.137888 99.346006 117.358600 
Wave_Initiation_Rate_Range
67.610359 92.227053 92.177100 
Body_Wave_Number_Median
0.519445 0.651995 0.525392 
Body_Wave_Number_Range
0.524115 1.117019 0.485294 
Asymmetry_Median
0.044043 -0.033060 0.034253 
Asymmetry_Range
0.175080 0.022289 0.136988 
Reverse_Swimming
0.873181 0.000000 2.870285 
Curling
3.565574 0.000000 3.536122 
Stretch_Median
0.460911 0.366397 0.428481 
Stretch_Range
0.158824 0.111177 0.272947 
Attenuation_Median
65.459451 68.223942 56.060026 
Attenuation_Range
27.267429 24.931317 46.810622 
Traveling_Speed_Mean
5.439766 6.765358 8.925315 
Brush_Stroke_Median
0.224049 0.236949 0.259213 
Brush_Stroke_Range
0.137021 0.087192 0.301397 
Activity_Index_Median
172.487377 217.748391 362.618531 
Activity_Index_Range
247.494677 232.328611 666.821261 
Wave_Initiation_Rate_10
35.972893 9.494769 28.690047 
Body_Wave_Number_10
0.268163 0.522389 0.144815 
Asymmetry_10
-0.024472 -0.042940 0.000769 
Stretch_10
0.387523 0.320883 0.338409 
Attenuation_10
49.101541 53.759335 24.334017 
Brush_Stroke_10
0.148660 0.204133 0.210448 
Activity_Index_10
87.093915 25.648451 122.722263 
usability
0.897059 0.974265 0.966912 
status
valid
valid
valid
highThr
70.000000 68.000000 74.000000 
lowThr
28.000000 49.000000 28.000000 
prevThr
25.000000 25.000000 10.000000 
highThrDef
70.000000 68.000000 74.000000 
lowThrDef
28.000000 49.000000 28.000000 
prevThrDef
25.000000 25.000000 25.000000 
manualSeparators



separators
1   13   16   24   25   32   33   35   39   42   45  121  122  149  150  210  212  227  228  229  230  271  274  313  314  328  329  362  363  398  399  432  433  475  476  477  478  485  486  512  520  523  541  542  545
1   32   33   58   59   73   74  152  153  266  267  353  354  355  356  392  393  422  423  460  461  479  480  482  483  519  520  537  538  545
1   76   77   78   79   80   83   85   86  199  200  205  206  229  231  232  234  235  236  238  239  240  241  293  294  358  359  467  468  545
