fields 34
worms 5
Wave_Initiation_Rate_Median
136.000790 34.164898 134.989023 107.339121 135.147522 
Wave_Initiation_Rate_Range
24.785530 69.166281 86.619294 79.487951 77.553657 
Body_Wave_Number_Median
0.607869 0.579826 0.506843 0.289468 0.528399 
Body_Wave_Number_Range
0.302952 1.076160 0.442656 0.210937 0.505231 
Asymmetry_Median
-0.001210 -0.003967 -0.000657 -0.019685 -0.003825 
Asymmetry_Range
0.043120 0.137106 0.036019 0.078135 0.051357 
Reverse_Swimming
0.000000 10.708372 3.808648 9.457755 9.218031 
Curling
0.000000 0.000000 0.000000 0.000000 0.000000 
Stretch_Median
0.319300 0.428304 0.313086 0.479168 0.323716 
Stretch_Range
0.140707 0.237056 0.157974 0.262559 0.189600 
Attenuation_Median
69.758914 66.829721 68.262981 59.211343 68.872892 
Attenuation_Range
17.439625 28.800894 27.087183 19.483929 39.008099 
Traveling_Speed_Mean
11.587987 3.462457 8.852385 7.995445 11.646506 
Brush_Stroke_Median
0.336958 0.185437 0.291334 0.059682 0.280864 
Brush_Stroke_Range
0.053829 0.078434 0.075099 0.038076 0.053728 
Activity_Index_Median
319.477197 84.726634 306.346232 329.547782 302.517917 
Activity_Index_Range
51.351204 187.586401 179.297883 378.870824 190.556318 
Wave_Initiation_Rate_10
113.961714 9.480457 49.208056 41.651195 73.615517 
Body_Wave_Number_10
0.395183 0.320528 0.179005 0.166316 0.227505 
Asymmetry_10
-0.034744 -0.075186 -0.017140 -0.073941 -0.035228 
Stretch_10
0.272600 0.331056 0.279899 0.371717 0.263730 
Attenuation_10
59.600270 51.107310 48.587499 51.976277 38.571910 
Brush_Stroke_10
0.313314 0.128530 0.268523 0.048833 0.259746 
Activity_Index_10
292.022947 16.396989 191.582335 140.073087 139.805815 
usability
0.994485 0.996324 0.988971 0.862132 0.987132 
status
valid
valid
valid
valid
valid
highThr
54.000000 55.000000 51.000000 51.000000 51.000000 
lowThr
41.000000 34.000000 38.000000 26.000000 36.000000 
prevThr
25.000000 25.000000 25.000000 25.000000 25.000000 
highThrDef
54.000000 55.000000 51.000000 51.000000 51.000000 
lowThrDef
41.000000 34.000000 38.000000 26.000000 36.000000 
prevThrDef
25.000000 25.000000 25.000000 25.000000 25.000000 
manualSeparators





separators
1   14   15  321  322  422  423  545
1   26   27  449  450  545
1   13   15   53   54  132  133  240  241  521  522  545
1   38   39   70   71  239  240  269  273  281  282  423  424  430  461  462  469  481  482  498  499  501  502  505  506  514  515  521  522  523  524  533  534  545
1  113  114  120  121  127  129  134  136  404  405  545
