fields 34
worms 6
Wave_Initiation_Rate_Median
66.945181 55.091528 NaN 8.028840 NaN NaN 
Wave_Initiation_Rate_Range
60.358649 51.170652 NaN 4.907895 NaN NaN 
Body_Wave_Number_Median
0.656974 0.571802 NaN 1.778725 NaN NaN 
Body_Wave_Number_Range
1.195916 0.372759 NaN 0.319530 NaN NaN 
Asymmetry_Median
0.004671 0.008133 NaN -0.030748 NaN NaN 
Asymmetry_Range
0.128081 0.196441 NaN 0.061780 NaN NaN 
Reverse_Swimming
4.967801 8.390064 NaN 0.000000 NaN NaN 
Curling
0.441176 5.082873 NaN 0.000000 NaN NaN 
Stretch_Median
0.496247 0.640652 NaN 0.535307 NaN NaN 
Stretch_Range
0.249673 0.253661 NaN 0.134991 NaN NaN 
Attenuation_Median
55.578612 51.921839 NaN 42.030458 NaN NaN 
Attenuation_Range
31.537191 29.661776 NaN 43.685969 NaN NaN 
Traveling_Speed_Mean
5.463979 5.600282 NaN 0.854899 NaN NaN 
Brush_Stroke_Median
0.090226 0.167970 NaN 0.038737 NaN NaN 
Brush_Stroke_Range
0.052181 0.070230 NaN 0.007522 NaN NaN 
Activity_Index_Median
201.827428 170.780817 NaN 15.747379 NaN NaN 
Activity_Index_Range
246.402994 183.863381 NaN 12.494211 NaN NaN 
Wave_Initiation_Rate_10
8.208435 15.522363 NaN 6.568023 NaN NaN 
Body_Wave_Number_10
0.510488 0.426546 NaN 1.631117 NaN NaN 
Asymmetry_10
-0.047240 -0.103554 NaN -0.071954 NaN NaN 
Stretch_10
0.414549 0.543421 NaN 0.464678 NaN NaN 
Attenuation_10
44.055208 34.316471 NaN 23.847440 NaN NaN 
Brush_Stroke_10
0.067483 0.122950 NaN 0.034959 NaN NaN 
Activity_Index_10
19.289333 30.883470 NaN 11.797789 NaN NaN 
usability
1.000000 0.998162 0.865809 1.000000 0.542279 0.007353 
status
valid
valid
rejected
valid
rejected
rejected
highThr
57.000000 57.000000 49.000000 48.000000 64.000000 61.000000 
lowThr
39.000000 40.000000 28.000000 35.000000 12.000000 6.000000 
prevThr
25.000000 25.000000 25.000000 25.000000 25.000000 25.000000 
highThrDef
57.000000 57.000000 49.000000 48.000000 64.000000 61.000000 
lowThrDef
39.000000 40.000000 28.000000 35.000000 12.000000 6.000000 
prevThrDef
25.000000 25.000000 25.000000 25.000000 25.000000 25.000000 
manualSeparators


63   64   62  243  244  281  282

321  322

separators
1    3    4    5    8   40   41   43   44  141  142  545
1  354  355  482  483  521  522  529  530  545
1    2    4   12   13   61   62   63   64   65   66   67   70   73   74   82   84  102  104  124  126  141  143  162  164  172  173  182  184  202  204  242  243  244  245  246  247  249  250  263  264  267  268  281  282  283  287  302  304  322  323  342  344  362  364  402  403  421  423  442  444  462  464  482  484  499  502  504  509  510  521  523  524  526  541  543  545
1  103  104  105  106  443  444  545
1   12   13   27   41   42   81   82  184  186  187  198  199  204  205  207  208  212  213  223  224  227  228  242  243  244  245  247  248  253  254  261  262  274  275  276  304  308  309  310  321  322  463  470  478  479  480  481  490  493  521  522  541  542  545
1  221  222  223  231  233  236  242  244  247  249  263  267  274  275  276  545
