fields 34
worms 4
Wave_Initiation_Rate_Median
101.485846 115.158654 NaN 54.798711 
Wave_Initiation_Rate_Range
7.130331 109.402548 NaN 56.774731 
Body_Wave_Number_Median
0.559944 0.525205 NaN 0.389090 
Body_Wave_Number_Range
0.225637 1.041013 NaN 0.636260 
Asymmetry_Median
0.002889 0.011947 NaN -0.048857 
Asymmetry_Range
0.033367 0.158570 NaN 0.261339 
Reverse_Swimming
0.000000 0.000000 NaN 2.925483 
Curling
0.000000 2.574627 NaN 8.843284 
Stretch_Median
0.356907 0.328377 NaN 0.563935 
Stretch_Range
0.087144 0.351188 NaN 0.318310 
Attenuation_Median
60.830741 66.914745 NaN 50.699632 
Attenuation_Range
18.484005 15.859046 NaN 31.135968 
Traveling_Speed_Mean
3.582504 11.256946 NaN 5.868502 
Brush_Stroke_Median
0.306168 0.239774 NaN 0.149165 
Brush_Stroke_Range
0.106977 0.123782 NaN 0.082229 
Activity_Index_Median
310.766468 273.760529 NaN 188.140872 
Activity_Index_Range
135.882877 295.584899 NaN 234.140646 
Wave_Initiation_Rate_10
97.589908 10.836425 NaN 12.527011 
Body_Wave_Number_10
0.391779 0.323798 NaN 0.111952 
Asymmetry_10
-0.014290 -0.128181 NaN -0.174560 
Stretch_10
0.324212 0.270615 NaN 0.388883 
Attenuation_10
51.729664 58.319247 NaN 36.620315 
Brush_Stroke_10
0.277374 0.162962 NaN 0.117734 
Activity_Index_10
281.852835 17.621111 NaN 34.087512 
usability
0.810662 0.985294 0.000000 0.985294 
status
valid
valid
rejected
valid
highThr
74.000000 57.000000 59.000000 57.000000 
lowThr
20.000000 37.000000 26.000000 40.000000 
prevThr
10.000000 25.000000 25.000000 25.000000 
highThrDef
74.000000 57.000000 59.000000 57.000000 
lowThrDef
10.000000 37.000000 26.000000 40.000000 
prevThrDef
25.000000 25.000000 25.000000 25.000000 
manualSeparators




separators
1    2    3    5   14   15   17   18   25   26   27   36   37   41  126  127  202  203  227  241  242  301  302  303  304  305  306  307  308  309  310  313  314  316  318  319  322  323  325  341  342  526  528  529  537  538  539  545
1   69   70  114  115  116  117  151  152  153  288  289  371  372  477  478  545
1  102  201  202  261  262  315  316  317  319  322  323  361  362  501  502  513  514  523  524  545
1  143  144  196  197  211  212  234  235  283  284  333  334  427  428  447  448  545
