fields 34
worms 6
Wave_Initiation_Rate_Median
101.118132 48.782505 59.906283 33.105766 68.656011 NaN 
Wave_Initiation_Rate_Range
64.947986 46.851364 44.474592 32.644542 71.632398 NaN 
Body_Wave_Number_Median
0.484466 0.718133 0.565166 0.351857 0.554250 NaN 
Body_Wave_Number_Range
0.281512 0.601718 0.632015 0.685391 1.011708 NaN 
Asymmetry_Median
0.011033 0.017274 0.009103 0.008605 0.001972 NaN 
Asymmetry_Range
0.057239 0.072655 0.110253 0.156283 0.099357 NaN 
Reverse_Swimming
0.000000 0.000000 5.850966 6.930481 7.336788 NaN 
Curling
0.000000 0.887246 0.000000 3.157895 0.000000 NaN 
Stretch_Median
0.373390 0.466457 0.394906 0.581157 0.414745 NaN 
Stretch_Range
0.199595 0.157685 0.267507 0.182868 0.229440 NaN 
Attenuation_Median
71.940682 63.405614 69.338388 52.039015 69.197542 NaN 
Attenuation_Range
15.893911 36.453028 25.626740 58.551402 29.868721 NaN 
Traveling_Speed_Mean
8.289126 4.713359 5.270868 4.453117 7.754131 NaN 
Brush_Stroke_Median
0.272785 0.163886 0.136270 0.313954 0.208625 NaN 
Brush_Stroke_Range
0.083682 0.065711 0.044276 0.227033 0.209958 NaN 
Activity_Index_Median
281.771790 125.601664 154.361333 125.088548 286.519104 NaN 
Activity_Index_Range
186.415882 151.924502 135.564016 119.374211 372.294159 NaN 
Wave_Initiation_Rate_10
54.062603 20.079831 23.368311 20.877791 30.391585 NaN 
Body_Wave_Number_10
0.354540 0.391513 0.402746 0.071883 0.109662 NaN 
Asymmetry_10
-0.004331 -0.006493 -0.066137 -0.099620 -0.054720 NaN 
Stretch_10
0.280734 0.404153 0.348640 0.476833 0.341391 NaN 
Attenuation_10
65.051132 37.117050 53.492631 14.321717 53.499906 NaN 
Brush_Stroke_10
0.225754 0.133851 0.117745 0.174509 0.113000 NaN 
Activity_Index_10
148.457063 58.152505 58.214869 60.619363 56.066271 NaN 
usability
0.996324 0.994485 1.000000 0.908088 0.856618 0.000000 
status
valid
valid
valid
valid
valid
rejected
highThr
60.000000 67.000000 63.000000 59.000000 66.000000 NaN 
lowThr
47.000000 33.000000 43.000000 35.000000 30.000000 0.000000 
prevThr
25.000000 25.000000 25.000000 25.000000 25.000000 25.000000 
highThrDef
60.000000 67.000000 63.000000 59.000000 66.000000 NaN 
lowThrDef
47.000000 33.000000 43.000000 35.000000 30.000000 0.000000 
prevThrDef
25.000000 25.000000 25.000000 25.000000 25.000000 25.000000 
manualSeparators






separators
1   10   11  402  403  545
1  233  234  477  478  539  540  545
1  545
1   15   16   43   45   82   83   89   91  102  103  107  108  109  111  174  176  252  253  333  334  450  451  487  521  522  545
1   61   62  145  146  234  235  236  294  296  340  341  383  384  385  391  392  473  475  545
1  545
