fields 34
worms 5
Wave_Initiation_Rate_Median
152.451009 NaN 144.877232 169.987205 NaN 
Wave_Initiation_Rate_Range
77.722658 NaN 110.576652 80.390833 NaN 
Body_Wave_Number_Median
0.552992 NaN 0.423877 0.573162 NaN 
Body_Wave_Number_Range
0.388538 NaN 0.414256 0.419111 NaN 
Asymmetry_Median
-0.005081 NaN 0.014786 0.002154 NaN 
Asymmetry_Range
0.064263 NaN 0.096777 0.034103 NaN 
Reverse_Swimming
0.000000 NaN 0.348331 3.217478 NaN 
Curling
0.465116 NaN 3.393665 1.451613 NaN 
Stretch_Median
0.330121 NaN 0.378094 0.322694 NaN 
Stretch_Range
0.232532 NaN 0.244914 0.208539 NaN 
Attenuation_Median
66.325172 NaN 60.846059 68.855389 NaN 
Attenuation_Range
27.731943 NaN 24.836382 27.093497 NaN 
Traveling_Speed_Mean
14.402633 NaN 6.719197 13.500911 NaN 
Brush_Stroke_Median
0.388464 NaN 0.066626 0.384553 NaN 
Brush_Stroke_Range
0.143293 NaN 0.074063 0.157363 NaN 
Activity_Index_Median
343.986772 NaN 433.030398 394.054763 NaN 
Activity_Index_Range
208.486679 NaN 804.065202 250.951034 NaN 
Wave_Initiation_Rate_10
90.914277 NaN 58.778572 106.617823 NaN 
Body_Wave_Number_10
0.327138 NaN 0.147527 0.309221 NaN 
Asymmetry_10
-0.056195 NaN -0.005139 -0.010719 NaN 
Stretch_10
0.228228 NaN 0.311692 0.257214 NaN 
Attenuation_10
49.762382 NaN 48.124405 52.289814 NaN 
Brush_Stroke_10
0.304080 NaN 0.045533 0.358037 NaN 
Activity_Index_10
224.615823 NaN 128.388512 357.972840 NaN 
usability
0.948529 0.727941 0.812500 0.911765 0.167279 
status
valid
rejected
valid
valid
rejected
highThr
53.000000 50.000000 48.000000 59.000000 56.000000 
lowThr
23.000000 10.000000 16.000000 26.000000 9.000000 
prevThr
25.000000 10.000000 10.000000 10.000000 25.000000 
highThrDef
53.000000 50.000000 48.000000 59.000000 56.000000 
lowThrDef
23.000000 10.000000 16.000000 26.000000 9.000000 
prevThrDef
25.000000 25.000000 25.000000 25.000000 25.000000 
manualSeparators
66

452


separators
1   41   43   49   50   66   71   72  106  107  141  142  155  156  176  177  184  185  231  232  243  244  346  347  367  368  372  373  374  375  449  455  456  457  545
1   28   29   35   36   46   47   81   82   83   84  121  122  128  141  142  143  144  161  162  163  186  187  222  241  242  267  268  272  273  286  301  302  317  318  338  339  340  344  345  358  359  365  366  405  406  413  414  427  428  477  478  490  491  492  493  504  505  506  507  508  509  516  517  526  545
1   12   13   28   32   41   42   44   45   50   51   60   61   62   67   81   82   87   88  111  112  119  120  121  131  133  134  159  160  181  182  188  189  230  231  235  241  242  297  298  299  300  308  341  342  361  362  410  411  452  458  459  464  465  545
1   41  142  143  229  230  231  517  518  519  520  521  525  526  537  538  545
1  201  202  204  205  210  211  223  224  260  301  302  304  306  307  308  310  311  313  341  342  354  355  363  364  372  401  402  404  521  522  525  545
