fields 34
worms 5
Wave_Initiation_Rate_Median
67.933393 67.107108 68.784718 67.742351 68.110525 
Wave_Initiation_Rate_Range
4.808156 1.088272 16.073728 18.580724 6.724158 
Body_Wave_Number_Median
0.736248 0.608127 0.604871 0.665367 0.686139 
Body_Wave_Number_Range
0.338867 0.305888 0.356806 0.422390 0.279791 
Asymmetry_Median
-0.007009 0.017093 -0.013026 -0.025701 0.017883 
Asymmetry_Range
0.031972 0.043682 0.057163 0.083803 0.057442 
Reverse_Swimming
0.000000 0.000000 4.967801 0.000000 0.000000 
Curling
0.000000 0.000000 0.000000 1.730769 0.000000 
Stretch_Median
0.380746 0.433566 0.381292 0.451232 0.433175 
Stretch_Range
0.115311 0.125795 0.165930 0.121179 0.112496 
Attenuation_Median
65.150209 69.751288 52.237056 67.704309 60.919833 
Attenuation_Range
13.351282 18.706861 26.367104 24.283380 18.423122 
Traveling_Speed_Mean
7.787501 4.880406 10.179686 9.741619 8.130390 
Brush_Stroke_Median
0.143396 0.170405 0.196316 0.090551 0.193305 
Brush_Stroke_Range
0.033414 0.044259 0.061056 0.053013 0.034766 
Activity_Index_Median
183.065180 182.013424 212.519742 291.003605 184.767729 
Activity_Index_Range
40.976954 47.208647 80.305405 190.920133 38.725024 
Wave_Initiation_Rate_10
63.615034 66.632702 66.926272 51.081420 63.070395 
Body_Wave_Number_10
0.535981 0.448638 0.351096 0.354744 0.560019 
Asymmetry_10
-0.017505 -0.004216 -0.042741 -0.086870 -0.002712 
Stretch_10
0.340800 0.394089 0.333736 0.418796 0.382734 
Attenuation_10
57.786066 60.019887 33.755758 56.602195 54.322068 
Brush_Stroke_10
0.128737 0.152121 0.172075 0.052634 0.179880 
Activity_Index_10
164.026695 163.044925 175.607101 165.937475 167.595309 
usability
1.000000 0.987132 0.988971 0.955882 1.000000 
status
valid
valid
valid
valid
valid
highThr
64.000000 69.000000 62.000000 60.000000 65.000000 
lowThr
43.000000 48.000000 42.000000 41.000000 46.000000 
prevThr
25.000000 25.000000 25.000000 25.000000 25.000000 
highThrDef
64.000000 69.000000 61.000000 60.000000 63.000000 
lowThrDef
43.000000 48.000000 42.000000 41.000000 46.000000 
prevThrDef
25.000000 25.000000 25.000000 25.000000 25.000000 
manualSeparators

389  390
499  500


separators
1  545
1   30   31  383  389  390  504  505  545
1  310  311  312  313  499  500  501  508  510  520  521  537  538  545
1   80   81   82  101  150  151  153  154  371  372  511  512  525  527  545
1  414  415  511  512  525  527  545
