fields 34
worms 5
Wave_Initiation_Rate_Median
91.739033 39.369672 32.968545 84.005610 100.482351 
Wave_Initiation_Rate_Range
84.649310 59.642598 30.022944 90.047405 89.832365 
Body_Wave_Number_Median
0.531322 0.777714 0.944550 0.480295 0.815617 
Body_Wave_Number_Range
0.655811 0.838047 0.915199 0.440620 0.446704 
Asymmetry_Median
-0.014593 0.035529 0.010028 -0.008467 -0.002395 
Asymmetry_Range
0.113680 0.109415 0.209243 0.114180 0.146024 
Reverse_Swimming
0.000000 0.000000 5.519779 4.029439 0.000000 
Curling
1.417323 0.948617 4.365672 1.345794 0.445269 
Stretch_Median
0.579431 0.731440 0.723570 0.466053 0.534181 
Stretch_Range
0.467739 0.235073 0.305859 0.367652 0.526625 
Attenuation_Median
73.873717 71.636209 72.889363 67.175250 71.806208 
Attenuation_Range
15.613708 24.826868 22.566582 27.383928 15.972639 
Traveling_Speed_Mean
7.555135 3.535997 2.999944 11.454151 7.517859 
Brush_Stroke_Median
0.444047 0.051183 0.074805 0.279140 0.293921 
Brush_Stroke_Range
0.293869 0.055634 0.045845 0.154382 0.130767 
Activity_Index_Median
299.224370 122.551557 128.249738 343.277879 266.304190 
Activity_Index_Range
341.834665 312.382146 126.892628 304.588329 283.584987 
Wave_Initiation_Rate_10
33.509044 12.183940 16.476112 34.449205 33.701652 
Body_Wave_Number_10
0.136944 0.575275 0.367755 0.218392 0.536793 
Asymmetry_10
-0.078573 -0.021083 -0.128951 -0.076613 -0.054824 
Stretch_10
0.333072 0.594316 0.504160 0.326540 0.317875 
Attenuation_10
67.768400 62.208395 55.822571 51.515848 65.250396 
Brush_Stroke_10
0.266715 0.040144 0.056140 0.206598 0.237432 
Activity_Index_10
160.917876 24.461937 76.335255 169.026276 107.326455 
usability
0.933824 0.930147 0.985294 0.983456 0.990809 
status
valid
valid
valid
valid
valid
highThr
69.000000 65.000000 72.000000 77.000000 64.000000 
lowThr
42.000000 44.000000 49.000000 41.000000 45.000000 
prevThr
25.000000 25.000000 25.000000 10.000000 25.000000 
highThrDef
69.000000 65.000000 72.000000 77.000000 64.000000 
lowThrDef
42.000000 44.000000 49.000000 41.000000 45.000000 
prevThrDef
25.000000 25.000000 25.000000 25.000000 25.000000 
manualSeparators
445
474



separators
1   14   15   37   38   49   61   62  328  329  445  458  459  539  541  542  545
1   32   33   85   86  263  267  273  274  334  335  474  503  504  545
1   26   27   51   54   74   75  120  121  122  123  198  199  545
1   13   14   66   69   88   89  377  378  379  454  455  493  494  545
1   72   73  396  397  493  494  503  505  545
