fields 34
worms 7
Wave_Initiation_Rate_Median
96.674176 NaN 89.487988 97.657791 NaN 101.518220 NaN 
Wave_Initiation_Rate_Range
64.777652 NaN 42.382200 35.792931 NaN 35.224574 NaN 
Body_Wave_Number_Median
0.396092 NaN 0.449771 0.504948 NaN 0.368753 NaN 
Body_Wave_Number_Range
0.238130 NaN 0.258641 0.269209 NaN 0.401535 NaN 
Asymmetry_Median
0.012796 NaN -0.009197 0.013569 NaN -0.013889 NaN 
Asymmetry_Range
0.090171 NaN 0.084582 0.063898 NaN 0.042749 NaN 
Reverse_Swimming
2.673575 NaN 0.000000 0.000000 NaN 0.000000 NaN 
Curling
0.708661 NaN 0.112360 0.000000 NaN 0.000000 NaN 
Stretch_Median
0.361265 NaN 0.382057 0.385681 NaN 0.351561 NaN 
Stretch_Range
0.159274 NaN 0.158272 0.140192 NaN 0.132668 NaN 
Attenuation_Median
52.335967 NaN 58.248363 54.540252 NaN 63.076877 NaN 
Attenuation_Range
27.509245 NaN 19.728491 21.286074 NaN 25.344880 NaN 
Traveling_Speed_Mean
9.540098 NaN 9.398997 9.800755 NaN 6.932092 NaN 
Brush_Stroke_Median
0.230196 NaN 0.273885 0.272872 NaN 0.242994 NaN 
Brush_Stroke_Range
0.307779 NaN 0.051697 0.049215 NaN 0.056762 NaN 
Activity_Index_Median
270.139723 NaN 250.253717 263.874471 NaN 240.497581 NaN 
Activity_Index_Range
547.017610 NaN 120.330591 140.170603 NaN 116.978114 NaN 
Wave_Initiation_Rate_10
47.310710 NaN 60.751758 66.361987 NaN 67.563074 NaN 
Body_Wave_Number_10
0.259636 NaN 0.343644 0.367692 NaN 0.167501 NaN 
Asymmetry_10
-0.009163 NaN -0.063088 -0.029640 NaN -0.036858 NaN 
Stretch_10
0.315356 NaN 0.322698 0.339461 NaN 0.291143 NaN 
Attenuation_10
35.740845 NaN 48.427713 43.879434 NaN 48.132772 NaN 
Brush_Stroke_10
0.196591 NaN 0.246455 0.247112 NaN 0.214278 NaN 
Activity_Index_10
123.117933 NaN 168.898368 156.947242 NaN 149.766072 NaN 
usability
0.933824 0.931985 0.981618 0.983456 0.659926 0.908088 0.097426 
status
valid
rejected
valid
valid
rejected
valid
rejected
highThr
49.000000 123.000000 48.000000 52.000000 51.000000 48.000000 94.000000 
lowThr
21.000000 34.000000 22.000000 20.000000 8.000000 25.000000 43.000000 
prevThr
25.000000 25.000000 25.000000 25.000000 25.000000 25.000000 25.000000 
highThrDef
49.000000 123.000000 48.000000 52.000000 51.000000 48.000000 94.000000 
lowThrDef
21.000000 34.000000 22.000000 20.000000 8.000000 25.000000 43.000000 
prevThrDef
25.000000 25.000000 25.000000 25.000000 25.000000 25.000000 25.000000 
manualSeparators







separators
1   41   42   61   62  196  197  216  217  311  312  313  314  315  316  318  319  326  327  328  329  330  331  494  495  502  503  545
1  428  429  430  431  432  444  445  446  451  452  461  462  469  470  471  472  473  474  475  477  480  481  485  486  489  490  491  492  493  495  496  497  499  501  503  504  505  506  507  508  512  517  523  524  528  529  531  532  544  545
1  176  181  182  230  231  232  233  488  490  545
1   64   66  382  383  384  385  425  427  428  520  521  545
1   35  101  102  142  143  155  156  162  163  166  167  172  173  179  221  222  241  242  255  256  265  266  297  298  318  319  389  390  401  402  484  486  487  488  490  494  495  501  503  504  505  509  520  521  524  541  543  545
1   22   23   42   43  168  169  233  234  484  486  488  490  501  505  509  516  517  518  524  541  543  545
1  481  482  489  490  491  493  495  496  503  504  512  517  545
