fields 34
worms 5
Wave_Initiation_Rate_Median
54.000791 82.494359 103.395252 50.416359 NaN 
Wave_Initiation_Rate_Range
85.200562 75.955052 51.109561 44.897483 NaN 
Body_Wave_Number_Median
0.355196 0.595778 0.592014 0.411663 NaN 
Body_Wave_Number_Range
0.490083 0.421400 0.348178 0.662244 NaN 
Asymmetry_Median
0.001759 -0.000374 -0.003918 0.010447 NaN 
Asymmetry_Range
0.143542 0.034598 0.051795 0.067685 NaN 
Reverse_Swimming
6.016559 0.000000 0.000000 0.960000 NaN 
Curling
0.000000 0.000000 1.252900 0.000000 NaN 
Stretch_Median
0.405235 0.301170 0.423830 0.479837 NaN 
Stretch_Range
0.375735 0.271272 0.201740 0.452267 NaN 
Attenuation_Median
68.964150 65.381653 57.029510 64.541535 NaN 
Attenuation_Range
40.182146 20.831028 30.359521 21.192166 NaN 
Traveling_Speed_Mean
9.024884 10.880391 11.295654 6.009966 NaN 
Brush_Stroke_Median
0.263848 0.310608 0.409540 0.120545 NaN 
Brush_Stroke_Range
0.089979 0.063397 0.513148 0.031222 NaN 
Activity_Index_Median
123.654084 224.896573 412.563009 134.862200 NaN 
Activity_Index_Range
179.579220 221.557675 556.111316 117.621848 NaN 
Wave_Initiation_Rate_10
22.318137 39.695886 66.791100 22.123953 NaN 
Body_Wave_Number_10
0.149942 0.288988 0.480385 0.148794 NaN 
Asymmetry_10
-0.062465 -0.017304 -0.035953 -0.000498 NaN 
Stretch_10
0.271781 0.254637 0.360497 0.305138 NaN 
Attenuation_10
40.407439 54.744525 38.121461 53.483960 NaN 
Brush_Stroke_10
0.220510 0.279612 0.308307 0.106864 NaN 
Activity_Index_10
45.589696 105.268421 279.152860 56.690828 NaN 
usability
1.000000 0.961397 0.792279 0.902574 
status
valid
valid
valid
valid
rejected
highThr
73.000000 75.000000 71.000000 85.000000 NaN 
lowThr
42.000000 45.000000 25.000000 35.000000 0.000000 
prevThr
10.000000 25.000000 5.000000 25.000000 25.000000 
highThrDef
73.000000 75.000000 71.000000 85.000000 NaN 
lowThrDef
48.000000 45.000000 25.000000 35.000000 0.000000 
prevThrDef
25.000000 25.000000 25.000000 25.000000 25.000000 
manualSeparators


110  115
423

separators
1  545
1  441  461  462  545
1  110  115  126  127  134  135  137  138  139  145  146  257  258  353  354  357  358  359  365  441  442  446  447  448  466  467  475  476  545
1  169  179  180  181  422  423  424  428  434  444  454  466  470  476  477  482  492  497  509  519  520  527  535  541  542  543  545
1  545
