fields 34
worms 5
Wave_Initiation_Rate_Median
54.274392 65.748735 68.818223 52.303593 49.536712 
Wave_Initiation_Rate_Range
47.551145 33.608994 46.368785 27.388685 26.040027 
Body_Wave_Number_Median
0.696880 0.703271 0.753929 0.915778 0.967681 
Body_Wave_Number_Range
0.562313 0.224060 0.628569 0.415377 0.610221 
Asymmetry_Median
0.020140 0.005464 -0.012032 0.010659 0.000191 
Asymmetry_Range
0.093960 0.097116 0.071667 0.053675 0.038019 
Reverse_Swimming
0.000000 0.000000 7.120515 0.000000 0.000000 
Curling
0.000000 0.000000 1.672862 0.000000 0.000000 
Stretch_Median
0.480837 0.369902 0.430346 0.426016 0.417146 
Stretch_Range
0.322828 0.207775 0.273034 0.258020 0.188748 
Attenuation_Median
66.885293 62.530724 56.855402 63.937594 53.465994 
Attenuation_Range
15.372985 24.273358 23.730418 18.473828 23.815559 
Traveling_Speed_Mean
5.320660 5.259002 8.899125 5.800950 5.299678 
Brush_Stroke_Median
0.131137 0.103146 0.204960 0.111784 0.107498 
Brush_Stroke_Range
0.039449 0.022310 0.061455 0.036158 0.032541 
Activity_Index_Median
136.580432 205.026947 183.662687 151.603816 122.223821 
Activity_Index_Range
148.549554 132.970508 123.872195 106.291639 83.090426 
Wave_Initiation_Rate_10
19.509377 32.936285 33.862232 36.690143 34.051818 
Body_Wave_Number_10
0.492810 0.596772 0.314714 0.773043 0.728973 
Asymmetry_10
-0.012558 -0.044171 -0.056445 -0.007018 -0.015037 
Stretch_10
0.346225 0.321565 0.348603 0.316371 0.294694 
Attenuation_10
58.077114 49.332377 42.545026 51.742136 39.966967 
Brush_Stroke_10
0.113492 0.091039 0.173292 0.088542 0.093338 
Activity_Index_10
51.738889 97.380110 104.813148 85.596708 80.854736 
usability
1.000000 1.000000 0.988971 1.000000 1.000000 
status
valid
valid
valid
valid
valid
highThr
73.000000 74.000000 68.000000 80.000000 77.000000 
lowThr
47.000000 51.000000 42.000000 51.000000 54.000000 
prevThr
25.000000 25.000000 25.000000 25.000000 25.000000 
highThrDef
73.000000 74.000000 68.000000 80.000000 77.000000 
lowThrDef
47.000000 51.000000 42.000000 51.000000 54.000000 
prevThrDef
25.000000 25.000000 25.000000 25.000000 25.000000 
manualSeparators





separators
1   12   14  131  136  545
1   99  101  329  331  545
1  124  125  310  311  364  365  511  514  519  521  522  545
1   23   24  233  238  545
1  276  278  385  387  458  459  545
