fields 34
worms 6
Wave_Initiation_Rate_Median
82.689055 68.283997 55.529789 53.840389 49.333532 NaN 
Wave_Initiation_Rate_Range
64.338414 52.785898 42.637912 35.888349 57.933242 NaN 
Body_Wave_Number_Median
0.699861 0.600059 0.447091 0.638948 0.721479 NaN 
Body_Wave_Number_Range
0.678412 0.641194 0.620961 0.760868 1.478019 NaN 
Asymmetry_Median
-0.026259 -0.028521 0.004445 0.000491 -0.020242 NaN 
Asymmetry_Range
0.145800 0.157983 0.186152 0.111457 0.167565 NaN 
Reverse_Swimming
0.000000 6.930281 14.517019 3.803487 10.033223 NaN 
Curling
0.146699 3.837209 2.883549 3.197970 0.515021 NaN 
Stretch_Median
0.453427 0.466325 0.531198 0.488153 0.461529 NaN 
Stretch_Range
0.317321 0.434946 0.399079 0.363472 0.405395 NaN 
Attenuation_Median
59.968199 63.560238 52.349256 60.857527 61.997541 NaN 
Attenuation_Range
17.065359 68.127980 50.854581 41.704264 38.205945 NaN 
Traveling_Speed_Mean
5.413388 7.200457 6.610331 2.644978 4.096786 NaN 
Brush_Stroke_Median
0.281423 0.199965 0.100089 0.149134 0.058824 NaN 
Brush_Stroke_Range
0.315035 0.160833 0.040219 0.077456 0.039693 NaN 
Activity_Index_Median
221.938459 216.660451 204.597111 182.369641 130.673235 NaN 
Activity_Index_Range
406.868368 197.004381 146.757594 143.539858 224.628438 NaN 
Wave_Initiation_Rate_10
37.180271 30.432137 29.773895 32.985259 9.263974 NaN 
Body_Wave_Number_10
0.208623 0.219407 0.108264 0.235108 0.212425 NaN 
Asymmetry_10
-0.044396 -0.070911 -0.047725 -0.080212 -0.132014 NaN 
Stretch_10
0.352200 0.385869 0.404218 0.364647 0.303087 NaN 
Attenuation_10
51.901898 4.925090 24.901520 31.776785 35.698419 NaN 
Brush_Stroke_10
0.167927 0.140420 0.086598 0.096460 0.031305 NaN 
Activity_Index_10
86.210747 131.489945 99.539125 78.474703 13.718745 NaN 
usability
0.751838 0.948529 0.994485 0.724265 0.856618 0.000000 
status
valid
valid
valid
valid
valid
rejected
highThr
76.000000 77.000000 71.000000 82.000000 81.000000 NaN 
lowThr
36.000000 48.000000 46.000000 34.000000 51.000000 0.000000 
prevThr
25.000000 25.000000 25.000000 25.000000 25.000000 25.000000 
highThrDef
76.000000 77.000000 71.000000 82.000000 81.000000 NaN 
lowThrDef
36.000000 48.000000 46.000000 34.000000 37.000000 0.000000 
prevThrDef
25.000000 25.000000 25.000000 25.000000 25.000000 25.000000 
manualSeparators
313  314
325  326
70



separators
1   34   41   43   44   52   63   64   65   66   89   90   91  104  105  106  107  123  124  151  311  313  314  334  335  344  353  354  355  364  365  366  372  373  381  387  389  468  469  504  507  517  523  545
1   68   71   74   77   79   82   89   92   93   94  101  211  212  297  298  299  300  324  325  326  545
1   70   72   73  160  161  162  165  255  256  317  319  377  379  457  459  545
1   34   41   43   44   52   63   64   65   66   69   70   76   77   80   81   90   91   92   98   99  100  101  112  113  121  124  125  131  132  137  138  151  311  313  334  335  348  353  354  356  364  365  366  372  373  381  387  389  445  446  447  481  482  484  485  504  507  517  523  545
1   41   42  221  222  223  232  240  248  307  309  325  332  352  354  375  377  379  380  385  389  390  393  397  398  402  403  414  415  427  438  474  477  491  492  510  511  528  531  545
1  545
