fields 34
worms 6
Wave_Initiation_Rate_Median
169.405769 88.694034 9.714739 163.017304 25.817306 NaN 
Wave_Initiation_Rate_Range
124.251830 125.819952 48.649686 78.123896 124.571842 NaN 
Body_Wave_Number_Median
0.513349 1.000334 1.717957 0.395782 0.939031 NaN 
Body_Wave_Number_Range
0.510569 0.963992 0.815273 0.588547 1.364954 NaN 
Asymmetry_Median
-0.004359 0.000845 -0.003318 -0.004217 0.001418 NaN 
Asymmetry_Range
0.055050 0.031494 0.013070 0.032322 0.058861 NaN 
Reverse_Swimming
2.152714 0.000000 0.624350 4.029439 0.151707 NaN 
Curling
0.335196 0.000000 0.000000 0.000000 0.252632 NaN 
Stretch_Median
0.317367 0.365225 0.339278 0.285828 0.472932 NaN 
Stretch_Range
0.258240 0.182063 0.092085 0.119797 0.364909 NaN 
Attenuation_Median
68.403965 76.348764 70.959870 75.363711 76.071702 NaN 
Attenuation_Range
32.006995 15.671494 10.702429 19.130344 49.066507 NaN 
Traveling_Speed_Mean
10.782918 4.946098 5.007656 22.893003 4.739169 NaN 
Brush_Stroke_Median
0.317820 0.353151 0.236456 0.424290 0.038021 NaN 
Brush_Stroke_Range
0.079367 0.255138 0.130481 0.149536 0.022001 NaN 
Activity_Index_Median
352.293455 275.991565 32.030457 448.443939 49.871574 NaN 
Activity_Index_Range
245.518902 413.853918 98.640742 185.166694 266.946063 NaN 
Wave_Initiation_Rate_10
47.196467 10.912458 7.201811 109.245798 10.970145 NaN 
Body_Wave_Number_10
0.128256 0.660550 1.066797 0.155435 0.318502 NaN 
Asymmetry_10
-0.035356 -0.019297 -0.012299 -0.017114 -0.021765 NaN 
Stretch_10
0.259844 0.266131 0.301589 0.226952 0.301028 NaN 
Attenuation_10
51.497369 68.830351 65.996605 64.240957 37.359840 NaN 
Brush_Stroke_10
0.273080 0.261099 0.157975 0.383799 0.027546 NaN 
Activity_Index_10
156.789419 28.208333 23.994869 322.190451 18.936154 NaN 
usability
0.987132 0.904412 0.935662 0.963235 0.873162 0.001838 
status
valid
valid
valid
valid
valid
rejected
highThr
55.000000 70.000000 56.000000 62.000000 65.000000 24.000000 
lowThr
34.000000 27.000000 24.000000 24.000000 9.000000 3.000000 
prevThr
10.000000 25.000000 25.000000 10.000000 25.000000 25.000000 
highThrDef
55.000000 70.000000 56.000000 62.000000 65.000000 24.000000 
lowThrDef
34.000000 27.000000 24.000000 24.000000 9.000000 3.000000 
prevThrDef
25.000000 25.000000 25.000000 25.000000 25.000000 25.000000 
manualSeparators






separators
1   44   46  115  116  159  160  163  164  174  175  270  271  545
1   82   83  147  148  193  194  195  221  222  224  235  252  253  324  325  382  383  404  405  454  455  489  490  496  497  531  532  545
1    9   10   16   17  102  103  117  118  131  132  193  194  195  205  206  209  210  215  216  220  221  222  223  224  241  242  287  288  293  294  482  483  545
1   16   21   64   65   66   69   70  109  110  129  130  140  141  142  241  242  243  244  246  247  261  262  333  334  545
1  262  301  302  382  385  386  392  393  408  489  490  500  501  535  536  545
1  241  242  243  244  246  381  382  408  545
