fields 34
worms 5
Wave_Initiation_Rate_Median
34.420781 20.279397 83.624373 34.738531 66.978456 
Wave_Initiation_Rate_Range
58.266255 56.536602 70.110868 26.194618 38.982752 
Body_Wave_Number_Median
1.156242 1.125522 0.590200 0.740637 0.692698 
Body_Wave_Number_Range
0.664291 0.904929 0.455404 0.462075 0.573083 
Asymmetry_Median
0.031385 0.035953 -0.008455 0.055201 -0.019349 
Asymmetry_Range
0.190593 0.187128 0.167904 0.172227 0.116268 
Reverse_Swimming
0.000000 0.000000 0.000000 0.000000 0.000000 
Curling
2.509960 1.935484 0.562852 0.229446 0.000000 
Stretch_Median
0.412185 0.483798 0.404592 0.641763 0.410643 
Stretch_Range
0.204624 0.255189 0.240684 0.167411 0.205001 
Attenuation_Median
70.404004 72.475655 66.765247 53.481876 61.039242 
Attenuation_Range
25.036418 42.203658 24.204192 16.985267 15.713322 
Traveling_Speed_Mean
5.158530 2.377447 8.954636 3.944585 6.563098 
Brush_Stroke_Median
0.069635 0.123351 0.183715 0.115336 0.198848 
Brush_Stroke_Range
0.066509 0.057014 0.052965 0.038532 0.083616 
Activity_Index_Median
119.283079 94.091428 211.345822 123.112495 187.616404 
Activity_Index_Range
282.902704 134.872528 127.095085 116.060732 124.455621 
Wave_Initiation_Rate_10
8.319217 9.810388 33.367393 24.912885 37.942556 
Body_Wave_Number_10
0.938495 0.594181 0.275780 0.518043 0.341431 
Asymmetry_10
-0.004466 0.005426 -0.068672 -0.046111 -0.115417 
Stretch_10
0.314750 0.408125 0.335831 0.561599 0.322564 
Attenuation_10
57.488798 39.776163 53.065263 46.598963 51.826437 
Brush_Stroke_10
0.052661 0.112348 0.160523 0.093825 0.150287 
Activity_Index_10
24.055573 25.065218 123.968939 84.034133 117.463775 
usability
0.922794 0.911765 0.979779 0.961397 0.961397 
status
valid
valid
valid
valid
valid
highThr
80.000000 62.000000 62.000000 65.000000 64.000000 
lowThr
25.000000 45.000000 42.000000 46.000000 43.000000 
prevThr
25.000000 25.000000 25.000000 25.000000 25.000000 
highThrDef
80.000000 62.000000 62.000000 65.000000 64.000000 
lowThrDef
21.000000 45.000000 42.000000 46.000000 43.000000 
prevThrDef
25.000000 25.000000 25.000000 25.000000 25.000000 
manualSeparators





separators
1   21   27   28   30   31   38   39   61   62  175  176  545
1   98   99  107  141  142  150  151  213  214  244  245  282  283  545
1  338  340  341  382  384  408  409  462  463  488  492  545
1  190  191  192  193  196  265  271  293  294  295  302  330  331  545
1  123  124  191  192  193  196  265  271  293  294  295  302  313  314  521  522  545
