fields 34
worms 5
Wave_Initiation_Rate_Median
66.419864 NaN 21.686510 51.442327 12.752702 
Wave_Initiation_Rate_Range
51.503900 NaN 24.337385 33.813512 25.188423 
Body_Wave_Number_Median
0.635215 NaN 1.259429 1.057823 1.221613 
Body_Wave_Number_Range
0.738821 NaN 0.655393 0.739986 0.881936 
Asymmetry_Median
0.028011 NaN 0.031816 0.008750 -0.003196 
Asymmetry_Range
0.143004 NaN 0.188651 0.093597 0.122032 
Reverse_Swimming
12.253910 NaN 5.906164 0.000000 3.698252 
Curling
3.896104 NaN 3.093923 1.218274 0.110497 
Stretch_Median
0.509568 NaN 0.636471 0.478053 0.720146 
Stretch_Range
0.303696 NaN 0.263658 0.244031 0.159654 
Attenuation_Median
51.171634 NaN 57.175104 45.118311 63.852217 
Attenuation_Range
41.573572 NaN 26.161667 50.387138 32.716736 
Traveling_Speed_Mean
4.759664 NaN 2.569736 1.546603 2.656809 
Brush_Stroke_Median
0.183457 NaN 0.081785 0.050470 0.064216 
Brush_Stroke_Range
0.111530 NaN 0.039957 0.007775 0.029584 
Activity_Index_Median
174.611475 NaN 67.874953 130.912885 41.927720 
Activity_Index_Range
192.278451 NaN 66.236992 42.977932 97.094994 
Wave_Initiation_Rate_10
17.287398 NaN 9.478392 22.898706 8.155322 
Body_Wave_Number_10
0.194404 NaN 0.938738 0.586996 0.711707 
Asymmetry_10
-0.047468 NaN -0.048392 -0.064911 -0.077517 
Stretch_10
0.408358 NaN 0.541313 0.391827 0.667711 
Attenuation_10
23.164886 NaN 45.185193 10.784044 42.164343 
Brush_Stroke_10
0.148091 NaN 0.070724 0.048071 0.050811 
Activity_Index_10
83.775381 NaN 36.180223 103.505980 22.996647 
usability
0.990809 0.865809 0.998162 0.724265 0.998162 
status
valid
rejected
valid
valid
valid
highThr
62.000000 38.000000 65.000000 57.000000 58.000000 
lowThr
42.000000 17.000000 46.000000 27.000000 41.000000 
prevThr
25.000000 25.000000 25.000000 25.000000 25.000000 
highThrDef
62.000000 38.000000 65.000000 57.000000 58.000000 
lowThrDef
42.000000 17.000000 46.000000 27.000000 41.000000 
prevThrDef
25.000000 25.000000 25.000000 25.000000 25.000000 
manualSeparators
80   81  283  284


225  226

separators
1   80   81   82  283  284  286  287  545
1   46   47   49   50   54   55   58   59   61   62   68   69   72   73   77   78   80   81   84   85   87   88   89   90   91   92   93   94   97   98   99  100  108  109  121  122  134  135  136  137  147  148  157  158  164  165  176  177  180  181  188  189  190  191  192  193  196  197  201  202  205  206  214  215  216  217  219  220  221  222  224  225  226  227  228  229  233  234  237  238  239  240  241  242  252  253  255  256  258  259  260  261  265  266  270  271  274  275  281  282  285  286  291  292  298  299  308  309  311  312  337  338  340  341  374  375  377  378  381  382  424  425  432  433  453  454  459  460  501  503  508  509  524  525  528  529  535  536  538  539  541  542  543  544  545
1  489  490  491  545
1   39   52  161  162  181  182  184  185  225  226  228  229  236  237  545
1  262  263  525  526  545
