fields 34
worms 3
Wave_Initiation_Rate_Median
49.855178 53.225483 14.057922 
Wave_Initiation_Rate_Range
27.948786 22.494081 29.925113 
Body_Wave_Number_Median
0.327125 0.361343 0.885246 
Body_Wave_Number_Range
0.224476 0.281916 1.572616 
Asymmetry_Median
-0.071444 -0.043092 0.135319 
Asymmetry_Range
0.092471 0.104867 0.110712 
Reverse_Swimming
0.000000 0.000000 0.000000 
Curling
1.682243 0.890538 2.065010 
Stretch_Median
0.445060 0.465529 0.397378 
Stretch_Range
0.143341 0.129959 0.195843 
Attenuation_Median
53.440519 52.674033 62.947894 
Attenuation_Range
26.795690 22.419981 17.608964 
Traveling_Speed_Mean
3.661122 6.173796 3.355954 
Brush_Stroke_Median
0.091431 0.134856 0.084100 
Brush_Stroke_Range
0.043839 0.022415 0.055390 
Activity_Index_Median
155.232601 163.860312 30.344932 
Activity_Index_Range
108.300875 54.400224 89.519767 
Wave_Initiation_Rate_10
32.427855 44.676114 7.419003 
Body_Wave_Number_10
0.226492 0.233221 0.265674 
Asymmetry_10
-0.114770 -0.094724 0.095435 
Stretch_10
0.402015 0.403329 0.351198 
Attenuation_10
42.976639 40.355102 52.912565 
Brush_Stroke_10
0.077978 0.123625 0.058469 
Activity_Index_10
113.762323 136.827940 9.880251 
usability
0.983456 0.990809 0.961397 
status
valid
valid
valid
highThr
52.000000 51.000000 53.000000 
lowThr
31.000000 30.000000 32.000000 
prevThr
25.000000 25.000000 25.000000 
highThrDef
52.000000 51.000000 53.000000 
lowThrDef
31.000000 30.000000 32.000000 
prevThrDef
25.000000 25.000000 25.000000 
manualSeparators



separators
1  165  166  222  226  227  251  252  329  330  399  400  545
1  262  263  265  266  465  466  489  490  519  520  545
1  501  502  521  522  545
