fields 34
worms 5
Wave_Initiation_Rate_Median
153.994708 135.881410 129.952680 157.606646 143.369133 
Wave_Initiation_Rate_Range
99.842578 92.374608 91.227222 101.365604 119.669517 
Body_Wave_Number_Median
0.426788 0.426976 0.431673 0.437834 0.492246 
Body_Wave_Number_Range
0.285663 0.349648 0.408501 0.326230 0.436570 
Asymmetry_Median
0.002697 0.003249 -0.006340 0.012253 0.016000 
Asymmetry_Range
0.105209 0.122110 0.097432 0.082886 0.110610 
Reverse_Swimming
0.000000 3.037975 14.853659 5.574977 7.389163 
Curling
0.721443 3.231850 6.428571 3.188976 5.967742 
Stretch_Median
0.337286 0.379529 0.423649 0.323102 0.416377 
Stretch_Range
0.212417 0.175508 0.423637 0.272916 0.326512 
Attenuation_Median
60.003260 62.146603 55.467758 52.061521 57.149346 
Attenuation_Range
25.252020 37.513698 73.932245 49.087011 44.757240 
Traveling_Speed_Mean
8.947584 7.376583 6.856679 12.635151 1.768786 
Brush_Stroke_Median
0.364320 0.196843 0.445636 0.214572 0.144747 
Brush_Stroke_Range
0.066767 0.074671 0.250895 0.103452 0.013712 
Activity_Index_Median
383.726907 398.422117 444.716460 431.215696 1094.139295 
Activity_Index_Range
270.893445 197.341794 417.465230 455.921598 115.449133 
Wave_Initiation_Rate_10
68.548775 60.895190 54.115462 72.684657 33.793755 
Body_Wave_Number_10
0.307749 0.184176 0.216067 0.238741 0.208525 
Asymmetry_10
-0.009827 -0.089607 -0.040799 -0.009746 -0.045346 
Stretch_10
0.274247 0.303934 0.340890 0.266422 0.362785 
Attenuation_10
47.028099 39.490182 -0.771875 22.054091 23.298421 
Brush_Stroke_10
0.330508 0.167902 0.312054 0.187814 0.137471 
Activity_Index_10
166.622926 301.717751 199.997422 175.624558 1038.212982 
usability
0.917279 0.784926 0.823529 0.933824 0.683824 
status
valid
valid
valid
valid
valid
highThr
49.000000 53.000000 61.000000 43.000000 55.000000 
lowThr
20.000000 9.000000 21.000000 14.000000 19.000000 
prevThr
25.000000 10.000000 10.000000 10.000000 10.000000 
highThrDef
49.000000 53.000000 61.000000 43.000000 55.000000 
lowThrDef
20.000000 9.000000 21.000000 14.000000 19.000000 
prevThrDef
25.000000 25.000000 25.000000 25.000000 25.000000 
manualSeparators




271  219  220
separators
1   16   17   20   21   53   54   77   78   83   85   87   88   89   90   91   96   97  101  102  121  122  138  139  141  143  151  152  226  227  285  286  431  432  450  451  481  482  485  486  535  536  545
1    3    4    9   10   13   61   62   63   64   72   73   79   80   89   90   91   92  100  101  107  108  109  110  116  117  118  119  120  121  122  138  161  162  184  185  246  247  301  321  322  330  331  388  389  402  403  440  441  466  467  478  479  529  530  545
1   80   81  115  121  122  141  142  160  161  197  241  242  250  251  363  364  375  376  517  518  545
1    4    5   17   18   48   49   50   51   61   62   68   69   73   74   98   99  102  103  129  130  136  137  148  149  205  206  232  233  245  246  258  259  264  265  287  288  289  292  298  299  300  301  322  323  327  328  329  330  331  332  336  338  339  340  341  343  344  367  368  390  391  438  439  440  441  545
1  101  102  131  132  219  220  221  238  239  271  287  288  291  292  315  316  338  339  381  382  391  392  399  400  401  402  409  410  412  415  421  422  453  454  463  464  520  521  541  542  545
