fields 34
worms 5
Wave_Initiation_Rate_Median
20.564287 34.600687 62.224198 34.682519 7.620479 
Wave_Initiation_Rate_Range
23.981303 31.164500 37.012126 53.305922 6.928035 
Body_Wave_Number_Median
0.950072 0.766700 0.894429 0.615694 1.631330 
Body_Wave_Number_Range
1.028247 0.606310 0.506367 0.815332 0.914414 
Asymmetry_Median
0.000355 -0.019961 -0.001860 0.007689 0.048725 
Asymmetry_Range
0.156802 0.060145 0.042705 0.094236 0.146711 
Reverse_Swimming
16.338546 2.428703 0.000000 14.020239 3.477461 
Curling
0.000000 0.000000 0.000000 0.000000 0.000000 
Stretch_Median
0.491021 0.411976 0.394046 0.455830 0.339303 
Stretch_Range
0.327465 0.146226 0.165564 0.197847 0.173797 
Attenuation_Median
50.818317 60.229329 63.446264 60.972218 74.609795 
Attenuation_Range
34.325493 23.767260 16.919623 48.207376 26.632608 
Traveling_Speed_Mean
2.368421 2.226535 3.369937 3.767939 0.730081 
Brush_Stroke_Median
0.058905 0.048346 0.118775 0.162225 0.034886 
Brush_Stroke_Range
0.021322 0.015836 0.033971 0.053923 0.021284 
Activity_Index_Median
54.876248 85.924797 130.089687 132.834033 15.138822 
Activity_Index_Range
81.549319 84.936289 97.138644 156.113409 18.453983 
Wave_Initiation_Rate_10
12.049552 18.858631 30.354345 13.460215 5.602027 
Body_Wave_Number_10
0.319425 0.591054 0.668189 0.308341 1.041432 
Asymmetry_10
-0.130155 -0.055692 -0.021227 -0.038899 0.003856 
Stretch_10
0.317343 0.313895 0.344158 0.357954 0.262366 
Attenuation_10
28.829297 53.569297 54.344172 24.011938 55.079796 
Brush_Stroke_10
0.045955 0.041352 0.099105 0.132282 0.026801 
Activity_Index_10
27.321128 36.471673 67.632529 37.102215 7.497040 
usability
0.998162 0.996324 1.000000 0.983456 0.996324 
status
valid
valid
valid
valid
valid
highThr
72.000000 59.000000 58.000000 59.000000 61.000000 
lowThr
37.000000 30.000000 38.000000 34.000000 47.000000 
prevThr
25.000000 25.000000 25.000000 25.000000 25.000000 
highThrDef
72.000000 59.000000 58.000000 59.000000 61.000000 
lowThrDef
37.000000 30.000000 38.000000 34.000000 47.000000 
prevThrDef
25.000000 25.000000 25.000000 25.000000 25.000000 
manualSeparators





separators
1  213  214  545
1  397  398  400  401  545
1  545
1  522  523  526  530  531  532  537  540  545
1   41   42  281  282  545
