fields 34
worms 5
Wave_Initiation_Rate_Median
84.173694 NaN 66.406697 58.987566 68.460526 
Wave_Initiation_Rate_Range
6.184492 NaN 8.316289 31.249823 13.346850 
Body_Wave_Number_Median
0.573454 NaN 0.685240 0.850359 0.619185 
Body_Wave_Number_Range
0.176177 NaN 0.242641 0.423005 0.297862 
Asymmetry_Median
0.002571 NaN -0.002551 0.006115 0.017347 
Asymmetry_Range
0.033683 NaN 0.036548 0.051006 0.044791 
Reverse_Swimming
0.000000 NaN 0.000000 0.000000 1.016949 
Curling
0.000000 NaN 0.000000 0.000000 0.000000 
Stretch_Median
0.338465 NaN 0.397320 0.395457 0.437030 
Stretch_Range
0.070768 NaN 0.124424 0.174672 0.176091 
Attenuation_Median
57.682093 NaN 62.464988 65.733033 60.631227 
Attenuation_Range
15.824651 NaN 14.383120 18.192119 30.417320 
Traveling_Speed_Mean
10.074322 NaN 8.548243 5.772081 9.964372 
Brush_Stroke_Median
0.235429 NaN 0.185912 0.129961 0.189281 
Brush_Stroke_Range
0.027839 NaN 0.049291 0.040097 0.032690 
Activity_Index_Median
235.506738 NaN 197.607241 138.018852 192.330976 
Activity_Index_Range
33.115870 NaN 67.366768 90.801917 62.143246 
Wave_Initiation_Rate_10
78.877519 NaN 58.894525 35.572481 56.599946 
Body_Wave_Number_10
0.494650 NaN 0.579070 0.723968 0.426795 
Asymmetry_10
-0.010700 NaN -0.018822 -0.018653 0.003402 
Stretch_10
0.301965 NaN 0.346474 0.336147 0.374488 
Attenuation_10
48.968954 NaN 54.590044 55.942553 47.922005 
Brush_Stroke_10
0.221858 NaN 0.153451 0.109660 0.172102 
Activity_Index_10
218.899694 NaN 147.115726 87.790972 153.181698 
usability
1.000000 0.553309 0.996324 1.000000 0.944853 
status
valid
rejected
valid
valid
valid
highThr
67.000000 68.000000 72.000000 73.000000 73.000000 
lowThr
49.000000 47.000000 49.000000 51.000000 50.000000 
prevThr
25.000000 25.000000 25.000000 25.000000 25.000000 
highThrDef
67.000000 68.000000 72.000000 73.000000 73.000000 
lowThrDef
49.000000 26.000000 49.000000 51.000000 50.000000 
prevThrDef
25.000000 25.000000 25.000000 25.000000 25.000000 
manualSeparators


349  350  348

524  525  526  527  528  529  530  386  387  388  475  476  477  478  492  493  494  495  496  497  506  507  508  509  510  511  512  513  514  515  516
separators
1  383  384  545
1   41   50   54   63   67   77   80   86   87   91   95   99  102  105  110  114  117  120  125  127  128  131  141  149  154  164  168  177  181  191  195  203  208  217  221  229  234  243  247  256  260  269  274  281  286  294  299  307  311  319  324  333  339  347  351  354  355  364  368  369  377  378  380  382  388  407  408  409  410  428  431  439  444  452  457  466  471  481  487  488  491  492  521  522  524  531  535  543  545
1  346  348  349  350  503  506  545
1  382  383  545
1  160  161  386  387  388  475  476  477  478  492  493  494  495  496  497  506  507  508  509  510  511  512  513  514  515  516  524  525  526  527  528  529  530  541  542  545
