fields 34
worms 6
Wave_Initiation_Rate_Median
85.046861 47.591420 67.137961 66.761473 67.025288 NaN 
Wave_Initiation_Rate_Range
52.021680 18.778498 14.178131 11.039318 30.281293 NaN 
Body_Wave_Number_Median
0.551781 0.636606 0.528198 0.562652 0.632475 NaN 
Body_Wave_Number_Range
0.556478 0.393630 0.256884 0.345832 0.746085 NaN 
Asymmetry_Median
-0.000116 -0.005296 0.008466 -0.004767 0.014461 NaN 
Asymmetry_Range
0.088700 0.076291 0.055002 0.045435 0.046210 NaN 
Reverse_Swimming
3.104693 0.000000 0.000000 0.000000 0.000000 NaN 
Curling
0.886076 1.213235 0.000000 1.046512 0.000000 NaN 
Stretch_Median
0.382880 0.584187 0.506275 0.478677 0.491715 NaN 
Stretch_Range
0.267131 0.193729 0.132801 0.146027 0.089761 NaN 
Attenuation_Median
49.059466 74.416505 71.036745 58.606732 71.645338 NaN 
Attenuation_Range
26.348191 18.444405 16.410900 20.627522 15.650312 NaN 
Traveling_Speed_Mean
5.775817 4.568198 7.018141 8.297718 4.606840 NaN 
Brush_Stroke_Median
0.191723 0.122602 0.174601 0.221098 0.068486 NaN 
Brush_Stroke_Range
0.027791 0.033499 0.070150 0.184465 0.023116 NaN 
Activity_Index_Median
248.139375 126.307661 178.152309 234.206296 225.714587 NaN 
Activity_Index_Range
126.403591 60.577481 76.362540 188.198799 155.460680 NaN 
Wave_Initiation_Rate_10
48.737525 33.385223 53.944946 57.182998 37.816566 NaN 
Body_Wave_Number_10
0.258492 0.444390 0.390812 0.405003 0.478456 NaN 
Asymmetry_10
-0.032426 -0.050385 -0.027184 -0.022876 -0.012829 NaN 
Stretch_10
0.326632 0.507581 0.448463 0.429081 0.459070 NaN 
Attenuation_10
36.099535 61.094217 64.869551 45.435371 65.894064 NaN 
Brush_Stroke_10
0.174188 0.107329 0.146256 0.167602 0.062266 NaN 
Activity_Index_10
166.750695 90.752203 150.477350 180.990776 111.367123 NaN 
usability
0.871324 1.000000 1.000000 0.948529 0.889706 0.000000 
status
valid
valid
valid
valid
valid
rejected
highThr
65.000000 55.000000 55.000000 55.000000 56.000000 NaN 
lowThr
33.000000 40.000000 39.000000 33.000000 39.000000 0.000000 
prevThr
25.000000 25.000000 25.000000 25.000000 25.000000 25.000000 
highThrDef
65.000000 55.000000 55.000000 55.000000 56.000000 NaN 
lowThrDef
27.000000 40.000000 39.000000 31.000000 39.000000 0.000000 
prevThrDef
25.000000 25.000000 25.000000 25.000000 25.000000 25.000000 
manualSeparators
210  211  214  215  321  322  346  347  348  349  374  375  376  377  380  381


277  278  287  288  289  290  291


separators
1   91   92  192  196  210  211  214  215  223  230  265  269  270  271  273  274  282  301  302  321  322  323  326  346  347  348  349  371  374  375  376  377  380  381  545
1  263  264  295  296  306  307  545
1   62   63  266  267  312  313  343  344  345  388  390  398  399  545
1   21  155  156  277  278  279  280  287  288  289  290  291  311  312  365  366  388  390  398  399  502  503  519  521  541  542  545
1   61   62  545
1  545
