fields 34
worms 5
Wave_Initiation_Rate_Median
51.277589 NaN 8.954957 46.066134 NaN 
Wave_Initiation_Rate_Range
51.315217 NaN 8.280038 29.511973 NaN 
Body_Wave_Number_Median
0.655200 NaN 1.580811 0.744885 NaN 
Body_Wave_Number_Range
0.661631 NaN 0.558765 0.528245 NaN 
Asymmetry_Median
0.018059 NaN 0.082691 0.011826 NaN 
Asymmetry_Range
0.101852 NaN 0.216885 0.130313 NaN 
Reverse_Swimming
7.065317 NaN 0.000000 0.000000 NaN 
Curling
3.881701 NaN 0.000000 0.000000 NaN 
Stretch_Median
0.569785 NaN 0.604349 0.418263 NaN 
Stretch_Range
0.379636 NaN 0.195034 0.280608 NaN 
Attenuation_Median
53.533946 NaN 68.738302 54.409578 NaN 
Attenuation_Range
14.530930 NaN 21.950420 26.177211 NaN 
Traveling_Speed_Mean
5.073717 NaN 1.835271 4.123311 NaN 
Brush_Stroke_Median
0.086896 NaN 0.049083 0.099794 NaN 
Brush_Stroke_Range
0.029170 NaN 0.021168 0.034972 NaN 
Activity_Index_Median
221.821275 NaN 24.284069 118.922633 NaN 
Activity_Index_Range
273.959928 NaN 27.709772 94.316011 NaN 
Wave_Initiation_Rate_10
15.196921 NaN 6.622618 25.940886 NaN 
Body_Wave_Number_10
0.368665 NaN 1.262391 0.477292 NaN 
Asymmetry_10
-0.007242 NaN -0.045481 -0.022921 NaN 
Stretch_10
0.485377 NaN 0.491008 0.312053 NaN 
Attenuation_10
45.777395 NaN 56.865461 42.079808 NaN 
Brush_Stroke_10
0.075542 NaN 0.038586 0.084160 NaN 
Activity_Index_10
48.485073 NaN 14.755425 69.125966 NaN 
usability
0.994485 0.643382 1.000000 1.000000 1.000000 
status
valid
rejected
valid
valid
rejected
highThr
57.000000 56.000000 60.000000 66.000000 48.000000 
lowThr
39.000000 46.000000 42.000000 46.000000 34.000000 
prevThr
25.000000 25.000000 25.000000 25.000000 25.000000 
highThrDef
57.000000 56.000000 60.000000 66.000000 48.000000 
lowThrDef
39.000000 36.000000 42.000000 46.000000 34.000000 
prevThrDef
25.000000 25.000000 25.000000 25.000000 25.000000 
manualSeparators
6   7  76  77  75
3   4  81  82



separators
1    2    6    7    8   75   76   77   78  545
1    3    4    7    8   10   11   12   13   16   18   19   20   22   27   37   38   40   45   51   52   53   54   62   64   67   68   72   73   81   82   83   88   89  101  102  104  121  125  142  145  162  163  182  187  197  198  201  203  207  208  216  217  221  224  229  231  242  248  261  267  282  284  297  298  301  303  314  315  321  325  334  336  341  346  357  358  362  364  382  391  392  394  395  399  402  403  404  406  407  408  409  410  418  419  421  422  427  428  429  430  433  440  445  457  458  459  460  461  465  468  469  473  474  476  477  478  492  498  499  521  522  526  529  533  536  540  541  545
1  161  162  545
1    2  301  302  426  427  545
1  545
