fields 34
worms 5
Wave_Initiation_Rate_Median
148.881178 68.404557 114.995963 88.685195 153.164816 
Wave_Initiation_Rate_Range
103.461965 124.648225 124.294614 109.340148 123.376494 
Body_Wave_Number_Median
0.573772 0.317813 0.411923 0.405208 0.432515 
Body_Wave_Number_Range
0.398975 0.440913 1.625134 0.286544 0.321894 
Asymmetry_Median
0.011723 -0.002080 -0.013357 0.018579 -0.005762 
Asymmetry_Range
0.144412 0.116906 0.151555 0.137632 0.121768 
Reverse_Swimming
4.387230 0.000000 9.950739 3.367983 4.691812 
Curling
4.381339 3.826879 4.397906 4.411765 2.533589 
Stretch_Median
0.382343 0.450989 0.398920 0.402447 0.388048 
Stretch_Range
0.286453 0.330963 0.280975 0.224252 0.322366 
Attenuation_Median
62.091383 54.308112 55.486489 51.808587 58.190458 
Attenuation_Range
33.931997 35.277126 51.026311 33.358826 46.608852 
Traveling_Speed_Mean
10.549808 5.496094 6.854611 4.887536 15.862387 
Brush_Stroke_Median
0.419600 0.188431 0.049295 0.478111 0.223210 
Brush_Stroke_Range
0.232957 0.164451 0.012374 0.210809 0.080560 
Activity_Index_Median
408.144545 330.536802 403.666894 198.465131 415.119525 
Activity_Index_Range
421.140489 40.715046 238.333590 327.340528 349.516687 
Wave_Initiation_Rate_10
65.955905 43.678758 45.645858 59.013617 46.626697 
Body_Wave_Number_10
0.315023 0.076760 0.103127 0.228900 0.216617 
Asymmetry_10
-0.002769 -0.087230 -0.098189 -0.011825 -0.103859 
Stretch_10
0.275753 0.298572 0.276916 0.290839 0.271336 
Attenuation_10
42.938091 30.328840 24.850362 36.114850 27.594469 
Brush_Stroke_10
0.356800 0.144046 0.041703 0.333399 0.166560 
Activity_Index_10
154.470915 313.641035 213.137228 112.713078 176.397857 
usability
0.906250 0.806985 0.702206 0.875000 0.957721 
status
valid
valid
valid
valid
valid
highThr
58.000000 53.000000 52.000000 51.000000 53.000000 
lowThr
18.000000 15.000000 9.000000 23.000000 18.000000 
prevThr
10.000000 10.000000 10.000000 25.000000 10.000000 
highThrDef
58.000000 53.000000 52.000000 51.000000 53.000000 
lowThrDef
18.000000 15.000000 9.000000 23.000000 18.000000 
prevThrDef
25.000000 25.000000 25.000000 25.000000 25.000000 
manualSeparators

427  500

476

separators
1   16   17   29   61   62   92   93  108  109  129  130  203  204  206  207  213  214  220  221  353  354  356  357  444  445  501  502  503  504  507  508  509  510  514  515  520  521  545
1    7    8   20   21   36   37   44   46   52   53   54   55   57   61   62  115  116  122  123  139  140  189  190  192  193  194  198  201  205  206  208  209  212  221  241  242  259  261  262  275  276  333  334  339  340  373  374  375  376  380  381  425  426  427  431  432  451  452  461  462  488  489  500  504  505  517  518  519  545
1  200  241  242  252  253  263  264  281  284  285  287  288  291  292  294  295  297  298  299  300  301  302  303  304  321  322  330  331  334  335  345  346  348  349  351  352  353  354  359  360  362  441  442  463  464  500  501  518  519  529  530  539  540  545
1   11   12   24   25   72   73  108  109  122  123  134  135  142  143  161  162  179  180  213  214  226  228  230  231  237  239  241  242  244  245  248  249  251  252  258  259  261  262  274  275  281  282  284  285  287  288  305  306  308  310  312  313  315  317  320  321  330  331  367  368  382  383  392  393  401  402  422  424  426  427  429  430  432  434  439  440  443  444  446  447  455  456  457  458  476  485  486  500  501  525  526  545
1  101  102  118  119  201  202  245  246  249  250  445  446  451  459  460  466  472  473  485  486  545
