fields 34
worms 5
Wave_Initiation_Rate_Median
7.936696 8.788926 15.370996 7.802454 7.782160 
Wave_Initiation_Rate_Range
4.361169 4.413936 10.790260 2.863321 3.604425 
Body_Wave_Number_Median
1.680583 1.642876 1.391298 1.781832 1.755674 
Body_Wave_Number_Range
0.600691 0.609903 1.025340 0.353447 0.704699 
Asymmetry_Median
-0.044769 0.078236 -0.030744 0.061242 -0.041993 
Asymmetry_Range
0.161555 0.189288 0.169994 0.208494 0.092812 
Reverse_Swimming
2.263109 0.000000 4.967801 0.000000 0.000000 
Curling
0.000000 4.210526 0.000000 0.000000 0.000000 
Stretch_Median
0.364781 0.481217 0.555799 0.403976 0.304545 
Stretch_Range
0.153540 0.189739 0.180197 0.163246 0.097176 
Attenuation_Median
74.016706 66.791655 59.263149 73.730969 69.376463 
Attenuation_Range
17.650573 39.148215 35.411412 23.475264 20.194058 
Traveling_Speed_Mean
0.969621 0.690942 1.548305 0.659942 0.670296 
Brush_Stroke_Median
0.035018 0.041691 0.052059 0.035606 0.033539 
Brush_Stroke_Range
0.010046 0.014849 0.025662 0.008565 0.015434 
Activity_Index_Median
14.744081 19.468268 40.534936 13.999465 13.480504 
Activity_Index_Range
11.381750 9.259912 27.035938 4.264348 9.938884 
Wave_Initiation_Rate_10
6.831847 7.759916 9.904163 6.874514 7.067855 
Body_Wave_Number_10
1.295846 1.282352 0.678096 1.615228 1.352003 
Asymmetry_10
-0.123602 0.006277 -0.101847 -0.078260 -0.089274 
Stretch_10
0.290747 0.372031 0.456277 0.316532 0.281744 
Attenuation_10
63.935114 37.297097 39.780220 58.221696 56.100571 
Brush_Stroke_10
0.030874 0.034191 0.038726 0.031639 0.027856 
Activity_Index_10
10.922045 14.275003 28.207239 11.847111 10.351648 
usability
1.000000 0.943015 0.998162 0.994485 1.000000 
status
valid
valid
valid
valid
valid
highThr
64.000000 55.000000 63.000000 59.000000 46.000000 
lowThr
47.000000 27.000000 44.000000 41.000000 27.000000 
prevThr
25.000000 25.000000 25.000000 25.000000 25.000000 
highThrDef
64.000000 55.000000 63.000000 59.000000 46.000000 
lowThrDef
47.000000 27.000000 44.000000 41.000000 27.000000 
prevThrDef
25.000000 25.000000 25.000000 25.000000 25.000000 
manualSeparators





separators
1  545
1    2   16   17   89   90  119  120  126  136  137  138  256  257  545
1  356  357  545
1   21   22  154  155  501  502  545
1  545
