fields 34
worms 5
Wave_Initiation_Rate_Median
67.577598 51.780275 67.937990 67.815178 NaN 
Wave_Initiation_Rate_Range
31.956986 40.143867 57.838874 25.082507 NaN 
Body_Wave_Number_Median
0.561087 0.662025 0.821233 0.574469 NaN 
Body_Wave_Number_Range
0.498051 0.357641 0.774755 0.464484 NaN 
Asymmetry_Median
-0.015837 -0.031136 0.003121 0.000181 NaN 
Asymmetry_Range
0.062272 0.097449 0.196246 0.066867 NaN 
Reverse_Swimming
0.000000 0.496780 0.448239 0.000000 NaN 
Curling
0.000000 0.555556 4.259635 0.000000 NaN 
Stretch_Median
0.452916 0.542972 0.457245 0.400313 NaN 
Stretch_Range
0.187798 0.267445 0.446753 0.157337 NaN 
Attenuation_Median
65.766074 64.980354 52.988882 65.789075 NaN 
Attenuation_Range
16.892954 21.593911 25.822870 15.845696 NaN 
Traveling_Speed_Mean
9.663421 7.331771 3.850218 4.638238 NaN 
Brush_Stroke_Median
0.192436 0.168924 0.055479 0.251243 NaN 
Brush_Stroke_Range
0.070045 0.079831 0.021874 0.172703 NaN 
Activity_Index_Median
194.950169 185.363791 190.134123 227.387764 NaN 
Activity_Index_Range
159.832558 103.248740 185.457828 171.820161 NaN 
Wave_Initiation_Rate_10
48.460426 26.576159 17.510206 57.565489 NaN 
Body_Wave_Number_10
0.278048 0.499381 0.427253 0.372031 NaN 
Asymmetry_10
-0.053116 -0.058878 -0.048592 -0.021132 NaN 
Stretch_10
0.387626 0.433323 0.298235 0.340816 NaN 
Attenuation_10
55.602540 53.522479 41.993101 59.469195 NaN 
Brush_Stroke_10
0.167499 0.152096 0.040361 0.191165 NaN 
Activity_Index_10
148.270021 136.831200 37.215352 161.994923 NaN 
usability
0.941176 0.992647 0.906250 0.891544 0.573529 
status
valid
valid
valid
valid
rejected
highThr
73.000000 68.000000 69.000000 75.000000 76.000000 
lowThr
42.000000 39.000000 46.000000 48.000000 42.000000 
prevThr
25.000000 25.000000 25.000000 25.000000 25.000000 
highThrDef
73.000000 68.000000 69.000000 75.000000 76.000000 
lowThrDef
42.000000 39.000000 46.000000 40.000000 42.000000 
prevThrDef
25.000000 25.000000 25.000000 25.000000 25.000000 
manualSeparators
365  366
430  431  429  428  427
93   94  181  182  183  184  202  203  204  205  206  268  269
455  456  491  492
421  422  505  506
separators
1  308  314  331  333  363  365  366  371  372  374  375  383  384  385  388  399  402  456  458  487  490  492  493  505  513  517  545
1   35   36  427  428  429  430  431  545
1    3    4   93   94   96   97  181  182  183  184  188  189  201  202  203  204  205  206  236  237  267  268  269  272  273  545
1   40   42   43   44   88   89   90   91  103  104  116  117  156  160  165  172  182  184  243  244  311  314  326  328  331  333  338  341  363  365  374  376  383  384  385  388  389  399  400  402  405  455  456  458  485  486  490  491  492  493  494  495  497  499  505  513  517  530  531  545
1  141  142  277  279  303  304  311  381  382  416  417  419  421  422  424  425  505  506  510  511  545
