fields 34
worms 6
Wave_Initiation_Rate_Median
37.638542 65.320855 40.708088 NaN 68.321533 NaN 
Wave_Initiation_Rate_Range
23.355210 33.202693 26.913677 NaN 18.218413 NaN 
Body_Wave_Number_Median
0.763163 0.734476 0.417207 NaN 0.605169 NaN 
Body_Wave_Number_Range
0.316913 0.486433 0.679053 NaN 0.429081 NaN 
Asymmetry_Median
0.011170 -0.031308 -0.022590 NaN -0.004300 NaN 
Asymmetry_Range
0.094532 0.075037 0.135092 NaN 0.116233 NaN 
Reverse_Swimming
0.000000 5.385694 2.162162 NaN 0.520984 NaN 
Curling
0.000000 0.000000 0.228137 NaN 0.000000 NaN 
Stretch_Median
0.509622 0.427859 0.573566 NaN 0.496797 NaN 
Stretch_Range
0.249696 0.332644 0.160792 NaN 0.294526 NaN 
Attenuation_Median
61.762372 70.051802 57.151259 NaN 62.774864 NaN 
Attenuation_Range
7.446284 31.819864 19.685949 NaN 17.701439 NaN 
Traveling_Speed_Mean
6.251409 6.468785 11.681239 NaN 9.002316 NaN 
Brush_Stroke_Median
0.117816 0.090301 0.103527 NaN 0.101456 NaN 
Brush_Stroke_Range
0.033092 0.040727 0.044167 NaN 0.022597 NaN 
Activity_Index_Median
110.570461 276.572493 203.541197 NaN 338.390429 NaN 
Activity_Index_Range
105.831067 279.108008 160.678595 NaN 86.128585 NaN 
Wave_Initiation_Rate_10
32.483088 33.541350 32.960222 NaN 55.546376 NaN 
Body_Wave_Number_10
0.570307 0.506994 0.226259 NaN 0.366546 NaN 
Asymmetry_10
-0.026608 -0.057919 -0.063536 NaN -0.090014 NaN 
Stretch_10
0.391137 0.337041 0.505736 NaN 0.385863 NaN 
Attenuation_10
58.870375 53.480481 50.200364 NaN 55.428860 NaN 
Brush_Stroke_10
0.104406 0.073154 0.079519 NaN 0.090446 NaN 
Activity_Index_10
88.230220 93.618707 146.689481 NaN 292.998999 NaN 
usability
1.000000 0.687500 0.966912 0.601103 0.707721 0.211397 
status
valid
valid
valid
rejected
valid
rejected
highThr
74.000000 94.000000 72.000000 62.000000 82.000000 93.000000 
lowThr
52.000000 47.000000 44.000000 35.000000 41.000000 45.000000 
prevThr
25.000000 25.000000 25.000000 25.000000 25.000000 25.000000 
highThrDef
74.000000 94.000000 72.000000 62.000000 82.000000 93.000000 
lowThrDef
56.000000 20.000000 44.000000 35.000000 41.000000 5.000000 
prevThrDef
25.000000 25.000000 25.000000 25.000000 25.000000 25.000000 
manualSeparators






separators
1  545
1    7    8   19   21   23   29   30   31   62   65   78   86   87  102  121  122  129  161  162  171  181  182  186  201  202  263  264  272  401  406  545
1    3    4   53   54   58   75   78   80   81   83   84   85   94  105  544  545
1   14   16   23   35   56   61   62   75   81   83   93  105  141  200  201  263  264  272  545
1   14   16   23   56   58   61   68   71   81   84   85   86   87   93   95  141  142  200  201  202  545
1  261  262  263  264  272  381  382  385  386  497  501  502  503  509  510  511  512  516  517  519  520  541  545
