fields 34
worms 4
Wave_Initiation_Rate_Median
101.362686 85.911256 97.417752 102.010550 
Wave_Initiation_Rate_Range
26.538192 22.189698 51.606942 4.330988 
Body_Wave_Number_Median
0.499304 0.475830 0.251080 0.253986 
Body_Wave_Number_Range
0.196946 0.311006 0.446891 0.323945 
Asymmetry_Median
-0.012857 -0.009575 0.000517 0.001128 
Asymmetry_Range
0.048185 0.042479 0.061241 0.044107 
Reverse_Swimming
0.000000 0.000000 6.537931 0.124352 
Curling
0.111317 0.000000 0.268456 0.000000 
Stretch_Median
0.358283 0.372556 0.362417 0.322693 
Stretch_Range
0.114973 0.114049 0.191806 0.084166 
Attenuation_Median
54.285602 58.191515 61.055722 55.182705 
Attenuation_Range
22.923745 19.894379 27.751845 19.846622 
Traveling_Speed_Mean
10.071799 6.853902 2.617671 13.149637 
Brush_Stroke_Median
0.224426 0.208467 0.062559 0.204681 
Brush_Stroke_Range
0.034745 0.028732 0.061482 0.029448 
Activity_Index_Median
271.530675 219.671303 320.944376 271.110626 
Activity_Index_Range
54.900249 56.445076 251.568480 43.521686 
Wave_Initiation_Rate_10
84.818515 79.811474 66.891004 99.105339 
Body_Wave_Number_10
0.413570 0.298821 0.051865 0.148402 
Asymmetry_10
-0.040246 -0.033550 -0.025181 -0.022024 
Stretch_10
0.311425 0.318712 0.290143 0.281115 
Attenuation_10
42.354673 48.025382 43.351552 43.962683 
Brush_Stroke_10
0.206974 0.194210 0.054890 0.190215 
Activity_Index_10
236.632846 193.122980 166.786540 247.138133 
usability
0.990809 0.994485 0.821691 0.948529 
status
valid
valid
valid
valid
highThr
49.000000 50.000000 51.000000 48.000000 
lowThr
29.000000 30.000000 18.000000 21.000000 
prevThr
25.000000 25.000000 20.000000 25.000000 
highThrDef
49.000000 50.000000 51.000000 48.000000 
lowThrDef
29.000000 30.000000 18.000000 21.000000 
prevThrDef
25.000000 25.000000 25.000000 25.000000 
manualSeparators




separators
1   15   17  231  232  522  523  544  545
1  292  293  344  345  371  372  545
1   45   46   56   57   67   68   74   76   77   78   82   83   86   94   95  124  125  134  135  160  161  171  172  201  202  204  205  224  225  228  229  261  262  266  267  268  269  270  272  281  282  315  316  317  318  319  322  323  324  332  333  342  343  353  354  358  359  376  377  386  401  403  425  426  427  428  429  469  470  500  501  519  520  530  531  545
1   46   47  128  129  138  139  169  170  179  180  189  190  233  234  261  279  280  281  530  531  545
