fields 34
worms 5
Wave_Initiation_Rate_Median
65.453509 50.460263 11.915938 92.573119 47.850731 
Wave_Initiation_Rate_Range
30.508612 19.507020 8.236657 68.760560 31.523043 
Body_Wave_Number_Median
0.716728 0.768506 1.565393 0.580040 0.897298 
Body_Wave_Number_Range
0.883917 0.221362 0.492512 0.425111 0.451383 
Asymmetry_Median
-0.007013 0.013377 -0.034802 0.014661 0.018578 
Asymmetry_Range
0.127442 0.087567 0.173766 0.066617 0.112366 
Reverse_Swimming
3.643054 1.821527 0.275989 5.298988 2.735751 
Curling
0.675422 0.000000 4.301471 0.220994 0.000000 
Stretch_Median
0.445020 0.488946 0.681953 0.378959 0.518334 
Stretch_Range
0.209148 0.194037 0.140312 0.199010 0.236521 
Attenuation_Median
40.273855 66.973309 72.040082 57.988169 62.899187 
Attenuation_Range
36.719698 19.498723 21.841888 18.388843 15.083966 
Traveling_Speed_Mean
6.243023 3.144828 2.354984 6.697609 1.593224 
Brush_Stroke_Median
0.166089 0.108170 0.053711 0.159269 0.103449 
Brush_Stroke_Range
0.053686 0.029506 0.018948 0.043291 0.018689 
Activity_Index_Median
164.520399 126.691538 32.049277 222.222968 104.936930 
Activity_Index_Range
103.814188 74.444708 28.286395 166.105768 75.944661 
Wave_Initiation_Rate_10
37.291034 33.265891 8.662261 32.703442 20.119230 
Body_Wave_Number_10
0.199483 0.641691 1.239121 0.309460 0.696417 
Asymmetry_10
-0.096593 -0.054785 -0.154117 0.000349 -0.006316 
Stretch_10
0.353703 0.373227 0.593616 0.321887 0.433043 
Attenuation_10
21.166777 54.541969 56.195107 48.277795 54.422115 
Brush_Stroke_10
0.143239 0.090597 0.046541 0.142779 0.097652 
Activity_Index_10
92.132885 72.557670 23.175567 94.205517 46.746270 
usability
0.979779 1.000000 1.000000 0.998162 0.955882 
status
valid
valid
valid
valid
valid
highThr
64.000000 59.000000 66.000000 61.000000 59.000000 
lowThr
35.000000 43.000000 39.000000 45.000000 39.000000 
prevThr
25.000000 25.000000 25.000000 25.000000 25.000000 
highThrDef
64.000000 59.000000 66.000000 61.000000 59.000000 
lowThrDef
35.000000 43.000000 39.000000 45.000000 36.000000 
prevThrDef
25.000000 25.000000 25.000000 25.000000 25.000000 
manualSeparators




171  172  170  173  174
separators
1  414  421  426  427  449  453  517  518  545
1  545
1  221  241  256  257  261  262  545
1  280  281  545
1  170  171  172  173  174  221  241  545
