fields 34
worms 5
Wave_Initiation_Rate_Median
135.584312 136.074809 138.294095 135.912686 147.816679 
Wave_Initiation_Rate_Range
56.455693 49.271967 77.898652 75.970150 97.307054 
Body_Wave_Number_Median
0.629402 0.623657 0.629053 0.509393 0.522741 
Body_Wave_Number_Range
0.426380 0.297320 0.239669 0.337885 0.394151 
Asymmetry_Median
-0.012086 -0.017822 0.029972 0.006302 0.008957 
Asymmetry_Range
0.053907 0.056283 0.086257 0.039824 0.082870 
Reverse_Swimming
0.610376 0.000000 0.000000 4.458204 0.000000 
Curling
2.423077 0.223048 1.460674 0.471513 0.346821 
Stretch_Median
0.393157 0.384467 0.381305 0.338399 0.364073 
Stretch_Range
0.200615 0.207143 0.241479 0.168415 0.203309 
Attenuation_Median
78.853485 67.162276 70.494605 63.118277 68.514355 
Attenuation_Range
20.946836 21.762204 35.241179 23.749738 26.670749 
Traveling_Speed_Mean
8.638084 15.060590 14.075243 14.126273 21.192774 
Brush_Stroke_Median
0.246265 0.296392 0.377169 0.371440 0.425925 
Brush_Stroke_Range
0.076752 0.053570 0.094186 0.059541 0.166392 
Activity_Index_Median
304.333162 362.485426 374.575521 357.084462 397.828074 
Activity_Index_Range
61.873535 116.597430 209.451713 200.731626 310.810423 
Wave_Initiation_Rate_10
97.112286 99.556045 73.948283 70.947368 71.039026 
Body_Wave_Number_10
0.464251 0.482471 0.502766 0.320126 0.311435 
Asymmetry_10
-0.034335 -0.059877 0.007813 -0.010897 -0.018235 
Stretch_10
0.323235 0.317903 0.317966 0.285823 0.300364 
Attenuation_10
63.821154 57.747083 44.697653 48.559277 51.467176 
Brush_Stroke_10
0.210038 0.272872 0.338363 0.346379 0.392285 
Activity_Index_10
270.982138 286.724609 216.994486 189.276190 180.367845 
usability
0.955882 0.988971 0.981618 0.935662 0.954044 
status
valid
valid
valid
valid
valid
highThr
66.000000 65.000000 63.000000 61.000000 65.000000 
lowThr
35.000000 42.000000 37.000000 29.000000 25.000000 
prevThr
25.000000 25.000000 25.000000 25.000000 10.000000 
highThrDef
66.000000 65.000000 63.000000 61.000000 65.000000 
lowThrDef
35.000000 42.000000 37.000000 29.000000 25.000000 
prevThrDef
25.000000 25.000000 25.000000 25.000000 25.000000 
manualSeparators





separators
1   42   43  321  322  359  360  380  381  382  391  392  401  525  526  545
1   20   21   41   42  201  202  262  263  331  332  416  417  545
1   37   38   43   44   82   83  141  142  202  203  225  226  291  292  322  323  441  442  505  506  545
1    2    3   94   95  201  202  214  218  219  241  242  263  264  287  288  402  403  411  412  464  465  469  471  473  474  484  487  501  502  545
1  123  124  130  131  173  176  177  351  352  481  484  485  491  492  493  494  497  498  499  545
