fields 34
worms 6
Wave_Initiation_Rate_Median
102.742402 73.824994 96.555917 NaN NaN NaN 
Wave_Initiation_Rate_Range
35.717288 41.111370 46.188812 NaN NaN NaN 
Body_Wave_Number_Median
0.545518 0.482865 0.330397 NaN NaN NaN 
Body_Wave_Number_Range
0.435140 0.353960 0.437469 NaN NaN NaN 
Asymmetry_Median
-0.002282 -0.007382 0.000139 NaN NaN NaN 
Asymmetry_Range
0.037363 0.113784 0.067680 NaN NaN NaN 
Reverse_Swimming
2.759890 2.042318 4.857406 NaN NaN NaN 
Curling
0.000000 0.795455 0.000000 NaN NaN NaN 
Stretch_Median
0.338733 0.434378 0.358859 NaN NaN NaN 
Stretch_Range
0.120373 0.154402 0.118049 NaN NaN NaN 
Attenuation_Median
59.470067 51.188363 55.404410 NaN NaN NaN 
Attenuation_Range
24.796294 29.910706 26.118945 NaN NaN NaN 
Traveling_Speed_Mean
11.894367 7.210893 5.784496 NaN NaN NaN 
Brush_Stroke_Median
0.181218 0.154717 0.324842 NaN NaN NaN 
Brush_Stroke_Range
0.043286 0.046972 0.079335 NaN NaN NaN 
Activity_Index_Median
251.082029 213.929636 270.331771 NaN NaN NaN 
Activity_Index_Range
68.654370 176.937526 158.314918 NaN NaN NaN 
Wave_Initiation_Rate_10
82.556207 60.589604 68.076470 NaN NaN NaN 
Body_Wave_Number_10
0.296498 0.271443 0.188970 NaN NaN NaN 
Asymmetry_10
-0.018904 -0.070643 -0.045729 NaN NaN NaN 
Stretch_10
0.279619 0.362934 0.309455 NaN NaN NaN 
Attenuation_10
45.673154 33.942979 40.959835 NaN NaN NaN 
Brush_Stroke_10
0.164039 0.132178 0.285300 NaN NaN NaN 
Activity_Index_10
206.735158 159.885714 177.381409 NaN NaN NaN 
usability
0.988971 0.970588 0.981618 0.933824 0.599265 0.288603 
status
valid
valid
valid
rejected
rejected
rejected
highThr
46.000000 50.000000 44.000000 45.000000 48.000000 47.000000 
lowThr
25.000000 19.000000 22.000000 25.000000 28.000000 17.000000 
prevThr
25.000000 25.000000 25.000000 25.000000 25.000000 25.000000 
highThrDef
46.000000 50.000000 44.000000 45.000000 48.000000 47.000000 
lowThrDef
25.000000 19.000000 22.000000 25.000000 28.000000 17.000000 
prevThrDef
25.000000 25.000000 25.000000 25.000000 25.000000 25.000000 
manualSeparators






separators
1    8   10   54   55  441  442  481  482  529  530  545
1  147  148  247  256  284  285  288  289  301  302  303  401  402  478  479  545
1   36   37  127  128  202  203  241  242  289  290  293  294  319  321  510  511  541  542  545
1   17   19   28   37   40   43   44   45   46   48   49   51   52   54   55   58   59   63   64   71   72   73   74   78   79   90   91   95   96   99  100  103  104  115  116  296  297  455  456  469  470  476  477  489  490  532  533  545
1  141  142  247  256  321  322  536  537  541  542  545
1  381  382  393  396  397  404  405  531  532  545
