fields 34
worms 4
Wave_Initiation_Rate_Median
45.408567 102.692526 103.752909 NaN 
Wave_Initiation_Rate_Range
67.911018 51.158635 27.230463 NaN 
Body_Wave_Number_Median
0.995946 0.462755 0.253219 NaN 
Body_Wave_Number_Range
0.731756 0.274068 0.302397 NaN 
Asymmetry_Median
0.017744 -0.005847 -0.002031 NaN 
Asymmetry_Range
0.179072 0.113162 0.042435 NaN 
Reverse_Swimming
5.892216 0.142012 7.567031 NaN 
Curling
0.973631 3.439490 0.000000 NaN 
Stretch_Median
0.582014 0.441830 0.471315 NaN 
Stretch_Range
0.137035 0.191920 0.227410 NaN 
Attenuation_Median
54.543307 68.032520 66.573815 NaN 
Attenuation_Range
36.018946 22.927880 22.755722 NaN 
Traveling_Speed_Mean
3.225497 5.740342 10.758330 NaN 
Brush_Stroke_Median
0.144189 0.315202 0.388235 NaN 
Brush_Stroke_Range
0.050558 0.158522 0.454768 NaN 
Activity_Index_Median
152.933807 349.697547 397.466886 NaN 
Activity_Index_Range
174.307724 170.901816 601.632764 NaN 
Wave_Initiation_Rate_10
10.894807 58.602062 89.742992 NaN 
Body_Wave_Number_10
0.692241 0.363284 0.104601 NaN 
Asymmetry_10
-0.096735 -0.102991 -0.019999 NaN 
Stretch_10
0.486657 0.372668 0.349547 NaN 
Attenuation_10
30.639695 53.263816 52.063891 NaN 
Brush_Stroke_10
0.117558 0.232480 0.266873 NaN 
Activity_Index_10
26.232100 234.240136 275.074460 NaN 
usability
0.906250 0.865809 0.889706 0.000000 
status
valid
valid
valid
rejected
highThr
63.000000 71.000000 60.000000 NaN 
lowThr
37.000000 22.000000 22.000000 0.000000 
prevThr
25.000000 25.000000 10.000000 25.000000 
highThrDef
63.000000 71.000000 60.000000 NaN 
lowThrDef
37.000000 22.000000 22.000000 0.000000 
prevThrDef
25.000000 25.000000 25.000000 25.000000 
manualSeparators
441



separators
1  239  241  279  280  291  292  304  305  328  329  401  402  403  441  454  455  470  471  498  499  545
1   29   30   59   60   61   79   80   81   82  100  101  141  142  245  246  247  255  257  258  406  407  422  423  535  536  545
1   41  213  221  269  270  378  379  457  458  459  468  469  473  475  491  492  507  508  509  510  526  527  545
1  545
