fields 34
worms 6
Wave_Initiation_Rate_Median
50.129368 18.450453 8.444789 34.658940 34.744510 NaN 
Wave_Initiation_Rate_Range
18.341279 11.852013 4.394099 22.945445 2.205121 NaN 
Body_Wave_Number_Median
1.132621 1.320791 1.683639 0.651857 1.042383 NaN 
Body_Wave_Number_Range
0.276945 0.664020 0.489686 0.597659 0.416516 NaN 
Asymmetry_Median
-0.016215 0.064421 0.024060 0.001488 0.011940 NaN 
Asymmetry_Range
0.036182 0.252177 0.145397 0.095723 0.044064 NaN 
Reverse_Swimming
0.000000 6.016559 0.000000 1.486486 0.000000 NaN 
Curling
0.748441 0.992647 0.000000 0.820046 0.000000 NaN 
Stretch_Median
0.463128 0.689127 0.527272 0.606579 0.562495 NaN 
Stretch_Range
0.148060 0.105752 0.247738 0.120195 0.159152 NaN 
Attenuation_Median
54.930660 52.599754 70.470757 24.713913 64.667120 NaN 
Attenuation_Range
11.301800 31.342281 38.194768 26.254961 22.830655 NaN 
Traveling_Speed_Mean
2.769663 2.757670 1.918716 3.326253 2.297470 NaN 
Brush_Stroke_Median
0.050246 0.080446 0.038670 0.123204 0.077413 NaN 
Brush_Stroke_Range
0.011863 0.022613 0.014957 0.035066 0.030226 NaN 
Activity_Index_Median
118.658456 48.730293 16.835776 131.881199 82.633817 NaN 
Activity_Index_Range
37.525580 36.825470 10.721993 21.025721 31.529479 NaN 
Wave_Initiation_Rate_10
33.900867 10.082390 7.127995 14.831952 33.560036 NaN 
Body_Wave_Number_10
0.933392 0.896982 1.422246 0.503214 0.839146 NaN 
Asymmetry_10
-0.030058 -0.135293 -0.044983 -0.055945 -0.007143 NaN 
Stretch_10
0.415157 0.628020 0.412308 0.548417 0.465868 NaN 
Attenuation_10
49.312228 45.532456 49.564735 8.857501 49.739925 NaN 
Brush_Stroke_10
0.045583 0.071193 0.033988 0.100933 0.069830 NaN 
Activity_Index_10
92.472695 22.250706 12.812987 121.946163 74.691825 NaN 
usability
0.884191 1.000000 1.000000 0.806985 0.919118 0.000000 
status
valid
valid
valid
valid
valid
rejected
highThr
69.000000 67.000000 76.000000 68.000000 67.000000 NaN 
lowThr
53.000000 49.000000 48.000000 39.000000 46.000000 0.000000 
prevThr
25.000000 25.000000 25.000000 25.000000 25.000000 25.000000 
highThrDef
67.000000 67.000000 76.000000 68.000000 67.000000 NaN 
lowThrDef
53.000000 49.000000 49.000000 39.000000 46.000000 0.000000 
prevThrDef
25.000000 25.000000 25.000000 25.000000 25.000000 25.000000 
manualSeparators
70  71


105  106  454  455


separators
1   70   71   74   75   82  141  142  545
1  261  262  477  478  545
1  545
1   61   62  100  105  106  123  141  142  161  454  455  545
1   41   42  541  545
1  545
