fields 34
worms 5
Wave_Initiation_Rate_Median
163.130191 169.333512 152.937655 161.988366 NaN 
Wave_Initiation_Rate_Range
120.264984 2.246597 155.976326 66.769582 NaN 
Body_Wave_Number_Median
0.481693 0.481860 0.578008 0.463739 NaN 
Body_Wave_Number_Range
0.460111 0.303312 0.960311 0.430864 NaN 
Asymmetry_Median
-0.000633 -0.009442 -0.009484 0.004062 NaN 
Asymmetry_Range
0.039711 0.015734 0.037625 0.053619 NaN 
Reverse_Swimming
0.000000 0.000000 0.000000 0.000000 NaN 
Curling
0.000000 0.000000 0.000000 0.121704 NaN 
Stretch_Median
0.298265 0.296816 0.363869 0.318990 NaN 
Stretch_Range
0.189716 0.102982 0.349480 0.189141 NaN 
Attenuation_Median
72.773428 76.762076 70.967075 72.888114 NaN 
Attenuation_Range
23.839848 17.633088 26.773152 25.056241 NaN 
Traveling_Speed_Mean
23.157264 7.750575 13.190225 18.699803 NaN 
Brush_Stroke_Median
0.438732 0.343830 0.404515 0.460247 NaN 
Brush_Stroke_Range
0.107239 0.193196 0.200546 0.083989 NaN 
Activity_Index_Median
428.308695 348.324698 376.725231 450.208051 NaN 
Activity_Index_Range
319.669033 184.860355 432.341104 160.706693 NaN 
Wave_Initiation_Rate_10
49.471052 168.100110 10.074739 102.866294 NaN 
Body_Wave_Number_10
0.330255 0.311813 0.420729 0.286719 NaN 
Asymmetry_10
-0.021924 -0.017287 -0.027100 -0.012812 NaN 
Stretch_10
0.238000 0.251816 0.302217 0.260707 NaN 
Attenuation_10
59.653360 67.352356 55.576846 57.515117 NaN 
Brush_Stroke_10
0.404153 0.311657 0.265242 0.417012 NaN 
Activity_Index_10
165.213332 316.128052 15.845467 335.400423 NaN 
usability
0.992647 0.977941 0.944853 0.906250 0.419118 
status
valid
valid
valid
valid
rejected
highThr
61.000000 59.000000 58.000000 55.000000 60.000000 
lowThr
42.000000 44.000000 37.000000 30.000000 26.000000 
prevThr
10.000000 25.000000 10.000000 10.000000 25.000000 
highThrDef
61.000000 59.000000 58.000000 55.000000 60.000000 
lowThrDef
42.000000 44.000000 37.000000 30.000000 26.000000 
prevThrDef
25.000000 25.000000 25.000000 25.000000 25.000000 
manualSeparators



96  97

separators
1  538  541  542  543  545
1  194  195  214  216  222  224  225  226  244  245  246  247  279  281  545
1   13   14  140  141  153  154  208  209  214  216  221  222  225  241  242  244  247  545
1   41   42   96   97   98  453  454  538  541  543  544  545
1  301  302  308  309  310  312  317  318  332  333  389  390  402  403  404  405  417  418  422  423  424  425  426  428  429  430  431  432  433  545
