fields 34
worms 5
Wave_Initiation_Rate_Median
58.659926 66.720368 86.584490 68.781618 68.826884 
Wave_Initiation_Rate_Range
69.885752 32.571401 37.283972 48.858527 88.461591 
Body_Wave_Number_Median
0.283290 0.554932 0.582110 0.551855 0.563139 
Body_Wave_Number_Range
0.749707 0.317927 0.301382 0.358717 0.692970 
Asymmetry_Median
-0.007668 0.008610 -0.000052 -0.003677 -0.012792 
Asymmetry_Range
0.123019 0.128176 0.092084 0.038620 0.135764 
Reverse_Swimming
4.691812 0.000000 0.000000 0.000000 0.000000 
Curling
0.226843 0.554529 0.000000 0.000000 0.110701 
Stretch_Median
0.494489 0.447244 0.375579 0.372293 0.383722 
Stretch_Range
0.292457 0.231077 0.166408 0.159165 0.359409 
Attenuation_Median
67.060886 63.568946 65.703178 66.245589 68.148286 
Attenuation_Range
14.259972 16.661603 17.223245 18.564023 13.326781 
Traveling_Speed_Mean
4.473955 4.379757 8.391750 6.131072 6.262517 
Brush_Stroke_Median
0.155789 0.155954 0.241564 0.196053 0.247559 
Brush_Stroke_Range
0.103878 0.040493 0.031563 0.076280 0.097523 
Activity_Index_Median
196.733521 159.773255 236.652607 212.724495 199.892180 
Activity_Index_Range
190.456393 71.660743 110.265126 87.449267 222.487483 
Wave_Initiation_Rate_10
32.556270 34.998817 66.722903 35.374541 12.724447 
Body_Wave_Number_10
0.083031 0.351076 0.407636 0.351225 0.314676 
Asymmetry_10
-0.094320 -0.088605 -0.061368 -0.024949 -0.090344 
Stretch_10
0.322616 0.382795 0.311562 0.316244 0.312093 
Attenuation_10
57.723118 55.636354 55.947398 55.687967 60.272811 
Brush_Stroke_10
0.132505 0.141271 0.227304 0.169120 0.175554 
Activity_Index_10
76.395139 110.062108 173.131695 155.975933 22.414754 
usability
0.972426 0.994485 1.000000 0.998162 0.996324 
status
valid
valid
valid
valid
valid
highThr
64.000000 64.000000 63.000000 66.000000 66.000000 
lowThr
39.000000 50.000000 47.000000 50.000000 50.000000 
prevThr
25.000000 25.000000 25.000000 25.000000 25.000000 
highThrDef
64.000000 64.000000 63.000000 66.000000 66.000000 
lowThrDef
39.000000 50.000000 47.000000 50.000000 50.000000 
prevThrDef
25.000000 25.000000 25.000000 25.000000 25.000000 
manualSeparators





separators
1  156  157  162  163  259  260  317  319  362  363  397  398  426  428  449  452  459  460  462  463  524  525  545
1   41   42  476  477  501  502  545
1  545
1  238  239  545
1  416  417  441  442  545
