fields 34
worms 5
Wave_Initiation_Rate_Median
NaN 20.875524 9.163356 NaN 7.305503 
Wave_Initiation_Rate_Range
NaN 24.838761 5.604833 NaN 1.474593 
Body_Wave_Number_Median
NaN 1.255068 1.570064 NaN 1.800208 
Body_Wave_Number_Range
NaN 0.861413 0.709786 NaN 0.216770 
Asymmetry_Median
NaN -0.017821 -0.053956 NaN -0.009705 
Asymmetry_Range
NaN 0.114417 0.150543 NaN 0.298635 
Reverse_Swimming
NaN 7.562098 0.000000 NaN 0.000000 
Curling
NaN 0.000000 0.000000 NaN 0.000000 
Stretch_Median
NaN 0.520234 0.506808 NaN 0.351120 
Stretch_Range
NaN 0.188208 0.240425 NaN 0.231299 
Attenuation_Median
NaN 53.878216 58.829649 NaN 87.310369 
Attenuation_Range
NaN 36.510361 21.116270 NaN 36.372115 
Traveling_Speed_Mean
NaN 1.772801 2.475121 NaN 1.042308 
Brush_Stroke_Median
NaN 0.074682 0.052765 NaN 0.029098 
Brush_Stroke_Range
NaN 0.036057 0.016979 NaN 0.008275 
Activity_Index_Median
NaN 70.108865 25.517079 NaN 10.461021 
Activity_Index_Range
NaN 60.190131 18.939765 NaN 3.878582 
Wave_Initiation_Rate_10
NaN 10.071210 6.862761 NaN 6.431548 
Body_Wave_Number_10
NaN 0.720202 1.113696 NaN 1.695797 
Asymmetry_10
NaN -0.084378 -0.108252 NaN -0.180222 
Stretch_10
NaN 0.426773 0.360166 NaN 0.192076 
Attenuation_10
NaN 43.642873 45.706013 NaN 60.546794 
Brush_Stroke_10
NaN 0.060088 0.043769 NaN 0.025218 
Activity_Index_10
NaN 29.462922 16.037078 NaN 8.693564 
usability
0.185662 0.976103 1.000000 0.569853 0.926471 
status
rejected
valid
valid
rejected
valid
highThr
72.000000 79.000000 67.000000 76.000000 65.000000 
lowThr
41.000000 49.000000 51.000000 50.000000 43.000000 
prevThr
25.000000 25.000000 25.000000 25.000000 25.000000 
highThrDef
72.000000 79.000000 67.000000 76.000000 65.000000 
lowThrDef
41.000000 48.000000 51.000000 50.000000 43.000000 
prevThrDef
25.000000 25.000000 25.000000 25.000000 25.000000 
manualSeparators

322  325

173

separators
1  101  102  103  104  105  108  141  161  201  241  242  301  302  361  362  545
1  183  191  254  259  289  294  322  325  545
1  545
1    8   60   61  143  173  187  188  204  205  207  208  213  214  227  277  292  293  298  299  301  302  309  310  341  357  382  439  441  545
1   41  545
