fields 34
worms 5
Wave_Initiation_Rate_Median
13.708708 6.042752 5.781495 101.237253 NaN 
Wave_Initiation_Rate_Range
26.469612 0.854209 0.824419 13.187684 NaN 
Body_Wave_Number_Median
1.438536 1.907806 1.949350 0.750193 NaN 
Body_Wave_Number_Range
0.826545 0.118334 0.055113 0.277512 NaN 
Asymmetry_Median
0.003518 0.030914 -0.117062 0.001508 NaN 
Asymmetry_Range
0.174184 0.110369 0.011673 0.034156 NaN 
Reverse_Swimming
0.386385 0.000000 0.000000 0.000000 NaN 
Curling
0.772059 0.000000 0.000000 0.000000 NaN 
Stretch_Median
0.596856 0.444000 0.240900 0.364633 NaN 
Stretch_Range
0.329117 0.193271 0.086923 0.151661 NaN 
Attenuation_Median
51.602347 74.578509 68.082985 61.003409 NaN 
Attenuation_Range
48.398265 16.401997 14.254231 20.242595 NaN 
Traveling_Speed_Mean
2.975485 0.376875 0.236746 8.765068 NaN 
Brush_Stroke_Median
0.054501 0.027088 0.025869 0.232800 NaN 
Brush_Stroke_Range
0.039996 0.003446 0.001142 0.036747 NaN 
Activity_Index_Median
47.854341 8.474383 7.421061 233.044340 NaN 
Activity_Index_Range
79.080607 1.693981 1.156178 48.452859 NaN 
Wave_Initiation_Rate_10
7.423894 5.728662 5.502445 88.695677 NaN 
Body_Wave_Number_10
0.941802 1.829290 1.911049 0.638106 NaN 
Asymmetry_10
-0.035786 0.010687 -0.120550 -0.020043 NaN 
Stretch_10
0.442471 0.308160 0.208438 0.300109 NaN 
Attenuation_10
31.016073 65.563316 59.694187 49.974100 NaN 
Brush_Stroke_10
0.040177 0.025827 0.025367 0.215549 NaN 
Activity_Index_10
17.371228 7.381084 7.129558 202.167933 NaN 
usability
1.000000 0.994485 1.000000 0.972426 0.523897 
status
valid
valid
valid
valid
rejected
highThr
70.000000 48.000000 52.000000 64.000000 64.000000 
lowThr
54.000000 36.000000 38.000000 49.000000 29.000000 
prevThr
25.000000 25.000000 25.000000 25.000000 25.000000 
highThrDef
70.000000 48.000000 51.000000 64.000000 64.000000 
lowThrDef
54.000000 36.000000 40.000000 49.000000 29.000000 
prevThrDef
25.000000 25.000000 25.000000 25.000000 25.000000 
manualSeparators




291  403  404
separators
1  232  233  234  235  245  247  545
1    2  525  526  527  528  545
1  524  527  535  545
1  109  110  245  247  456  457  524  527  531  532  535  543  545
1  121  122  141  175  176  291  294  295  299  300  301  302  303  402  403  404  421  422  423  425  443  541  542  545
