fields 34
worms 5
Wave_Initiation_Rate_Median
11.408462 NaN 10.477747 7.231902 6.641824 
Wave_Initiation_Rate_Range
10.213696 NaN 3.046438 3.408810 2.713050 
Body_Wave_Number_Median
1.515124 NaN 1.534823 1.858395 1.806974 
Body_Wave_Number_Range
0.546412 NaN 0.518254 0.269403 0.457379 
Asymmetry_Median
0.046185 NaN 0.101737 -0.082035 0.051583 
Asymmetry_Range
0.169108 NaN 0.349188 0.019712 0.063452 
Reverse_Swimming
0.000000 NaN 0.000000 0.000000 0.000000 
Curling
1.340782 NaN 21.468927 0.000000 0.000000 
Stretch_Median
0.644370 NaN 0.615739 0.447564 0.301761 
Stretch_Range
0.224584 NaN 0.312978 0.190391 0.142888 
Attenuation_Median
66.154359 NaN 55.689457 80.797394 77.475880 
Attenuation_Range
33.612776 NaN 46.411320 8.982874 16.605319 
Traveling_Speed_Mean
1.391535 NaN 1.096459 0.403424 1.203650 
Brush_Stroke_Median
0.049055 NaN 0.042844 0.025402 0.034654 
Brush_Stroke_Range
0.013994 NaN 0.023923 0.001652 0.014079 
Activity_Index_Median
31.553890 NaN 21.577792 9.164062 11.767536 
Activity_Index_Range
31.747255 NaN 15.141112 4.050025 8.893730 
Wave_Initiation_Rate_10
8.900718 NaN 9.025507 5.907663 5.972219 
Body_Wave_Number_10
1.302948 NaN 1.230394 1.664080 1.455517 
Asymmetry_10
-0.043819 NaN -0.083562 -0.087157 0.010154 
Stretch_10
0.524159 NaN 0.551396 0.343443 0.233706 
Attenuation_10
47.022589 NaN 31.451284 77.170920 65.824120 
Brush_Stroke_10
0.041224 NaN 0.030808 0.024922 0.028275 
Activity_Index_10
19.701355 NaN 14.921211 7.416926 8.582365 
usability
0.987132 0.503676 0.976103 1.000000 1.000000 
status
valid
rejected
valid
valid
valid
highThr
61.000000 70.000000 67.000000 49.000000 70.000000 
lowThr
43.000000 32.000000 46.000000 38.000000 52.000000 
prevThr
25.000000 25.000000 25.000000 25.000000 25.000000 
highThrDef
61.000000 70.000000 67.000000 49.000000 70.000000 
lowThrDef
43.000000 32.000000 46.000000 38.000000 52.000000 
prevThrDef
25.000000 25.000000 25.000000 25.000000 25.000000 
manualSeparators
341
24   25   26   28   29   34   35   36   37   38   88   99  210  280  281  283  284  289  290  294  295  303  304  322  323  336  418
296  541


separators
1  222  224  313  314  341  344  345  356  357  545
1   24   25   26   28   29   30   31   34   35   36   37   38   88   99  100  101  102  181  182  210  221  222  280  281  283  284  286  289  290  293  294  295  303  304  312  313  316  317  322  323  324  336  361  362  382  383  418  420  421  422  425  441  442  545
1   21   22   41   42   45   46  204  205  222  223  240  241  296  301  302  538  539  541  545
1  545
1    2  545
