fields 34
worms 5
Wave_Initiation_Rate_Median
100.962505 88.270450 85.432889 86.134322 82.699155 
Wave_Initiation_Rate_Range
22.393392 68.500997 30.663157 67.677056 32.395342 
Body_Wave_Number_Median
0.583590 0.429030 0.624663 0.521282 0.630970 
Body_Wave_Number_Range
0.334525 0.553678 0.222103 0.418050 0.273330 
Asymmetry_Median
-0.005791 0.001839 -0.011512 0.007611 0.005581 
Asymmetry_Range
0.039677 0.122670 0.032639 0.111840 0.060065 
Reverse_Swimming
0.000000 4.912603 0.000000 0.772769 0.000000 
Curling
0.000000 1.330869 0.000000 2.218115 0.000000 
Stretch_Median
0.408395 0.366525 0.353003 0.372212 0.408354 
Stretch_Range
0.123814 0.189368 0.127995 0.319169 0.182705 
Attenuation_Median
66.171851 68.934089 71.795634 64.904972 71.396974 
Attenuation_Range
18.714440 35.411983 17.560654 24.488172 14.218558 
Traveling_Speed_Mean
8.539049 5.469291 7.320789 6.117180 7.664788 
Brush_Stroke_Median
0.243335 0.283318 0.225012 0.248378 0.177128 
Brush_Stroke_Range
0.059412 0.069378 0.029834 0.045738 0.040639 
Activity_Index_Median
236.742507 231.464267 216.813525 220.497150 192.806039 
Activity_Index_Range
45.287776 170.541591 77.739511 168.196967 73.466224 
Wave_Initiation_Rate_10
79.703747 48.513234 69.791999 32.943753 52.258612 
Body_Wave_Number_10
0.445522 0.139791 0.529972 0.195368 0.483230 
Asymmetry_10
-0.034851 -0.082648 -0.034195 -0.014040 -0.042376 
Stretch_10
0.361377 0.319481 0.287766 0.319159 0.347870 
Attenuation_10
56.132011 42.613302 61.769344 47.518091 63.179433 
Brush_Stroke_10
0.222811 0.243227 0.210831 0.226337 0.158651 
Activity_Index_10
212.335693 107.346548 174.164040 81.640857 140.439623 
usability
1.000000 0.994485 1.000000 0.994485 0.996324 
status
valid
valid
valid
valid
valid
highThr
56.000000 54.000000 59.000000 59.000000 58.000000 
lowThr
43.000000 37.000000 46.000000 44.000000 42.000000 
prevThr
25.000000 25.000000 25.000000 25.000000 25.000000 
highThrDef
56.000000 54.000000 59.000000 59.000000 58.000000 
lowThrDef
43.000000 37.000000 46.000000 44.000000 42.000000 
prevThrDef
25.000000 25.000000 25.000000 25.000000 25.000000 
manualSeparators





separators
1  545
1  134  135  141  142  528  529  545
1  545
1  449  450  521  522  535  536  545
1  328  329  461  462  545
