fields 34
worms 5
Wave_Initiation_Rate_Median
67.054657 69.018386 84.375356 67.580884 68.106947 
Wave_Initiation_Rate_Range
13.761275 8.152870 3.246426 31.999540 14.741172 
Body_Wave_Number_Median
0.595789 0.692224 0.701451 0.666642 0.657282 
Body_Wave_Number_Range
0.241838 0.226215 0.197573 0.498649 0.134466 
Asymmetry_Median
-0.024134 0.003777 -0.015550 -0.002948 -0.039062 
Asymmetry_Range
0.030879 0.044238 0.029241 0.135492 0.065351 
Reverse_Swimming
0.000000 0.000000 0.000000 4.902962 0.000000 
Curling
0.000000 0.000000 0.000000 0.000000 0.000000 
Stretch_Median
0.423658 0.422968 0.415394 0.500539 0.541649 
Stretch_Range
0.136234 0.138197 0.155666 0.210054 0.204261 
Attenuation_Median
72.880752 65.381040 60.607745 63.413480 70.925920 
Attenuation_Range
9.737999 11.225032 19.971980 24.554847 17.673270 
Traveling_Speed_Mean
2.807684 10.048321 9.594241 10.053599 7.824100 
Brush_Stroke_Median
0.143097 0.191368 0.245419 0.090779 0.192465 
Brush_Stroke_Range
0.016145 0.042082 0.028048 0.051079 0.032928 
Activity_Index_Median
170.452646 199.622129 228.580858 270.441828 199.315515 
Activity_Index_Range
26.706887 40.483599 23.000106 219.373749 37.867589 
Wave_Initiation_Rate_10
53.824467 67.214094 83.144799 36.516031 67.236554 
Body_Wave_Number_10
0.492806 0.550287 0.607149 0.284023 0.580221 
Asymmetry_10
-0.045718 -0.028033 -0.033109 -0.040543 -0.060155 
Stretch_10
0.364888 0.363401 0.354619 0.386647 0.436011 
Attenuation_10
67.849030 58.506722 48.096867 50.452014 62.700862 
Brush_Stroke_10
0.135628 0.176323 0.230805 0.067693 0.177099 
Activity_Index_10
149.957591 181.828896 216.628547 170.280539 185.759547 
usability
1.000000 0.998162 1.000000 0.976103 0.992647 
status
valid
valid
valid
valid
valid
highThr
70.000000 73.000000 69.000000 74.000000 74.000000 
lowThr
54.000000 57.000000 54.000000 45.000000 57.000000 
prevThr
25.000000 25.000000 25.000000 25.000000 25.000000 
highThrDef
70.000000 73.000000 69.000000 74.000000 74.000000 
lowThrDef
54.000000 57.000000 54.000000 45.000000 57.000000 
prevThrDef
25.000000 25.000000 25.000000 25.000000 25.000000 
manualSeparators

165  166



separators
1  545
1  165  166  545
1  185  186  545
1   76   86   87   88   89  308  310  324  325  376  377  383  384  392  393  441  442  467  468  481  483  539  540  541  542  545
1  443  444  521  523  524  525  545
