fields 34
worms 5
Wave_Initiation_Rate_Median
34.196730 36.792353 7.834728 10.094931 67.441981 
Wave_Initiation_Rate_Range
22.727307 27.231719 5.067490 51.985792 14.988310 
Body_Wave_Number_Median
0.838991 0.755716 1.802839 1.563303 1.118537 
Body_Wave_Number_Range
0.503172 0.342224 0.374558 0.969711 0.540480 
Asymmetry_Median
-0.014327 0.002604 0.079864 -0.002291 -0.000396 
Asymmetry_Range
0.123059 0.054182 0.119493 0.037932 0.046437 
Reverse_Swimming
0.000000 0.000000 0.000000 0.000000 0.000000 
Curling
0.000000 0.000000 6.309751 0.000000 0.000000 
Stretch_Median
0.613449 0.471288 0.681459 0.449813 0.446076 
Stretch_Range
0.307175 0.346284 0.310814 0.245857 0.133512 
Attenuation_Median
72.222173 66.146416 57.044382 61.144273 51.431742 
Attenuation_Range
13.991952 23.239846 68.183252 18.460659 17.635144 
Traveling_Speed_Mean
4.940685 6.848761 0.866544 4.232814 4.408294 
Brush_Stroke_Median
0.166795 0.140120 0.038721 0.063122 0.095573 
Brush_Stroke_Range
0.068838 0.046338 0.013967 0.013149 0.029266 
Activity_Index_Median
121.146245 107.289511 14.523781 30.365024 133.209820 
Activity_Index_Range
95.409933 76.215295 10.382333 155.657069 20.498613 
Wave_Initiation_Rate_10
28.661616 33.029391 6.092656 7.782894 52.953377 
Body_Wave_Number_10
0.526420 0.576870 1.570660 0.784860 0.852848 
Asymmetry_10
-0.058590 -0.014781 0.029043 -0.016776 -0.031021 
Stretch_10
0.482553 0.399959 0.479794 0.358636 0.388610 
Attenuation_10
66.489228 50.917938 13.324209 50.992973 43.628969 
Brush_Stroke_10
0.123649 0.122969 0.032650 0.055302 0.087568 
Activity_Index_10
73.812501 84.504013 10.114665 23.915989 122.334597 
usability
0.994485 1.000000 0.961397 1.000000 1.000000 
status
valid
valid
valid
valid
valid
highThr
74.000000 74.000000 70.000000 65.000000 66.000000 
lowThr
49.000000 52.000000 41.000000 49.000000 50.000000 
prevThr
25.000000 25.000000 25.000000 25.000000 25.000000 
highThrDef
74.000000 74.000000 70.000000 65.000000 66.000000 
lowThrDef
49.000000 52.000000 41.000000 49.000000 50.000000 
prevThrDef
25.000000 25.000000 25.000000 25.000000 25.000000 
manualSeparators


20   21   19   18   17   16   15  166  167  518  519  538  539


separators
1  347  350  463  464  544  545
1  194  196  545
1   15   16   17   18   19   20   21   22  163  166  167  501  502  518  519  521  522  525  526  538  539  541  542  543  544  545
1  545
1  205  207  545
