fields 34
worms 6
Wave_Initiation_Rate_Median
34.761843 40.568939 9.235324 68.406604 68.062012 NaN 
Wave_Initiation_Rate_Range
21.504494 46.556312 8.218129 55.948518 63.908164 NaN 
Body_Wave_Number_Median
1.084660 0.651375 1.602626 0.645903 0.709259 NaN 
Body_Wave_Number_Range
0.713197 0.819159 0.793338 0.562653 0.407211 NaN 
Asymmetry_Median
-0.003027 -0.045045 0.016867 -0.008925 -0.019778 NaN 
Asymmetry_Range
0.071369 0.132921 0.153143 0.101506 0.079562 NaN 
Reverse_Swimming
0.000000 5.574977 6.568537 7.473054 14.734774 NaN 
Curling
0.000000 0.330882 0.000000 0.265487 0.661157 NaN 
Stretch_Median
0.460600 0.486887 0.538693 0.452277 0.467307 NaN 
Stretch_Range
0.282986 0.225610 0.269812 0.246701 0.146993 NaN 
Attenuation_Median
56.148942 51.814393 80.620533 59.269304 54.067712 NaN 
Attenuation_Range
17.633541 22.625443 26.488920 32.044776 60.091735 NaN 
Traveling_Speed_Mean
3.973448 8.961343 1.245444 5.784205 2.437715 NaN 
Brush_Stroke_Median
0.090874 0.144814 0.038723 0.058535 0.085069 NaN 
Brush_Stroke_Range
0.046265 0.049316 0.019935 0.025381 0.016071 NaN 
Activity_Index_Median
84.246899 109.837563 17.577463 160.655943 289.612644 NaN 
Activity_Index_Range
50.359376 135.920323 22.815695 144.580079 130.568710 NaN 
Wave_Initiation_Rate_10
25.673326 17.079932 6.582211 33.480324 15.537482 NaN 
Body_Wave_Number_10
0.618418 0.118751 1.040365 0.366809 0.528570 NaN 
Asymmetry_10
-0.054191 -0.119602 -0.048677 -0.083173 -0.039023 NaN 
Stretch_10
0.369515 0.344133 0.403573 0.380662 0.399846 NaN 
Attenuation_10
46.464184 38.474281 61.188952 35.849524 6.277853 NaN 
Brush_Stroke_10
0.075551 0.119579 0.033347 0.046869 0.074006 NaN 
Activity_Index_10
64.629943 41.919876 12.395043 77.961855 217.165821 NaN 
usability
1.000000 1.000000 1.000000 0.830882 0.667279 0.036765 
status
valid
valid
valid
valid
valid
rejected
highThr
74.000000 70.000000 69.000000 72.000000 72.000000 58.000000 
lowThr
53.000000 53.000000 54.000000 37.000000 37.000000 42.000000 
prevThr
25.000000 25.000000 25.000000 25.000000 25.000000 25.000000 
highThrDef
74.000000 70.000000 69.000000 72.000000 72.000000 58.000000 
lowThrDef
53.000000 53.000000 54.000000 37.000000 37.000000 42.000000 
prevThrDef
25.000000 25.000000 25.000000 25.000000 25.000000 25.000000 
manualSeparators



379
540

separators
1  241  242  412  413  545
1  381  382  545
1    3    4  363  364  365  368  545
1  150  151  282  283  377  379  383  384  385  388  441  442  461  462  493  494  500  501  545
1   41   46   47  125  126  127  128  129  136  138  144  161  162  184  192  193  205  215  221  222  241  367  368  375  376  441  442  492  493  540  545
1  161  162  375  376  379  381  382  392  393  409  419  420  441  442  447  545
