fields 34
worms 5
Wave_Initiation_Rate_Median
7.935393 67.138794 8.230530 7.147382 NaN 
Wave_Initiation_Rate_Range
3.690308 24.340059 1.840970 0.904839 NaN 
Body_Wave_Number_Median
1.786281 0.703430 1.737562 1.869289 NaN 
Body_Wave_Number_Range
0.340126 0.474145 0.272749 0.161501 NaN 
Asymmetry_Median
0.012071 -0.001968 -0.057851 0.228951 NaN 
Asymmetry_Range
0.070347 0.050154 0.019433 0.036217 NaN 
Reverse_Swimming
0.000000 3.367065 0.000000 0.000000 NaN 
Curling
0.000000 0.000000 0.000000 48.507042 NaN 
Stretch_Median
0.535640 0.412961 0.298318 0.596952 NaN 
Stretch_Range
0.166543 0.202881 0.310067 0.126506 NaN 
Attenuation_Median
73.799178 61.492491 71.447894 70.192435 NaN 
Attenuation_Range
33.787529 23.460865 36.805599 12.934245 NaN 
Traveling_Speed_Mean
1.352423 4.848611 0.482799 0.040816 NaN 
Brush_Stroke_Median
0.040910 0.067062 0.027616 0.025978 NaN 
Brush_Stroke_Range
0.012176 0.013713 0.002243 0.001553 NaN 
Activity_Index_Median
17.306042 213.716206 11.517091 9.213411 NaN 
Activity_Index_Range
11.918776 99.204365 2.388957 0.905321 NaN 
Wave_Initiation_Rate_10
6.801438 43.545096 7.386985 6.678989 NaN 
Body_Wave_Number_10
1.548665 0.448843 1.566515 1.798175 NaN 
Asymmetry_10
-0.032076 -0.024423 -0.066303 0.214636 NaN 
Stretch_10
0.456522 0.329003 0.242443 0.509241 NaN 
Attenuation_10
51.083865 48.319535 47.510400 62.686874 NaN 
Brush_Stroke_10
0.036021 0.061227 0.027010 0.025331 NaN 
Activity_Index_10
13.046364 149.385653 10.431606 8.664368 NaN 
usability
0.996324 1.000000 1.000000 0.652574 0.000000 
status
valid
valid
valid
valid
rejected
highThr
65.000000 66.000000 45.000000 66.000000 NaN 
lowThr
48.000000 50.000000 34.000000 35.000000 0.000000 
prevThr
25.000000 25.000000 25.000000 80.000000 25.000000 
highThrDef
62.000000 66.000000 45.000000 66.000000 NaN 
lowThrDef
48.000000 50.000000 34.000000 35.000000 0.000000 
prevThrDef
25.000000 25.000000 25.000000 25.000000 25.000000 
manualSeparators



142  143  202  203  222  223  466  467

separators
1  369  370  385  386  545
1  227  229  243  244  545
1   61   62  545
1  101  102  142  143  144  145  166  167  181  182  192  193  196  197  198  199  201  202  203  212  213  215  216  217  218  221  222  223  241  242  243  244  261  262  263  264  281  282  284  285  286  287  301  302  317  318  381  382  383  384  442  443  448  459  460  461  463  464  465  466  467  470  471  477  478  479  482  484  487  489  500  502  503  504  509  510  511  519  521  545
1  545
