fields 34
worms 5
Wave_Initiation_Rate_Median
NaN NaN 14.957208 7.875519 47.809443 
Wave_Initiation_Rate_Range
NaN NaN 26.328939 2.325543 42.099093 
Body_Wave_Number_Median
NaN NaN 1.556668 1.707713 0.781355 
Body_Wave_Number_Range
NaN NaN 0.972897 0.257890 1.274980 
Asymmetry_Median
NaN NaN -0.024645 -0.177490 0.013398 
Asymmetry_Range
NaN NaN 0.163294 0.086777 0.185022 
Reverse_Swimming
NaN NaN 0.000000 0.000000 6.584362 
Curling
NaN NaN 3.850932 12.277992 6.315789 
Stretch_Median
NaN NaN 0.639023 0.337324 0.616852 
Stretch_Range
NaN NaN 0.281066 0.173309 0.512199 
Attenuation_Median
NaN NaN 71.894552 63.997374 51.401882 
Attenuation_Range
NaN NaN 33.136873 23.431265 37.582975 
Traveling_Speed_Mean
NaN NaN 1.201218 0.198550 1.658341 
Brush_Stroke_Median
NaN NaN 0.047409 0.029529 0.092947 
Brush_Stroke_Range
NaN NaN 0.017734 0.003264 0.039094 
Activity_Index_Median
NaN NaN 38.822579 12.001969 122.803758 
Activity_Index_Range
NaN NaN 66.675226 4.130111 127.547548 
Wave_Initiation_Rate_10
NaN NaN 7.594526 7.018642 10.637669 
Body_Wave_Number_10
NaN NaN 0.816950 1.581460 0.191702 
Asymmetry_10
NaN NaN -0.051749 -0.207822 -0.051856 
Stretch_10
NaN NaN 0.443593 0.290434 0.331167 
Attenuation_10
NaN NaN 50.273550 59.905687 29.011929 
Brush_Stroke_10
NaN NaN 0.039276 0.028342 0.075142 
Activity_Index_10
NaN NaN 18.516541 10.400100 34.625879 
usability
0.564338 0.976103 0.887868 0.952206 0.733456 
status
rejected
rejected
valid
valid
valid
highThr
76.000000 40.000000 55.000000 61.000000 66.000000 
lowThr
33.000000 29.000000 37.000000 39.000000 38.000000 
prevThr
25.000000 25.000000 25.000000 25.000000 25.000000 
highThrDef
76.000000 40.000000 55.000000 61.000000 66.000000 
lowThrDef
10.000000 29.000000 37.000000 39.000000 38.000000 
prevThrDef
25.000000 25.000000 25.000000 25.000000 25.000000 
manualSeparators
341  342  343  344  402  403

100  101  127  128  132  133  134  135  145  146  147
142  143  264  265  266  282  283  289  290
155  156
separators
1   61   62   66   67   79   80   81   84   85   96   97  148  149  271  272  279  281  284  285  303  304  306  309  310  318  341  342  343  344  366  367  384  385  402  403  408  409  411  414  436  438  461  462  471  472  473  476  477  478  479  480  481  482  483  501  502  503  508  509  510  512  513  517  518  521  545
1   43   56  545
1  100  101  102  110  111  113  114  126  127  128  132  133  134  135  141  142  144  145  146  147  152  153  155  181  182  201  545
1   11   12   51   52   76   77  121  122  127  128  141  142  143  162  163  180  181  252  253  259  260  263  264  265  266  281  282  283  289  290  298  299  301  302  321  322  324  325  372  385  545
1   49   58   61   62  101  104  109  110  117  118  122  123  155  156  161  162  204  205  278  280  408  411  462  477  482  483  487  492  545
