fields 34
worms 4
Wave_Initiation_Rate_Median
101.646332 101.553959 14.530845 110.296516 
Wave_Initiation_Rate_Range
42.053767 38.145264 93.300928 69.036033 
Body_Wave_Number_Median
0.497075 0.470983 1.214439 0.365988 
Body_Wave_Number_Range
0.264381 0.297594 1.514474 0.478883 
Asymmetry_Median
0.016122 0.008991 0.021422 -0.008726 
Asymmetry_Range
0.075700 0.043944 0.162950 0.065253 
Reverse_Swimming
0.000000 0.000000 10.328358 5.432836 
Curling
0.681818 0.114068 0.851927 2.569593 
Stretch_Median
0.385833 0.382121 0.506828 0.355593 
Stretch_Range
0.141681 0.169249 0.173291 0.230669 
Attenuation_Median
54.278275 59.411725 43.313772 65.303532 
Attenuation_Range
30.450433 28.360110 64.054278 29.123517 
Traveling_Speed_Mean
8.340515 14.055514 0.853843 4.648174 
Brush_Stroke_Median
0.252255 0.278087 0.051636 0.202617 
Brush_Stroke_Range
0.070718 0.086267 0.024876 0.144799 
Activity_Index_Median
251.596875 294.098945 22.287241 310.383516 
Activity_Index_Range
128.779206 136.281787 52.049980 289.416836 
Wave_Initiation_Rate_10
68.659551 80.604353 6.755702 65.655533 
Body_Wave_Number_10
0.353743 0.303104 0.228794 0.128964 
Asymmetry_10
-0.017970 -0.003987 -0.080894 -0.051896 
Stretch_10
0.340382 0.318327 0.410128 0.277759 
Attenuation_10
38.525779 44.511169 0.235656 47.556260 
Brush_Stroke_10
0.225639 0.237546 0.034950 0.166928 
Activity_Index_10
175.079073 207.864405 11.367330 226.997482 
usability
0.970588 0.966912 0.906250 0.858456 
status
valid
valid
valid
valid
highThr
48.000000 48.000000 46.000000 52.000000 
lowThr
26.000000 26.000000 26.000000 17.000000 
prevThr
25.000000 25.000000 25.000000 25.000000 
highThrDef
48.000000 48.000000 46.000000 52.000000 
lowThrDef
26.000000 26.000000 26.000000 17.000000 
prevThrDef
25.000000 25.000000 25.000000 25.000000 
manualSeparators


419  417  418  416

separators
1   26   27   94   95  117  118  230  231  263  264  274  275  276  301  302  310  311  314  315  320  321  332  333  341  342  361  362  432  433  543  544  545
1   62   63   82   83  162  163  164  172  173  200  201  205  206  282  283  342  344  354  355  356  379  380  381  388  389  390  399  400  465  466  545
1   41   42  416  417  418  419  423  424  425  431  433  434  486  487  488  489  545
1   41   42   68   69   70   71   73   74   76   77   78   79   98   99  107  108  109  110  124  125  145  146  155  156  160  161  177  178  184  185  238  239  246  247  273  274  277  278  279  280  289  290  321  322  323  325  326  327  362  363  488  489  503  504  508  509  512  513  516  519  523  524  528  529  535  536  545
