fields 34
worms 4
Wave_Initiation_Rate_Median
103.765566 93.182915 101.960791 105.049392 
Wave_Initiation_Rate_Range
52.105537 81.965957 42.531543 79.087840 
Body_Wave_Number_Median
0.490530 0.323568 0.453347 0.508925 
Body_Wave_Number_Range
0.276627 0.437543 0.364229 0.616855 
Asymmetry_Median
0.004762 -0.000237 0.014926 0.011061 
Asymmetry_Range
0.100087 0.097906 0.041483 0.072250 
Reverse_Swimming
0.000000 1.657077 5.780731 5.132075 
Curling
2.330097 0.733198 0.000000 0.000000 
Stretch_Median
0.359019 0.357112 0.355693 0.402918 
Stretch_Range
0.259207 0.213636 0.154061 0.211685 
Attenuation_Median
47.046411 62.680700 61.601532 55.249551 
Attenuation_Range
36.049920 27.009780 27.813343 35.084337 
Traveling_Speed_Mean
9.347200 6.254343 6.522812 5.533069 
Brush_Stroke_Median
0.058879 0.336618 0.228859 0.054516 
Brush_Stroke_Range
0.023160 0.298563 0.097789 0.048547 
Activity_Index_Median
311.376683 300.868283 246.881078 307.257735 
Activity_Index_Range
192.840670 570.600176 118.904436 330.847049 
Wave_Initiation_Rate_10
67.799314 38.175871 74.343664 51.627027 
Body_Wave_Number_10
0.350967 0.160317 0.224762 0.149355 
Asymmetry_10
-0.020818 -0.038149 -0.005393 -0.033995 
Stretch_10
0.282669 0.253306 0.281873 0.297315 
Attenuation_10
29.209194 45.340798 46.708690 34.303115 
Brush_Stroke_10
0.050549 0.237302 0.200407 0.046516 
Activity_Index_10
201.294119 75.423950 205.102204 248.804042 
usability
0.946691 0.902574 0.887868 0.847426 
status
valid
valid
valid
valid
highThr
55.000000 52.000000 48.000000 52.000000 
lowThr
22.000000 21.000000 18.000000 25.000000 
prevThr
10.000000 10.000000 10.000000 25.000000 
highThrDef
55.000000 52.000000 48.000000 52.000000 
lowThrDef
22.000000 21.000000 18.000000 25.000000 
prevThrDef
25.000000 25.000000 25.000000 25.000000 
manualSeparators

136  131

275   75
separators
1   11   12   59   60  177  178  193  194  195  196  261  263  264  270  281  282  464  465  474  475  480  481  545
1   10   11   45   46   53   54   55   56   61   62   65   66   67   68  131  136  140  141  143  144  176  177  221  222  262  263  308  321  322  370  371  403  409  410  413  414  415  416  457  458  545
1   41   42   49   50   59   60   68   69  165  166  336  338  339  340  352  353  370  371  372  376  377  401  402  411  441  442  445  446  461  462  545
1   41   42   75   77   78   95   96   98   99  107  110  112  113  124  125  131  132  167  168  228  229  251  252  263  264  275  280  281  284  285  302  303  306  308  402  403  404  405  411  412  416  417  482  483  514  515  545
