fields 34
worms 5
Wave_Initiation_Rate_Median
7.156645 103.536021 NaN 102.653705 5.837871 
Wave_Initiation_Rate_Range
1.918679 17.776632 NaN 94.638124 1.551164 
Body_Wave_Number_Median
1.842429 0.770584 NaN 0.482539 1.930997 
Body_Wave_Number_Range
0.752970 0.268539 NaN 0.550232 0.158517 
Asymmetry_Median
-0.029061 -0.010771 NaN -0.008440 0.132520 
Asymmetry_Range
0.170528 0.034713 NaN 0.116857 0.056754 
Reverse_Swimming
0.000000 0.000000 NaN 2.735751 0.000000 
Curling
0.000000 0.000000 NaN 0.252632 0.000000 
Stretch_Median
0.438392 0.380538 NaN 0.403734 0.160592 
Stretch_Range
0.097338 0.118852 NaN 0.280121 0.188815 
Attenuation_Median
71.188681 70.455260 NaN 64.440721 83.010342 
Attenuation_Range
15.062564 14.827110 NaN 16.054616 54.201328 
Traveling_Speed_Mean
0.836921 12.094891 NaN 8.464795 0.195255 
Brush_Stroke_Median
0.032738 0.269145 NaN 0.328015 0.021950 
Brush_Stroke_Range
0.005662 0.062083 NaN 0.410315 0.003535 
Activity_Index_Median
11.988497 261.119657 NaN 285.984520 6.534114 
Activity_Index_Range
3.588364 45.743626 NaN 627.645200 2.055746 
Wave_Initiation_Rate_10
6.242158 100.808311 NaN 33.062170 5.030204 
Body_Wave_Number_10
1.560766 0.628930 NaN 0.154348 1.841253 
Asymmetry_10
-0.111001 -0.035163 NaN -0.100344 0.099444 
Stretch_10
0.398285 0.336504 NaN 0.321647 0.015313 
Attenuation_10
62.679739 62.903704 NaN 56.997000 38.460181 
Brush_Stroke_10
0.029953 0.242455 NaN 0.247726 0.020000 
Activity_Index_10
10.037817 237.154216 NaN 66.056952 5.166233 
usability
0.988971 0.996324 0.000000 0.873162 1.000000 
status
valid
valid
rejected
valid
valid
highThr
67.000000 70.000000 34.000000 69.000000 NaN 
lowThr
40.000000 48.000000 24.000000 45.000000 0.000000 
prevThr
25.000000 25.000000 25.000000 25.000000 25.000000 
highThrDef
67.000000 70.000000 34.000000 69.000000 NaN 
lowThrDef
40.000000 48.000000 24.000000 45.000000 0.000000 
prevThrDef
25.000000 25.000000 25.000000 25.000000 25.000000 
manualSeparators





separators
1  403  404  411  412  413  414  415  418  545
1  386  388  545
1   81   82   83   84   87   88  102  103  131  132  157  158  163  164  169  170  180  181  183  184  190  191  200  201  219  220  225  226  227  228  229  232  233  234  235  238  239  240  241  251  252  255  256  259  260  270  271  274  275  287  288  290  291  317  318  320  321  325  326  327  328  339  340  341  342  343  344  355  356  357  358  366  367  371  372  375  376  378  379  384  385  386  387  388  389  390  391  392  393  400  401  405  406  421  422  423  424  429  430  433  434  437  438  442  443  446  447  448  449  454  455  457  458  466  467  474  475  478  479  486  487  488  489  491  492  498  499  501  502  511  512  516  517  518  519  521  522  528  529  533  534  535  536  538  539  543  544  545
1   61   62   82   83  192  193  235  238  278  280  360  361  545
1  545
