fields 34
worms 5
Wave_Initiation_Rate_Median
7.389992 6.956838 NaN NaN NaN 
Wave_Initiation_Rate_Range
5.994818 2.288587 NaN NaN NaN 
Body_Wave_Number_Median
1.840136 1.878448 NaN NaN NaN 
Body_Wave_Number_Range
0.780509 0.227471 NaN NaN NaN 
Asymmetry_Median
-0.174658 -0.040960 NaN NaN NaN 
Asymmetry_Range
0.071294 0.025835 NaN NaN NaN 
Reverse_Swimming
0.000000 0.000000 NaN NaN NaN 
Curling
0.000000 0.000000 NaN NaN NaN 
Stretch_Median
0.442252 0.339725 NaN NaN NaN 
Stretch_Range
0.168678 0.148203 NaN NaN NaN 
Attenuation_Median
61.575299 80.944096 NaN NaN NaN 
Attenuation_Range
42.016440 10.347137 NaN NaN NaN 
Traveling_Speed_Mean
0.198706 0.433791 NaN NaN NaN 
Brush_Stroke_Median
0.030676 0.028066 NaN NaN NaN 
Brush_Stroke_Range
0.002497 0.001407 NaN NaN NaN 
Activity_Index_Median
10.591775 9.426261 NaN NaN NaN 
Activity_Index_Range
2.233917 2.529415 NaN NaN NaN 
Wave_Initiation_Rate_10
6.278788 6.152597 NaN NaN NaN 
Body_Wave_Number_10
1.133849 1.710081 NaN NaN NaN 
Asymmetry_10
-0.184210 -0.057847 NaN NaN NaN 
Stretch_10
0.352905 0.279193 NaN NaN NaN 
Attenuation_10
39.322799 73.270624 NaN NaN NaN 
Brush_Stroke_10
0.028919 0.027350 NaN NaN NaN 
Activity_Index_10
9.385092 8.523353 NaN NaN NaN 
usability
0.926471 0.959559 0.847426 0.893382 0.897059 
status
valid
valid
rejected
rejected
rejected
highThr
54.000000 55.000000 56.000000 31.000000 22.000000 
lowThr
36.000000 37.000000 30.000000 11.000000 12.000000 
prevThr
25.000000 25.000000 25.000000 25.000000 25.000000 
highThrDef
54.000000 55.000000 56.000000 31.000000 22.000000 
lowThrDef
36.000000 37.000000 30.000000 11.000000 12.000000 
prevThrDef
25.000000 25.000000 25.000000 25.000000 25.000000 
manualSeparators


397  437  393  438  439
172

separators
1   47   48   70   80  359  386  488  489  492  493  545
1   21   22  246  266  267  481  482  545
1  160  195  332  333  335  336  393  397  437  438  439  545
1    3    4    6    7    8    9   10   11   14   15   17   18   21   22   40   41   44   45   49   50   54   55   59   60   61   62   66   67   74   75   80   81   89   90  103  104  109  110  119  120  121  122  124  125  148  149  150  151  152  153  156  157  163  164  166  167  172  174  175  181  182  187  188  207  208  211  212  219  220  245  246  250  251  260  261  280  281  294  295  297  298  316  317  319  320  326  327  344  345  354  355  361  362  364  365  369  370  379  380  381  382  388  389  393  394  396  397  399  400  432  433  441  442  457  458  481  482  545
1   21   22   31   32   42   43   81   82   93   94  101  102  121  122  126  127  157  158  181  182  202  203  204  205  206  207  221  222  226  227  241  242  261  262  280  281  287  288  291  292  295  296  297  298  301  302  321  322  325  326  327  328  332  333  335  336  343  344  350  351  355  356  381  382  389  390  401  402  421  422  426  427  440  441  444  445  453  454  457  458  460  461  463  464  465  466  468  469  481  482  483  484  486  487  488  489  493  494  495  496  499  500  501  502  521  522  534  535  537  538  541  542  545
