fields 34
worms 6
Wave_Initiation_Rate_Median
68.343104 35.456537 73.961971 68.060961 68.573741 NaN 
Wave_Initiation_Rate_Range
34.396194 44.414206 30.663768 13.858684 33.618853 NaN 
Body_Wave_Number_Median
0.497653 0.304161 0.653473 0.622621 0.515242 NaN 
Body_Wave_Number_Range
0.370944 0.727167 0.523887 0.451981 0.474505 NaN 
Asymmetry_Median
0.016498 -0.024941 0.011326 -0.001043 -0.009440 NaN 
Asymmetry_Range
0.080497 0.137163 0.037229 0.055475 0.111410 NaN 
Reverse_Swimming
0.000000 4.378212 0.000000 2.365827 2.696629 NaN 
Curling
0.000000 0.582524 0.000000 0.000000 0.000000 NaN 
Stretch_Median
0.392294 0.548543 0.331493 0.389969 0.441977 NaN 
Stretch_Range
0.133738 0.274981 0.137120 0.171746 0.150716 NaN 
Attenuation_Median
63.144427 64.183602 62.713128 70.126912 63.641719 NaN 
Attenuation_Range
16.506492 20.536439 19.300580 15.347540 19.160008 NaN 
Traveling_Speed_Mean
11.477276 5.630775 5.965122 6.252233 7.258585 NaN 
Brush_Stroke_Median
0.153428 0.183692 0.145933 0.211037 0.202719 NaN 
Brush_Stroke_Range
0.033314 0.084213 0.064060 0.138453 0.048733 NaN 
Activity_Index_Median
227.203354 111.162508 258.814933 234.081483 228.567392 NaN 
Activity_Index_Range
121.048669 168.208492 124.666744 172.455003 135.074018 NaN 
Wave_Initiation_Rate_10
40.800283 19.086840 67.373543 59.700522 50.399962 NaN 
Body_Wave_Number_10
0.245458 0.075214 0.334689 0.381964 0.249070 NaN 
Asymmetry_10
-0.027781 -0.087269 -0.007518 -0.021386 -0.030058 NaN 
Stretch_10
0.341791 0.459363 0.261865 0.290877 0.370704 NaN 
Attenuation_10
54.566093 50.586932 53.927206 62.361425 54.368479 NaN 
Brush_Stroke_10
0.138331 0.129456 0.113324 0.155653 0.183018 NaN 
Activity_Index_10
137.816350 40.875547 184.588877 155.530163 151.175629 NaN 
usability
0.992647 0.946691 0.911765 0.928309 0.779412 0.000000 
status
valid
valid
valid
valid
valid
rejected
highThr
73.000000 73.000000 71.000000 75.000000 75.000000 NaN 
lowThr
47.000000 43.000000 47.000000 49.000000 39.000000 0.000000 
prevThr
25.000000 25.000000 25.000000 25.000000 25.000000 25.000000 
highThrDef
73.000000 73.000000 71.000000 75.000000 75.000000 NaN 
lowThrDef
47.000000 43.000000 47.000000 49.000000 39.000000 0.000000 
prevThrDef
25.000000 25.000000 25.000000 25.000000 25.000000 25.000000 
manualSeparators

342  493  506  539  540  541
74   75   86   87   90   91  101  160  161
129  130  410  411
169  170

separators
1  170  174  447  451  545
1    7    9  193  194  216  217  277  280  342  345  346  348  349  354  355  493  499  500  506  508  509  539  540  541  545
1    7    9   51   53   65   68   71   72   74   75   76   78   80   82   83   86   87   90   91   92   93   95   97  100  101  122  123  127  128  130  137  138  141  145  149  152  160  161  177  179  357  359  365  368  375  379  392  395  400  402  407  409  414  415  474  475  545
1   51   53   65   68   71   72   76   78   80   82   83   90   91   92   93   95   97  100  122  123  127  128  129  130  137  138  141  145  149  152  153  160  357  359  365  368  375  379  392  395  400  402  407  409  410  411  414  415  473  474  475  476  483  484  545
1   81   82  124  128  129  161  162  168  169  170  253  254  380  382  407  409  458  459  545
1  545
