fields 34
worms 6
Wave_Initiation_Rate_Median
9.775662 59.847246 15.787394 7.830301 18.710636 NaN 
Wave_Initiation_Rate_Range
8.621210 14.984342 24.352998 3.764536 14.674691 NaN 
Body_Wave_Number_Median
1.602898 1.087705 1.560170 1.748485 1.433364 NaN 
Body_Wave_Number_Range
0.982977 0.554146 0.391077 0.476093 0.635784 NaN 
Asymmetry_Median
0.010863 -0.002895 0.015191 -0.154222 0.005791 NaN 
Asymmetry_Range
0.181487 0.082090 0.072329 0.111198 0.068351 NaN 
Reverse_Swimming
6.954922 0.352941 0.000000 0.000000 1.159154 NaN 
Curling
0.000000 0.000000 0.000000 0.000000 0.000000 NaN 
Stretch_Median
0.538960 0.419593 0.418047 0.395041 0.426519 NaN 
Stretch_Range
0.276800 0.133168 0.132287 0.222533 0.128060 NaN 
Attenuation_Median
65.107227 53.621319 63.173883 79.347198 69.610296 NaN 
Attenuation_Range
33.031682 36.138483 36.822933 37.217909 28.240239 NaN 
Traveling_Speed_Mean
1.512816 1.840109 1.520204 0.890830 0.823562 NaN 
Brush_Stroke_Median
0.047567 0.153835 0.051767 0.031721 0.040085 NaN 
Brush_Stroke_Range
0.016606 0.074942 0.019598 0.017021 0.007770 NaN 
Activity_Index_Median
23.488922 152.745160 28.526148 12.380856 35.691798 NaN 
Activity_Index_Range
22.771865 69.162190 39.401827 11.512874 27.809554 NaN 
Wave_Initiation_Rate_10
7.776866 51.720303 9.039018 6.535959 8.757726 NaN 
Body_Wave_Number_10
0.855415 0.762037 1.320236 1.405566 1.037168 NaN 
Asymmetry_10
-0.080959 -0.058863 -0.028840 -0.214329 -0.047640 NaN 
Stretch_10
0.387470 0.338965 0.380337 0.315987 0.388331 NaN 
Attenuation_10
46.444903 35.516095 39.821632 49.469664 53.274736 NaN 
Brush_Stroke_10
0.041529 0.141257 0.047009 0.028015 0.037181 NaN 
Activity_Index_10
18.744340 123.732831 19.413476 9.815362 17.159187 NaN 
usability
0.996324 0.707721 1.000000 1.000000 0.996324 0.000000 
status
valid
valid
valid
valid
valid
rejected
highThr
67.000000 85.000000 62.000000 63.000000 63.000000 NaN 
lowThr
46.000000 20.000000 30.000000 45.000000 40.000000 0.000000 
prevThr
25.000000 25.000000 25.000000 25.000000 25.000000 25.000000 
highThrDef
67.000000 85.000000 62.000000 63.000000 63.000000 NaN 
lowThrDef
46.000000 7.000000 30.000000 45.000000 40.000000 0.000000 
prevThrDef
25.000000 25.000000 25.000000 25.000000 25.000000 25.000000 
manualSeparators






separators
1  102  103  105  106  545
1  281  285  300  309  332  339  348  355  376  377  379  381  392  402  403  404  419  420  421  422  440  441  442  451  452  453  456  457  461  462  467  474  481  492  497  521  536  537  541  542  545
1  545
1  545
1  381  383  545
1  545
