fields 34
worms 5
Wave_Initiation_Rate_Median
7.943383 5.990486 8.752774 8.554700 NaN 
Wave_Initiation_Rate_Range
3.984167 1.450930 6.536066 3.203386 NaN 
Body_Wave_Number_Median
1.784779 1.916456 1.729461 1.717402 NaN 
Body_Wave_Number_Range
0.333316 0.112380 0.540738 0.248280 NaN 
Asymmetry_Median
0.116930 -0.101348 0.017522 -0.077673 NaN 
Asymmetry_Range
0.059226 0.012223 0.267737 0.021471 NaN 
Reverse_Swimming
0.000000 0.000000 0.000000 0.000000 NaN 
Curling
0.000000 0.000000 0.685714 0.000000 NaN 
Stretch_Median
0.369666 0.219213 0.556817 0.474463 NaN 
Stretch_Range
0.149320 0.176817 0.132926 0.209293 NaN 
Attenuation_Median
75.464325 78.493776 80.373540 88.096516 NaN 
Attenuation_Range
11.526548 14.096580 42.226871 4.007960 NaN 
Traveling_Speed_Mean
0.305993 0.281340 1.662747 0.253329 NaN 
Brush_Stroke_Median
0.028070 0.025350 0.043142 0.025041 NaN 
Brush_Stroke_Range
0.002717 0.000783 0.024571 0.001294 NaN 
Activity_Index_Median
11.199377 7.578815 18.877241 10.612177 NaN 
Activity_Index_Range
5.801980 1.842568 22.287074 4.179292 NaN 
Wave_Initiation_Rate_10
6.303371 5.575697 7.566918 6.911233 NaN 
Body_Wave_Number_10
1.586577 1.848227 1.350061 1.608593 NaN 
Asymmetry_10
0.074379 -0.105212 -0.078802 -0.090691 NaN 
Stretch_10
0.323763 0.193585 0.481027 0.353149 NaN 
Attenuation_10
69.087874 72.466352 44.295274 85.813517 NaN 
Brush_Stroke_10
0.026905 0.025019 0.035252 0.024644 NaN 
Activity_Index_10
8.898910 7.038997 13.707718 8.596167 NaN 
usability
0.998162 1.000000 0.965074 1.000000 0.000000 
status
valid
valid
valid
valid
rejected
highThr
59.000000 75.000000 73.000000 50.000000 NaN 
lowThr
42.000000 62.000000 55.000000 38.000000 0.000000 
prevThr
25.000000 25.000000 25.000000 25.000000 25.000000 
highThrDef
57.000000 73.000000 73.000000 49.000000 NaN 
lowThrDef
42.000000 63.000000 55.000000 40.000000 0.000000 
prevThrDef
25.000000 25.000000 25.000000 25.000000 25.000000 
manualSeparators





separators
1  183  184  545
1  545
1  502  515  516  518  519  521  522  545
1  471  545
1  545
