fields 34
worms 4
Wave_Initiation_Rate_Median
103.990008 90.437866 101.960791 96.203683 
Wave_Initiation_Rate_Range
51.465209 84.857078 42.531440 80.789025 
Body_Wave_Number_Median
0.494827 0.329795 0.453347 0.402706 
Body_Wave_Number_Range
0.312189 0.357318 0.364278 0.626585 
Asymmetry_Median
0.005191 -0.001520 0.014926 0.003975 
Asymmetry_Range
0.083147 0.097293 0.041483 0.110460 
Reverse_Swimming
0.000000 0.122825 5.780731 8.073197 
Curling
0.958084 0.727273 0.000000 1.025641 
Stretch_Median
0.356784 0.341437 0.355693 0.399036 
Stretch_Range
0.187575 0.218376 0.154297 0.226599 
Attenuation_Median
51.222139 62.301787 61.797143 53.170692 
Attenuation_Range
36.040016 26.424147 27.813343 28.970524 
Traveling_Speed_Mean
8.726028 7.025051 6.522812 5.895273 
Brush_Stroke_Median
0.058879 0.335963 0.228859 0.162958 
Brush_Stroke_Range
0.022774 0.380066 0.097789 0.092840 
Activity_Index_Median
311.376683 313.424192 246.881078 273.839010 
Activity_Index_Range
188.551274 677.918047 118.904436 337.110973 
Wave_Initiation_Rate_10
68.468668 34.413923 74.343664 42.583907 
Body_Wave_Number_10
0.318075 0.156251 0.224713 0.107945 
Asymmetry_10
-0.017186 -0.041858 -0.005393 -0.065200 
Stretch_10
0.282669 0.255739 0.281638 0.315327 
Attenuation_10
29.537745 45.683808 46.708690 35.753791 
Brush_Stroke_10
0.050792 0.239476 0.200407 0.106727 
Activity_Index_10
213.807128 68.095587 205.102204 172.421669 
usability
0.920956 0.909926 0.887868 0.860294 
status
valid
valid
valid
valid
highThr
55.000000 52.000000 48.000000 53.000000 
lowThr
22.000000 21.000000 18.000000 25.000000 
prevThr
10.000000 10.000000 10.000000 25.000000 
highThrDef
55.000000 52.000000 48.000000 53.000000 
lowThrDef
22.000000 21.000000 18.000000 25.000000 
prevThrDef
25.000000 25.000000 25.000000 25.000000 
manualSeparators
54  190
136  153  154


separators
1   11   12   54   59   60  177  178  190  193  194  195  196  261  263  264  270  281  282  464  465  474  475  480  481  545
1   10   11   45   46   53   54   55   56   61   62   65   66   67   68  136  140  141  143  144  153  154  176  177  221  222  262  263  308  321  322  370  371  403  409  410  413  414  415  416  457  458  545
1   41   42   49   50   59   60   68   69  165  166  336  338  339  340  352  353  370  371  372  376  377  401  402  411  441  442  445  446  461  462  545
1   41   42   79   80   97   98   99  100  108  109  110  112  113  121  122  125  126  131  132  156  157  166  167  247  249  250  251  263  264  281  282  302  303  307  308  409  410  411  412  469  470  474  475  479  480  482  483  514  515  545
