fields 34
worms 6
Wave_Initiation_Rate_Median
8.163018 10.581265 13.519747 17.221027 NaN 6.392143 
Wave_Initiation_Rate_Range
4.869695 13.305797 12.100348 21.493347 NaN 3.702671 
Body_Wave_Number_Median
1.707686 1.544443 1.362514 1.178112 NaN 1.646594 
Body_Wave_Number_Range
1.073091 0.936695 1.001303 0.960705 NaN 0.474075 
Asymmetry_Median
-0.045262 0.000463 -0.115799 -0.008083 NaN -0.097183 
Asymmetry_Range
0.119570 0.166136 0.348319 0.354037 NaN 0.098278 
Reverse_Swimming
0.386385 9.328427 0.000000 0.165593 NaN 0.000000 
Curling
0.000000 0.000000 23.900415 15.735849 NaN 4.360902 
Stretch_Median
0.403930 0.579591 0.614347 0.800538 NaN 0.410498 
Stretch_Range
0.171534 0.279650 0.241713 0.119611 NaN 0.361905 
Attenuation_Median
79.466047 73.578056 35.818474 42.794974 NaN 80.048998 
Attenuation_Range
11.751435 14.104429 65.635957 55.755591 NaN 25.382522 
Traveling_Speed_Mean
1.016131 1.255266 0.554586 1.224756 NaN 0.351398 
Brush_Stroke_Median
0.033145 0.043347 0.048909 0.064926 NaN 0.034783 
Brush_Stroke_Range
0.009416 0.019311 0.021452 0.011553 NaN 0.013090 
Activity_Index_Median
13.051163 27.758687 37.281528 90.069029 NaN 10.723633 
Activity_Index_Range
7.846713 32.579341 31.230286 60.989213 NaN 5.206125 
Wave_Initiation_Rate_10
6.570256 7.262105 8.953500 11.071170 NaN 6.059675 
Body_Wave_Number_10
1.416016 0.872585 0.824646 0.440658 NaN 1.466000 
Asymmetry_10
-0.128383 -0.047825 -0.335346 -0.190902 NaN -0.155272 
Stretch_10
0.300093 0.464364 0.508247 0.749545 NaN 0.327758 
Attenuation_10
72.620966 65.201790 -2.138637 -4.479566 NaN 59.403206 
Brush_Stroke_10
0.029941 0.039226 0.034053 0.058276 NaN 0.029325 
Activity_Index_10
10.627269 16.449277 22.704525 52.104872 NaN 9.122960 
usability
1.000000 1.000000 0.886029 0.974265 0.937500 0.733456 
status
valid
valid
valid
valid
rejected
valid
highThr
49.000000 58.000000 53.000000 57.000000 42.000000 64.000000 
lowThr
39.000000 45.000000 32.000000 39.000000 4.000000 32.000000 
prevThr
25.000000 25.000000 25.000000 25.000000 25.000000 80.000000 
highThrDef
49.000000 58.000000 53.000000 57.000000 42.000000 64.000000 
lowThrDef
39.000000 45.000000 32.000000 39.000000 4.000000 27.000000 
prevThrDef
25.000000 25.000000 25.000000 25.000000 25.000000 25.000000 
manualSeparators


112  113  115  116  242  243  257  258  256  262  263  482  483  490  491
58   59  103  104  102  122  123  174  175  237  238  239  240  241

190  191  280  281  294  295  321  322  363  364  373  374  382  383  387  388
separators
1  322  323  545
1  545
1  111  112  113  115  116  120  121  123  124  131  132  141  181  242  243  256  257  258  259  262  263  482  483  490  491  494  495  545
1   58   59   60   61   98   99  102  103  104  122  123  174  175  177  178  221  222  237  238  239  240  241  262  263  264  273  274  545
1    6    7    8    9   12   13   18   19   37   38   41   42   46   47   61   62   74   75   79   80   81   82   84   85  141  142  191  192  193  194  219  220  221  222  224  225  230  231  232  233  259  260  307  308  316  317  319  320  321  322  327  328  445  446  449  450  495  496  497  498  510  511  514  515  516  517  521  522  545
1  190  191  192  193  194  195  196  197  198  199  200  201  202  214  215  216  218  220  222  223  225  228  229  234  235  238  239  240  242  243  244  245  250  251  253  254  255  256  258  259  261  262  263  265  268  269  270  280  281  282  284  290  292  294  295  296  297  299  300  301  319  320  321  322  327  328  329  341  342  361  362  363  364  373  374  375  382  383  384  386  387  388  442  443  545
