fields 34
worms 5
Wave_Initiation_Rate_Median
101.453656 87.775053 39.167442 81.803752 91.676507 
Wave_Initiation_Rate_Range
10.865360 23.467021 58.913984 39.153345 34.247632 
Body_Wave_Number_Median
0.518493 0.510838 0.824892 0.472310 0.515853 
Body_Wave_Number_Range
0.395644 0.316745 1.024491 0.407747 0.414197 
Asymmetry_Median
0.004003 0.008308 0.014416 0.018533 -0.017841 
Asymmetry_Range
0.043619 0.057329 0.052095 0.095180 0.070706 
Reverse_Swimming
3.500000 0.000000 0.000000 0.000000 4.930556 
Curling
0.000000 0.000000 0.000000 0.000000 0.000000 
Stretch_Median
0.344169 0.377384 0.468862 0.419732 0.359862 
Stretch_Range
0.123290 0.096375 0.225380 0.195400 0.141258 
Attenuation_Median
61.977982 66.553020 66.206051 65.918137 64.997157 
Attenuation_Range
21.500978 20.306917 16.816588 23.806670 28.385202 
Traveling_Speed_Mean
7.687496 6.707777 5.465375 3.708805 8.925375 
Brush_Stroke_Median
0.263375 0.203779 0.171726 0.073619 0.298210 
Brush_Stroke_Range
0.045293 0.039862 0.037121 0.039958 0.044683 
Activity_Index_Median
262.726776 217.206616 102.738096 253.587496 211.145814 
Activity_Index_Range
44.617815 65.903946 165.465503 211.558211 83.051461 
Wave_Initiation_Rate_10
92.103334 77.216175 9.261292 46.427920 68.961887 
Body_Wave_Number_10
0.315046 0.300877 0.424207 0.373672 0.292229 
Asymmetry_10
-0.024228 -0.036259 -0.013810 -0.059143 -0.046595 
Stretch_10
0.291088 0.340267 0.369475 0.354938 0.316923 
Attenuation_10
47.641007 54.042837 55.488036 53.713166 45.007350 
Brush_Stroke_10
0.240655 0.182785 0.151760 0.047216 0.273423 
Activity_Index_10
238.543510 182.033830 24.793264 117.498896 165.419347 
usability
0.931985 0.988971 0.994485 0.823529 0.856618 
status
valid
valid
valid
valid
valid
highThr
57.000000 50.000000 51.000000 54.000000 52.000000 
lowThr
30.000000 33.000000 33.000000 22.000000 25.000000 
prevThr
25.000000 25.000000 25.000000 25.000000 25.000000 
highThrDef
57.000000 50.000000 51.000000 54.000000 52.000000 
lowThrDef
30.000000 33.000000 33.000000 22.000000 25.000000 
prevThrDef
25.000000 25.000000 25.000000 25.000000 25.000000 
manualSeparators





separators
1    5    7   82   83  388  389  399  400  401  411  412  472  473  515  521  522  526  527  528  532  533  536  539  545
1  227  228  284  288  295  296  545
1  217  218  219  220  541  542  545
1   41   46   48  135  136  162  201  202  327  328  340  341  342  347  348  358  361  362  545
1   41   42   64   65   66   67   73   76   91   92   94   95  515  521  522  526  527  528  531  532  533  535  536  539  545
