fields 34
worms 5
Wave_Initiation_Rate_Median
65.487025 67.271546 65.952717 67.219227 67.445746 
Wave_Initiation_Rate_Range
16.277106 9.009971 33.615916 13.366108 16.040318 
Body_Wave_Number_Median
0.521129 0.664975 0.583426 0.698460 0.663464 
Body_Wave_Number_Range
0.344512 0.373973 0.541439 0.468476 0.379776 
Asymmetry_Median
-0.007004 0.008730 0.006223 -0.030514 0.001749 
Asymmetry_Range
0.083504 0.041139 0.123835 0.077153 0.073008 
Reverse_Swimming
0.000000 0.000000 4.029439 0.000000 0.000000 
Curling
0.000000 0.441176 4.444444 0.000000 0.000000 
Stretch_Median
0.433695 0.400399 0.489104 0.437522 0.414539 
Stretch_Range
0.141503 0.120914 0.295502 0.111282 0.143203 
Attenuation_Median
61.401833 51.750652 47.819808 67.365116 58.315639 
Attenuation_Range
14.521814 18.244291 18.711840 15.053296 20.119718 
Traveling_Speed_Mean
4.573724 8.811552 9.297472 9.899908 6.651741 
Brush_Stroke_Median
0.171388 0.176224 0.102616 0.125333 0.175472 
Brush_Stroke_Range
0.045330 0.045520 0.036416 0.029254 0.037330 
Activity_Index_Median
169.822300 210.338193 195.811641 175.442434 181.529138 
Activity_Index_Range
47.241675 61.039950 140.796302 67.415556 44.450866 
Wave_Initiation_Rate_10
51.736926 58.895688 33.962978 55.091588 52.302616 
Body_Wave_Number_10
0.346732 0.405844 0.166288 0.447457 0.412972 
Asymmetry_10
-0.048932 -0.005588 -0.042301 -0.044245 -0.014946 
Stretch_10
0.390390 0.350212 0.417184 0.392694 0.359367 
Attenuation_10
55.394379 43.460882 38.010524 58.181382 48.439146 
Brush_Stroke_10
0.144523 0.155336 0.090362 0.109548 0.158255 
Activity_Index_10
147.169293 178.924905 106.331637 129.150704 157.378543 
usability
0.976103 1.000000 0.992647 0.931985 1.000000 
status
valid
valid
valid
valid
valid
highThr
59.000000 66.000000 60.000000 67.000000 63.000000 
lowThr
39.000000 45.000000 38.000000 46.000000 46.000000 
prevThr
25.000000 25.000000 25.000000 25.000000 25.000000 
highThrDef
59.000000 61.000000 60.000000 67.000000 63.000000 
lowThrDef
36.000000 45.000000 38.000000 46.000000 46.000000 
prevThrDef
25.000000 25.000000 25.000000 25.000000 25.000000 
manualSeparators


289  290  347  348


separators
1  248  249  265  267  286  287  303  309  366  367  372  374  545
1  263  264  545
1  114  116  220  221  288  289  290  347  348  349  377  378  465  467  468  545
1  114  116  228  230  388  391  424  432  433  440  441  444  453  461  462  545
1  545
