fields 34
worms 4
Wave_Initiation_Rate_Median
122.582098 130.663823 134.815238 NaN 
Wave_Initiation_Rate_Range
23.501685 18.867597 17.021088 NaN 
Body_Wave_Number_Median
0.502165 0.485854 0.594949 NaN 
Body_Wave_Number_Range
0.317472 0.258858 0.392462 NaN 
Asymmetry_Median
0.000473 -0.013902 0.010393 NaN 
Asymmetry_Range
0.034836 0.038745 0.042299 NaN 
Reverse_Swimming
0.172166 0.000000 0.000000 NaN 
Curling
0.000000 0.000000 0.000000 NaN 
Stretch_Median
0.291333 0.304486 0.316364 NaN 
Stretch_Range
0.130892 0.108739 0.106651 NaN 
Attenuation_Median
62.662798 63.271154 62.957372 NaN 
Attenuation_Range
18.164949 20.282153 21.620459 NaN 
Traveling_Speed_Mean
8.411472 16.839723 10.127360 NaN 
Brush_Stroke_Median
0.289791 0.368129 0.080274 NaN 
Brush_Stroke_Range
0.274941 0.057193 0.012201 NaN 
Activity_Index_Median
349.119891 332.954561 532.404485 NaN 
Activity_Index_Range
336.171438 60.883530 119.600647 NaN 
Wave_Initiation_Rate_10
111.375349 117.532095 118.328343 NaN 
Body_Wave_Number_10
0.373349 0.334233 0.343836 NaN 
Asymmetry_10
-0.014265 -0.041429 -0.002899 NaN 
Stretch_10
0.225863 0.260135 0.272038 NaN 
Attenuation_10
53.054153 52.151463 51.186422 NaN 
Brush_Stroke_10
0.231749 0.344478 0.074679 NaN 
Activity_Index_10
241.405679 306.565426 467.492896 NaN 
usability
0.781250 0.976103 0.926471 
status
valid
valid
valid
rejected
highThr
59.000000 52.000000 53.000000 48.000000 
lowThr
24.000000 32.000000 37.000000 36.000000 
prevThr
25.000000 25.000000 25.000000 25.000000 
highThrDef
59.000000 52.000000 53.000000 48.000000 
lowThrDef
24.000000 32.000000 37.000000 36.000000 
prevThrDef
25.000000 25.000000 25.000000 25.000000 
manualSeparators




separators
1   98  101  102  103  110  120  121  124  125  144  145  152  153  166  167  181  182  196  199  201  202  401  410  411  421  422  476  478  545
1  237  238  300  301  320  321  361  362  363  364  366  369  372  379  380  480  481  482  545
1   41  545
1   61   81  181  182  223  224  264  266  288  289  545
