fields 34
worms 4
Wave_Initiation_Rate_Median
130.915020 110.876720 107.154646 99.436376 
Wave_Initiation_Rate_Range
29.361655 60.488397 18.912011 54.872322 
Body_Wave_Number_Median
0.559378 0.503826 0.504820 0.513105 
Body_Wave_Number_Range
0.371625 0.305663 0.288083 0.484083 
Asymmetry_Median
-0.000680 0.006752 -0.005549 -0.006924 
Asymmetry_Range
0.046771 0.066589 0.034827 0.084670 
Reverse_Swimming
0.000000 0.000000 0.000000 8.666053 
Curling
0.000000 1.117318 0.000000 0.451128 
Stretch_Median
0.312890 0.354473 0.353527 0.362944 
Stretch_Range
0.155516 0.183148 0.156226 0.175285 
Attenuation_Median
57.318779 60.111823 58.600291 64.285550 
Attenuation_Range
32.154157 21.321306 17.853276 27.664960 
Traveling_Speed_Mean
8.605113 9.591339 11.408123 8.110567 
Brush_Stroke_Median
0.272419 0.245132 0.274817 0.212011 
Brush_Stroke_Range
0.033118 0.026307 0.039469 0.037941 
Activity_Index_Median
282.509283 272.241820 268.720301 227.461110 
Activity_Index_Range
73.015955 135.391189 65.882136 138.779930 
Wave_Initiation_Rate_10
105.721884 58.715319 100.301702 47.033863 
Body_Wave_Number_10
0.390765 0.374049 0.375153 0.248320 
Asymmetry_10
-0.025432 -0.004565 -0.028810 -0.067062 
Stretch_10
0.247073 0.296654 0.286639 0.323662 
Attenuation_10
41.089466 48.730530 50.403520 47.533714 
Brush_Stroke_10
0.256494 0.232134 0.255030 0.189611 
Activity_Index_10
233.666337 164.061281 237.014631 111.487611 
usability
0.954044 0.987132 0.996324 0.977941 
status
valid
valid
valid
valid
highThr
46.000000 50.000000 45.000000 50.000000 
lowThr
24.000000 26.000000 29.000000 27.000000 
prevThr
25.000000 25.000000 25.000000 25.000000 
highThrDef
46.000000 50.000000 45.000000 50.000000 
lowThrDef
24.000000 26.000000 29.000000 27.000000 
prevThrDef
25.000000 25.000000 25.000000 25.000000 
manualSeparators




separators
1   21   22   68   69   73   75   77   78   82   83   87   88   96   97   98   99  105  106  116  117  121  122  158  161  162  164  165  166  167  168  169  171  172  175  176  193  194  202  203  210  211  219  220  545
1  141  142  143  162  163  166  167  176  177  447  448  506  507  545
1  444  445  448  449  545
1  280  281  394  397  398  484  490  491  545
