fields 34
worms 4
Wave_Initiation_Rate_Median
75.555783 35.983255 135.257055 134.694226 
Wave_Initiation_Rate_Range
64.569180 72.278798 102.394906 79.423795 
Body_Wave_Number_Median
0.450362 0.449004 0.585976 0.625070 
Body_Wave_Number_Range
0.518229 0.773572 0.460442 0.741576 
Asymmetry_Median
-0.003029 0.002315 -0.002236 -0.018558 
Asymmetry_Range
0.101813 0.155371 0.065910 0.053319 
Reverse_Swimming
3.367065 11.393189 1.159154 0.000000 
Curling
0.000000 1.149425 1.340782 0.000000 
Stretch_Median
0.399086 0.570438 0.347198 0.296626 
Stretch_Range
0.256376 0.365059 0.270124 0.270345 
Attenuation_Median
69.061863 62.542279 69.562524 71.651848 
Attenuation_Range
17.523548 56.111772 21.916982 15.043443 
Traveling_Speed_Mean
10.819519 4.994209 7.096962 9.486136 
Brush_Stroke_Median
0.164638 0.128386 0.334252 0.323996 
Brush_Stroke_Range
0.038337 0.070741 0.110881 0.072195 
Activity_Index_Median
220.564861 196.032148 312.900093 291.648353 
Activity_Index_Range
181.027929 364.690983 259.390935 199.968026 
Wave_Initiation_Rate_10
32.913681 18.680769 35.007414 58.408028 
Body_Wave_Number_10
0.206754 0.192543 0.249569 0.210294 
Asymmetry_10
-0.021608 -0.067846 -0.047676 -0.059693 
Stretch_10
0.321345 0.413692 0.299106 0.222526 
Attenuation_10
59.104198 18.283529 58.048745 64.225951 
Brush_Stroke_10
0.141382 0.087757 0.292185 0.291089 
Activity_Index_10
86.909595 56.547100 84.864576 121.317680 
usability
0.985294 0.959559 0.987132 0.987132 
status
valid
valid
valid
valid
highThr
67.000000 71.000000 61.000000 72.000000 
lowThr
49.000000 39.000000 41.000000 46.000000 
prevThr
25.000000 10.000000 25.000000 25.000000 
highThrDef
67.000000 71.000000 61.000000 72.000000 
lowThrDef
49.000000 39.000000 41.000000 46.000000 
prevThrDef
25.000000 25.000000 25.000000 25.000000 
manualSeparators

83


separators
1  243  244  296  297  454  455  458  460  467  468  472  473  505  506  545
1   19   20   83   93   94  100  101  157  158  253  254  339  340  545
1  330  331  389  390  434  435  481  482  489  490  532  533  538  539  545
1  232  234  240  241  318  319  482  483  507  508  510  511  545
