fields 34
worms 5
Wave_Initiation_Rate_Median
66.584779 67.278773 33.902312 72.516018 68.205966 
Wave_Initiation_Rate_Range
17.860904 36.327055 51.774435 33.165138 17.042031 
Body_Wave_Number_Median
0.555125 0.707370 0.432305 0.626055 0.584798 
Body_Wave_Number_Range
0.406184 0.393552 0.637337 0.482522 0.292201 
Asymmetry_Median
-0.031878 -0.000634 -0.018526 0.011714 0.010138 
Asymmetry_Range
0.055762 0.067809 0.086086 0.034753 0.064477 
Reverse_Swimming
1.180328 0.000000 11.800766 0.000000 0.000000 
Curling
0.000000 0.000000 0.692841 0.000000 0.273349 
Stretch_Median
0.405655 0.404124 0.505792 0.367914 0.432896 
Stretch_Range
0.092013 0.259080 0.263522 0.168635 0.149869 
Attenuation_Median
61.174543 64.032023 52.235393 64.361737 61.963185 
Attenuation_Range
16.266303 15.737018 68.055642 17.436951 13.614580 
Traveling_Speed_Mean
5.355622 6.151063 4.549094 11.243510 5.547588 
Brush_Stroke_Median
0.079833 0.176381 0.075403 0.202875 0.222363 
Brush_Stroke_Range
0.036156 0.055119 0.040078 0.041614 0.079225 
Activity_Index_Median
227.132318 175.582956 127.484829 199.360750 218.267047 
Activity_Index_Range
105.675489 122.258110 254.520233 75.409452 64.348425 
Wave_Initiation_Rate_10
50.282916 31.751276 15.484450 68.199963 66.702916 
Body_Wave_Number_10
0.334587 0.435387 0.079596 0.311098 0.369905 
Asymmetry_10
-0.057733 -0.029230 -0.056973 -0.005313 -0.007260 
Stretch_10
0.362350 0.329220 0.399303 0.299354 0.358558 
Attenuation_10
53.281534 53.001478 1.348100 54.255987 54.218358 
Brush_Stroke_10
0.058755 0.153907 0.047788 0.179536 0.199196 
Activity_Index_10
195.013939 91.820225 43.776599 174.202285 182.547860 
usability
0.722426 1.000000 0.795956 0.998162 0.806985 
status
valid
valid
valid
valid
valid
highThr
79.000000 69.000000 70.000000 65.000000 63.000000 
lowThr
45.000000 47.000000 44.000000 43.000000 45.000000 
prevThr
25.000000 25.000000 25.000000 25.000000 25.000000 
highThrDef
79.000000 69.000000 70.000000 65.000000 63.000000 
lowThrDef
32.000000 47.000000 44.000000 43.000000 43.000000 
prevThrDef
25.000000 25.000000 25.000000 25.000000 25.000000 
manualSeparators
232  233  278  279  476  477



153  154  155  156
separators
1  155  157  160  161  164  165  166  172  177  180  184  189  190  192  193  196  197  209  210  221  222  227  229  232  233  239  240  241  242  250  252  256  257  266  273  278  279  281  476  477  481  496  498  499  515  521  544  545
1  545
1   91   92  155  157  160  161  164  165  166  172  174  177  180  184  189  190  196  197  201  205  206  207  209  210  221  222  223  227  229  237  238  239  240  241  242  243  244  250  252  256  257  266  273  281  441  442  545
1  164  165  199  200  287  290  545
1   41   42   63   64  153  154  155  156  328  329  371  372  373  374  470  472  476  477  479  480  481  482  496  498  499  500  505  521  522  545
