fields 34
worms 5
Wave_Initiation_Rate_Median
5.638138 7.882023 6.448370 7.407664 NaN 
Wave_Initiation_Rate_Range
0.774514 2.333400 1.521945 26.615642 NaN 
Body_Wave_Number_Median
2.029468 1.746602 1.863085 1.636414 NaN 
Body_Wave_Number_Range
0.650205 0.224658 0.138628 0.830472 NaN 
Asymmetry_Median
0.081624 0.043726 -0.117390 -0.016532 NaN 
Asymmetry_Range
0.056471 0.009943 0.033177 0.069610 NaN 
Reverse_Swimming
0.000000 0.000000 0.000000 0.000000 NaN 
Curling
0.000000 0.000000 0.000000 0.357143 NaN 
Stretch_Median
0.346206 0.337012 0.282681 0.416310 NaN 
Stretch_Range
0.269869 0.119132 0.054818 0.198779 NaN 
Attenuation_Median
76.294641 86.222331 59.450852 65.878656 NaN 
Attenuation_Range
30.104944 6.595325 17.082749 42.719962 NaN 
Traveling_Speed_Mean
0.439925 0.380861 0.273519 1.469342 NaN 
Brush_Stroke_Median
0.027505 0.024788 0.029690 0.037949 NaN 
Brush_Stroke_Range
0.003534 0.001175 0.002308 0.032593 NaN 
Activity_Index_Median
7.971553 9.639008 9.705462 14.724794 NaN 
Activity_Index_Range
1.635378 2.877957 1.942720 83.533880 NaN 
Wave_Initiation_Rate_10
5.370974 6.951590 5.956694 6.450234 NaN 
Body_Wave_Number_10
1.741850 1.645593 1.787068 1.097848 NaN 
Asymmetry_10
0.057470 0.038211 -0.128714 -0.046082 NaN 
Stretch_10
0.235423 0.293333 0.253840 0.326429 NaN 
Attenuation_10
56.298532 83.675584 50.016745 39.610844 NaN 
Brush_Stroke_10
0.026163 0.024124 0.028500 0.032535 NaN 
Activity_Index_10
7.132530 8.628924 8.577693 10.632830 NaN 
usability
0.992647 1.000000 0.911765 0.926471 0.000000 
status
valid
valid
valid
valid
rejected
highThr
52.000000 64.000000 56.000000 73.000000 NaN 
lowThr
41.000000 56.000000 40.000000 56.000000 0.000000 
prevThr
25.000000 25.000000 25.000000 25.000000 25.000000 
highThrDef
52.000000 64.000000 56.000000 73.000000 NaN 
lowThrDef
41.000000 56.000000 40.000000 56.000000 0.000000 
prevThrDef
25.000000 25.000000 25.000000 25.000000 25.000000 
manualSeparators
224  225  242  243  244

302  303  304  305  309  310


separators
1   21   22   41   42   61   62  224  225  226  241  242  243  244  545
1  545
1  106  107  221  223  277  278  289  291  301  302  303  304  305  308  309  310  313  314  515  545
1   97   98   99  101  121  122  141  142  193  194  196  198  545
1  545
