fields 34
worms 6
Wave_Initiation_Rate_Median
101.511260 84.812697 93.229445 89.676897 NaN NaN 
Wave_Initiation_Rate_Range
50.402911 45.098272 74.094839 82.004623 NaN NaN 
Body_Wave_Number_Median
0.462496 0.496226 0.489734 0.484764 NaN NaN 
Body_Wave_Number_Range
0.258957 0.224805 0.367804 0.572957 NaN NaN 
Asymmetry_Median
0.003777 -0.009349 -0.005275 0.002401 NaN NaN 
Asymmetry_Range
0.030645 0.091742 0.099584 0.141784 NaN NaN 
Reverse_Swimming
0.000000 0.000000 0.000000 0.000000 NaN NaN 
Curling
0.116732 0.250000 1.024390 2.477064 NaN NaN 
Stretch_Median
0.343506 0.377380 0.392982 0.381130 NaN NaN 
Stretch_Range
0.170052 0.155491 0.206130 0.343635 NaN NaN 
Attenuation_Median
60.593524 67.676098 63.774475 62.279534 NaN NaN 
Attenuation_Range
19.927753 14.554220 18.155172 38.372952 NaN NaN 
Traveling_Speed_Mean
7.294507 6.372505 4.008087 3.606255 NaN NaN 
Brush_Stroke_Median
0.230887 0.198618 0.052437 0.075981 NaN NaN 
Brush_Stroke_Range
0.107243 0.034243 0.055073 0.036545 NaN NaN 
Activity_Index_Median
236.676971 204.148878 251.042763 278.906874 NaN NaN 
Activity_Index_Range
116.753522 112.327984 446.019235 319.317524 NaN NaN 
Wave_Initiation_Rate_10
66.861987 56.375589 34.153406 20.011036 NaN NaN 
Body_Wave_Number_10
0.327766 0.350021 0.331053 0.149460 NaN NaN 
Asymmetry_10
-0.014951 -0.078416 -0.090999 -0.017904 NaN NaN 
Stretch_10
0.287528 0.319695 0.323975 0.289278 NaN NaN 
Attenuation_10
50.825334 60.194385 51.741018 41.219039 NaN NaN 
Brush_Stroke_10
0.219115 0.183407 0.042217 0.047405 NaN NaN 
Activity_Index_10
185.015245 131.726732 184.244741 96.832240 NaN NaN 
usability
0.944853 0.882353 0.753676 0.801471 
status
valid
valid
valid
valid
rejected
rejected
highThr
51.000000 53.000000 64.000000 57.000000 48.000000 32.000000 
lowThr
23.000000 36.000000 0.000000 23.000000 31.000000 3.000000 
prevThr
25.000000 25.000000 25.000000 25.000000 25.000000 25.000000 
highThrDef
51.000000 53.000000 64.000000 57.000000 48.000000 32.000000 
lowThrDef
23.000000 36.000000 0.000000 23.000000 31.000000 3.000000 
prevThrDef
25.000000 25.000000 25.000000 25.000000 25.000000 25.000000 
manualSeparators
164  165

457  458
391  392  393


separators
1    8   11   12   28   29   30   32   33   48   50   51  152  153  164  165  166  545
1  195  196  433  435  436  437  441  442  443  447  448  449  450  452  453  460  461  464  471  473  474  476  482  483  496  498  505  545
1   22   23  135  136  144  145  261  262  264  265  269  344  345  350  351  457  458  459  461  462  533  534  545
1   44   45   56   57   96   97  100  101  104  105  135  136  144  148  149  150  151  157  221  222  230  259  267  268  269  270  335  336  391  392  393  405  406  545
1  145  146  148  149  150  151  157  181  182  220  221  222  230  231  243  244  253  254  260  261  262  263  264  265  266  269  270  287  288  290  291  310  311  325  326  327  328  329  330  334  335  349  350  353  354  358  359  360  361  545
1  421  422  425  426  433  435  436  437  441  443  449  450  452  453  461  462  464  474  476  505  545
