fields 34
worms 3
Wave_Initiation_Rate_Median
106.395744 49.811281 134.885633 
Wave_Initiation_Rate_Range
63.687678 37.472730 84.927589 
Body_Wave_Number_Median
0.576691 0.268127 0.208575 
Body_Wave_Number_Range
0.432907 0.511348 0.494756 
Asymmetry_Median
-0.015226 -0.004316 -0.004395 
Asymmetry_Range
0.163926 0.153548 0.063879 
Reverse_Swimming
0.000000 0.250784 4.460028 
Curling
0.114504 3.255814 0.000000 
Stretch_Median
0.469199 0.510037 0.364462 
Stretch_Range
0.184016 0.292371 0.245514 
Attenuation_Median
66.790641 57.680807 61.950515 
Attenuation_Range
22.173493 29.409667 25.408498 
Traveling_Speed_Mean
11.438056 6.650910 14.503200 
Brush_Stroke_Median
0.286514 0.235752 0.134196 
Brush_Stroke_Range
0.111744 0.144669 0.063698 
Activity_Index_Median
306.957218 202.363480 788.081721 
Activity_Index_Range
230.576788 181.797479 892.306129 
Wave_Initiation_Rate_10
59.464954 30.985987 50.911482 
Body_Wave_Number_10
0.291877 0.094472 0.073913 
Asymmetry_10
-0.062375 -0.129503 -0.054986 
Stretch_10
0.391057 0.365671 0.290845 
Attenuation_10
57.238133 39.906944 48.233640 
Brush_Stroke_10
0.245335 0.190613 0.102979 
Activity_Index_10
187.768187 112.300355 239.830917 
usability
0.963235 0.948529 0.792279 
status
valid
valid
valid
highThr
72.000000 75.000000 71.000000 
lowThr
43.000000 33.000000 19.000000 
prevThr
25.000000 25.000000 10.000000 
highThrDef
72.000000 75.000000 71.000000 
lowThrDef
43.000000 33.000000 19.000000 
prevThrDef
25.000000 25.000000 25.000000 
manualSeparators
20


separators
1   20   26   27  237  240  246  248  461  462  463  464  496  497  541  545
1   47   48  108  109  137  138  141  142  161  203  204  350  351  545
1   26   27   35   36   64   65   66  141  142  149  150  151  153  154  164  165  193  194  195  215  241  242  545
