fields 34
worms 5
Wave_Initiation_Rate_Median
129.446272 135.095826 117.495297 112.424156 135.764713 
Wave_Initiation_Rate_Range
28.867191 101.463918 129.972472 128.204970 98.072729 
Body_Wave_Number_Median
0.489354 0.533012 0.486090 0.590674 0.415580 
Body_Wave_Number_Range
0.294651 0.288432 0.415693 0.597776 0.445580 
Asymmetry_Median
0.013114 -0.017251 0.014783 0.004020 0.006141 
Asymmetry_Range
0.037556 0.071856 0.169970 0.093864 0.086810 
Reverse_Swimming
0.000000 0.000000 8.571429 6.175243 0.000000 
Curling
0.000000 0.724346 8.784119 7.555556 0.119522 
Stretch_Median
0.356642 0.362538 0.397094 0.341930 0.340127 
Stretch_Range
0.137999 0.191533 0.445016 0.473643 0.234586 
Attenuation_Median
80.633748 67.651402 56.714799 48.443264 63.026247 
Attenuation_Range
13.121216 34.728066 64.233645 81.754124 22.398791 
Traveling_Speed_Mean
11.618888 15.163088 0.192415 6.598702 17.537286 
Brush_Stroke_Median
0.309186 0.389145 0.236151 0.352168 0.316634 
Brush_Stroke_Range
0.095976 0.456414 0.044212 0.292174 0.238282 
Activity_Index_Median
307.415552 405.697988 786.443772 307.670068 561.995367 
Activity_Index_Range
91.447025 790.478122 56.526252 372.070820 741.260144 
Wave_Initiation_Rate_10
106.230023 34.209691 21.912370 23.880806 43.613972 
Body_Wave_Number_10
0.313233 0.375739 0.221025 0.263999 0.131574 
Asymmetry_10
-0.001339 -0.075529 -0.034318 -0.049705 -0.007384 
Stretch_10
0.300004 0.307167 0.279902 0.254659 0.265917 
Attenuation_10
73.084256 44.282282 12.356535 -13.308809 53.538402 
Brush_Stroke_10
0.270348 0.324530 0.220663 0.193735 0.202087 
Activity_Index_10
263.367378 64.918431 738.620068 36.303522 219.780422 
usability
0.935662 0.913603 0.740809 0.744485 0.922794 
status
valid
valid
valid
valid
valid
highThr
66.000000 62.000000 64.000000 58.000000 59.000000 
lowThr
42.000000 39.000000 25.000000 26.000000 33.000000 
prevThr
25.000000 10.000000 25.000000 25.000000 10.000000 
highThrDef
66.000000 62.000000 64.000000 58.000000 59.000000 
lowThrDef
42.000000 39.000000 25.000000 26.000000 33.000000 
prevThrDef
25.000000 25.000000 25.000000 25.000000 25.000000 
manualSeparators
214




separators
1   92   93  214  221  222  247  249  310  311  318  319  351  352  356  357  361  362  374  375  470  472  489  490  497  499  527  528  529  534  537  540  541  543  545
1   41  147  148  227  228  283  284  326  328  339  340  477  478  545
1   41   44   47   48  107  108  110  111  120  122  123  124  142  143  188  189  217  218  242  243  267  268  269  270  280  281  286  287  313  314  315  316  320  321  325  326  350  351  352  353  354  361  362  398  399  410  411  412  418  419  437  441  442  461  462  502  503  514  515  529  534  537  541  542  543  544  545
1   41   42   60   61   62   81   82   86   87  102  121  122  159  161  163  212  213  241  243  322  323  337  338  344  345  369  370  455  456  497  498  521  522  543  544  545
1   41  314  315  340  341  545
