fields 34
worms 5
Wave_Initiation_Rate_Median
9.761195 16.626127 7.662241 8.696141 NaN 
Wave_Initiation_Rate_Range
8.405699 18.173487 2.648475 10.190090 NaN 
Body_Wave_Number_Median
1.534038 1.414741 1.739530 1.707594 NaN 
Body_Wave_Number_Range
0.739565 0.974277 0.692670 0.752302 NaN 
Asymmetry_Median
-0.001836 0.011190 -0.071938 -0.113177 NaN 
Asymmetry_Range
0.157497 0.090452 0.165455 0.179348 NaN 
Reverse_Swimming
4.195032 5.464581 0.000000 0.000000 NaN 
Curling
0.000000 0.000000 0.222222 5.080092 NaN 
Stretch_Median
0.508830 0.561849 0.415195 0.567371 NaN 
Stretch_Range
0.139491 0.283259 0.177328 0.315835 NaN 
Attenuation_Median
84.389320 66.556431 73.866061 65.930695 NaN 
Attenuation_Range
9.949549 22.645301 17.588813 38.225866 NaN 
Traveling_Speed_Mean
1.289783 1.558178 0.375460 0.499104 NaN 
Brush_Stroke_Median
0.044474 0.057030 0.033120 0.038755 NaN 
Brush_Stroke_Range
0.016367 0.014768 0.004595 0.012770 NaN 
Activity_Index_Median
21.385535 47.169658 12.822610 16.145660 NaN 
Activity_Index_Range
23.609324 54.562653 3.354862 27.286949 NaN 
Wave_Initiation_Rate_10
7.577456 12.018037 7.162247 6.801299 NaN 
Body_Wave_Number_10
1.096865 0.824688 1.384019 1.167253 NaN 
Asymmetry_10
-0.069738 -0.041274 -0.171810 -0.206070 NaN 
Stretch_10
0.464330 0.479636 0.330994 0.388126 NaN 
Attenuation_10
77.947884 55.895279 62.068610 38.850307 NaN 
Brush_Stroke_10
0.037438 0.051511 0.030714 0.033696 NaN 
Activity_Index_10
13.803837 30.737768 11.568074 13.032452 NaN 
usability
0.996324 0.979779 0.992647 0.803309 0.000000 
status
valid
valid
valid
valid
rejected
highThr
62.000000 63.000000 42.000000 54.000000 NaN 
lowThr
46.000000 40.000000 26.000000 36.000000 0.000000 
prevThr
25.000000 25.000000 25.000000 25.000000 25.000000 
highThrDef
62.000000 63.000000 42.000000 54.000000 NaN 
lowThrDef
46.000000 40.000000 26.000000 36.000000 0.000000 
prevThrDef
25.000000 25.000000 25.000000 25.000000 25.000000 
manualSeparators





separators
1  241  242  510  511  545
1  149  150  151  158  170  173  545
1  168  169  321  322  381  382  541  542  545
1  101  102  237  238  239  240  261  262  263  526  527  541  542  543  545
1  545
