fields 34
worms 5
Wave_Initiation_Rate_Median
34.831399 NaN 68.134431 7.721508 NaN 
Wave_Initiation_Rate_Range
48.251088 NaN 4.634817 2.736738 NaN 
Body_Wave_Number_Median
0.845306 NaN 0.594291 1.736290 NaN 
Body_Wave_Number_Range
1.111854 NaN 0.254767 0.406698 NaN 
Asymmetry_Median
-0.100317 NaN -0.024767 -0.261277 NaN 
Asymmetry_Range
0.208375 NaN 0.083953 0.118303 NaN 
Reverse_Swimming
0.000000 NaN 0.000000 0.000000 NaN 
Curling
8.571429 NaN 0.000000 40.091533 NaN 
Stretch_Median
0.546857 NaN 0.468039 0.486375 NaN 
Stretch_Range
0.228883 NaN 0.111391 0.274111 NaN 
Attenuation_Median
44.434148 NaN 41.658848 50.544695 NaN 
Attenuation_Range
36.102713 NaN 26.241000 25.253320 NaN 
Traveling_Speed_Mean
3.382862 NaN 6.468821 0.125869 NaN 
Brush_Stroke_Median
0.104565 NaN 0.085325 0.029256 NaN 
Brush_Stroke_Range
0.034010 NaN 0.019547 0.004014 NaN 
Activity_Index_Median
110.349617 NaN 291.199853 9.371577 NaN 
Activity_Index_Range
129.453462 NaN 89.377064 14.677500 NaN 
Wave_Initiation_Rate_10
10.052791 NaN 64.716212 6.246780 NaN 
Body_Wave_Number_10
0.566505 NaN 0.414614 1.536687 NaN 
Asymmetry_10
-0.209924 NaN -0.085744 -0.290968 NaN 
Stretch_10
0.442407 NaN 0.421685 0.308287 NaN 
Attenuation_10
32.209170 NaN 28.122143 41.250457 NaN 
Brush_Stroke_10
0.080865 NaN 0.076544 0.027117 NaN 
Activity_Index_10
24.695945 NaN 243.096258 8.766625 NaN 
usability
0.823529 0.863971 0.933824 0.803309 0.000000 
status
valid
rejected
valid
valid
rejected
highThr
69.000000 47.000000 61.000000 68.000000 NaN 
lowThr
8.000000 38.000000 36.000000 31.000000 0.000000 
prevThr
25.000000 25.000000 25.000000 25.000000 25.000000 
highThrDef
69.000000 47.000000 61.000000 68.000000 NaN 
lowThrDef
8.000000 38.000000 36.000000 31.000000 0.000000 
prevThrDef
25.000000 25.000000 25.000000 25.000000 25.000000 
manualSeparators
256  257  329  330  383  384  388  389  400  401
489  130  131  159  160

182  183  181  188  189  209  210  295  296  322  323  336  337  344  345  403  404  405  422  423  462  463  464  465  466  461

separators
1  182  183  255  256  257  329  330  332  333  361  362  383  384  388  389  400  401  405  441  442  447  448  461  462  466  522  523  545
1    2   63   64   66   67  111  130  131  159  160  182  183  201  202  421  422  432  433  489  541  542  545
1   25   31   41   42   61  258  259  545
1  141  142  163  164  181  182  183  184  188  189  190  209  210  295  296  297  298  301  302  321  322  323  330  331  333  334  335  336  337  344  345  362  363  402  403  404  405  421  422  423  461  462  463  464  465  466  521  522  545
1  461  463  464  486  487  491  492  545
