fields 34
worms 5
Wave_Initiation_Rate_Median
12.588698 10.887006 8.357583 10.013575 7.980999 
Wave_Initiation_Rate_Range
10.921024 7.791699 5.065939 9.348990 1.955759 
Body_Wave_Number_Median
1.322784 1.356264 1.602066 1.660452 1.793291 
Body_Wave_Number_Range
0.921108 0.586777 0.650132 0.430566 0.181291 
Asymmetry_Median
0.032385 0.002565 0.025749 -0.007074 -0.004358 
Asymmetry_Range
0.467769 0.322232 0.180643 0.187771 0.295433 
Reverse_Swimming
3.938462 2.824974 0.000000 0.000000 0.000000 
Curling
17.389635 9.767442 0.000000 0.000000 4.457143 
Stretch_Median
0.756518 0.732947 0.572723 0.437427 0.512636 
Stretch_Range
0.227512 0.323335 0.157365 0.125564 0.594648 
Attenuation_Median
66.893621 53.332662 67.089584 65.093333 79.085334 
Attenuation_Range
18.940865 56.461403 32.673428 26.406101 22.534312 
Traveling_Speed_Mean
1.748233 1.343034 1.467188 1.483748 0.540561 
Brush_Stroke_Median
0.045394 0.053462 0.048508 0.041833 0.034506 
Brush_Stroke_Range
0.019272 0.025152 0.011963 0.008841 0.008785 
Activity_Index_Median
36.655467 28.328181 21.442206 20.024735 12.870161 
Activity_Index_Range
23.881602 31.775259 14.984491 19.404010 3.601061 
Wave_Initiation_Rate_10
8.288738 8.069795 6.703182 7.785439 6.748475 
Body_Wave_Number_10
0.891636 1.093728 1.197136 1.384483 1.698612 
Asymmetry_10
-0.160361 -0.178632 -0.083998 -0.107462 -0.086492 
Stretch_10
0.656456 0.577449 0.508356 0.373965 0.438651 
Attenuation_10
54.466172 24.743860 41.834631 52.343735 67.827721 
Brush_Stroke_10
0.033365 0.041050 0.044083 0.037751 0.027201 
Activity_Index_10
19.628270 17.408877 14.774908 15.718283 11.158944 
usability
0.957721 0.948529 0.996324 1.000000 0.965074 
status
valid
valid
valid
valid
valid
highThr
63.000000 70.000000 61.000000 64.000000 70.000000 
lowThr
39.000000 47.000000 48.000000 41.000000 46.000000 
prevThr
25.000000 25.000000 25.000000 25.000000 25.000000 
highThrDef
63.000000 70.000000 61.000000 63.000000 70.000000 
lowThrDef
39.000000 47.000000 48.000000 41.000000 46.000000 
prevThrDef
25.000000 25.000000 25.000000 25.000000 25.000000 
manualSeparators
46  481  482  484  485  486
62   63  131  332  343  344  346  456


344  345  282  283  528
separators
1   41   42   46   50   51  283  284  288  289  290  291  292  470  471  481  482  484  485  486  498  499  545
1   61   62   63  131  136  137  332  342  343  344  346  362  364  366  367  456  461  462  545
1  123  124  222  223  545
1  545
1  282  283  344  345  371  372  441  443  445  449  450  455  461  462  528  545
