fields 34
worms 5
Wave_Initiation_Rate_Median
34.140265 5.962405 9.389122 NaN 8.408710 
Wave_Initiation_Rate_Range
2.196642 0.693785 8.940237 NaN 5.846329 
Body_Wave_Number_Median
0.755116 1.406480 1.550301 NaN 1.767317 
Body_Wave_Number_Range
0.271377 0.690882 0.529526 NaN 0.380070 
Asymmetry_Median
0.001008 0.060276 -0.100399 NaN 0.010813 
Asymmetry_Range
0.063764 0.006166 0.160814 NaN 0.074196 
Reverse_Swimming
0.000000 0.000000 0.000000 NaN 1.159154 
Curling
0.000000 0.000000 7.454910 NaN 0.000000 
Stretch_Median
0.504506 0.272439 0.561607 NaN 0.507434 
Stretch_Range
0.068400 0.093761 0.104398 NaN 0.190427 
Attenuation_Median
48.163366 52.556750 64.899453 NaN 36.186902 
Attenuation_Range
20.927865 24.877717 26.990576 NaN 47.340500 
Traveling_Speed_Mean
3.618642 0.521356 1.353570 NaN 0.925568 
Brush_Stroke_Median
0.095703 0.027537 0.050190 NaN 0.039205 
Brush_Stroke_Range
0.019699 0.001537 0.016791 NaN 0.010243 
Activity_Index_Median
97.154545 8.179844 23.483886 NaN 17.166722 
Activity_Index_Range
20.009977 1.078088 27.297104 NaN 13.909124 
Wave_Initiation_Rate_10
32.882122 5.668901 7.541332 NaN 7.286698 
Body_Wave_Number_10
0.622558 1.234445 1.342809 NaN 1.568541 
Asymmetry_10
-0.038524 0.057326 -0.179882 NaN -0.017720 
Stretch_10
0.475767 0.236478 0.505080 NaN 0.430374 
Attenuation_10
39.222377 40.282247 50.418443 NaN 10.486926 
Brush_Stroke_10
0.085709 0.026938 0.042612 NaN 0.032791 
Activity_Index_10
86.629920 7.698467 16.530725 NaN 12.261565 
usability
1.000000 1.000000 0.917279 0.854779 1.000000 
status
valid
valid
valid
rejected
valid
highThr
57.000000 46.000000 63.000000 34.000000 59.000000 
lowThr
40.000000 34.000000 38.000000 20.000000 43.000000 
prevThr
25.000000 25.000000 25.000000 25.000000 25.000000 
highThrDef
57.000000 46.000000 63.000000 34.000000 59.000000 
lowThrDef
40.000000 34.000000 38.000000 20.000000 43.000000 
prevThrDef
25.000000 25.000000 25.000000 25.000000 25.000000 
manualSeparators


35   36   60   61   77   78  318  319  314  315  313  312  311


separators
1  545
1  545
1   35   36   39   40   51   52   60   61   62   64   65   77   78   81   82  276  277  301  302  311  312  313  314  315  318  319  321  322  545
1    2    3    5    6   11   12   14   15   17   18   20   21   26   27   37   38   39   40   43   44   47   48   50   61   62   65   66   77   78   80   81   83   84   86   87   92   93   95   97  105  106  110  111  119  120  122  123  134  135  141  142  143  144  148  149  160  161  163  164  166  167  173  174  178  179  182  183  192  193  194  201  202  210  211  213  214  216  217  221  222  223  224  226  227  229  230  234  235  240  241  245  246  248  249  250  251  255  256  258  259  262  263  268  269  310  311  324  325  330  331  344  345  389  390  408  409  411  412  414  415  428  429  437  438  440  441  442  443  445  446  453  454  466  467  477  478  484  485  501  502  510  511  514  515  520  521  523  524  532  533  535  536  545
1  421  422  545
