fields 34
worms 5
Wave_Initiation_Rate_Median
83.111791 81.952406 68.811787 NaN 72.245477 
Wave_Initiation_Rate_Range
43.713291 23.033249 2.520566 NaN 16.257081 
Body_Wave_Number_Median
0.564601 0.412334 0.641461 NaN 0.607930 
Body_Wave_Number_Range
0.381762 0.349720 0.209387 NaN 0.376425 
Asymmetry_Median
0.012471 -0.006745 -0.011847 NaN -0.003587 
Asymmetry_Range
0.100416 0.087843 0.038747 NaN 0.069994 
Reverse_Swimming
4.069887 2.925483 0.000000 NaN 0.827967 
Curling
0.584795 0.000000 0.000000 NaN 0.000000 
Stretch_Median
0.471296 0.430659 0.470697 NaN 0.452076 
Stretch_Range
0.212836 0.130758 0.129506 NaN 0.183073 
Attenuation_Median
61.467176 65.398093 60.206253 NaN 64.694692 
Attenuation_Range
20.300805 13.482231 17.253911 NaN 17.360888 
Traveling_Speed_Mean
12.286670 9.065071 11.495993 NaN 8.091546 
Brush_Stroke_Median
0.066093 0.245194 0.198384 NaN 0.190235 
Brush_Stroke_Range
0.066902 0.046131 0.038177 NaN 0.040062 
Activity_Index_Median
245.565729 233.491192 204.247170 NaN 212.571053 
Activity_Index_Range
443.830921 72.481019 51.316479 NaN 52.002113 
Wave_Initiation_Rate_10
57.390384 67.930866 67.147510 NaN 67.418372 
Body_Wave_Number_10
0.354382 0.304777 0.536692 NaN 0.425543 
Asymmetry_10
-0.050947 -0.041757 -0.027054 NaN -0.045992 
Stretch_10
0.413076 0.363937 0.417062 NaN 0.366529 
Attenuation_10
49.326132 58.374745 50.359452 NaN 55.462026 
Brush_Stroke_10
0.055422 0.223763 0.181526 NaN 0.174978 
Activity_Index_10
165.732472 200.661197 176.695800 NaN 182.702063 
usability
0.943015 0.996324 1.000000 0.233456 0.976103 
status
valid
valid
valid
rejected
valid
highThr
63.000000 60.000000 65.000000 70.000000 68.000000 
lowThr
42.000000 42.000000 48.000000 46.000000 42.000000 
prevThr
25.000000 25.000000 25.000000 25.000000 25.000000 
highThrDef
63.000000 60.000000 65.000000 70.000000 68.000000 
lowThrDef
42.000000 42.000000 48.000000 10.000000 42.000000 
prevThrDef
25.000000 25.000000 25.000000 25.000000 25.000000 
manualSeparators
220  221  222  223  224  234  235
226  227


212  213  514  515  525  526
separators
1   69   70   86   87   90   91  102  103  144  145  166  167  204  211  212  220  221  222  223  224  226  231  234  235  237  238  245  246  247  249  250  251  255  256  257  258  261  271  274  335  336  349  350  357  358  382  384  389  390  402  403  406  408  414  415  442  444  545
1  209  211  225  226  227  241  242  253  254  261  263  407  408  531  532  545
1  541  543  545
1    2    3    4    5   19   23   30   48   50   60   64   65   67   72   75   76   79   85   91   92   98  101  102  109  110  113  114  127  128  130  131  133  141  142  145  146  148  149  157  158  161  162  168  169  188  189  190  191  194  195  197  198  209  210  225  226  228  229  232  233  244  245  254  255  258  259  283  284  289  290  300  301  312  313  319  320  325  326  331  332  338  339  356  357  366  367  384  385  407  410  414  415  423  424  450  451  455  461  474  481  482  488  491  504  505  529  530  545
1  204  212  213  221  222  226  231  235  237  238  245  246  247  251  257  258  271  274  453  454  458  460  475  477  498  500  501  513  514  515  522  523  524  525  526  538  539  541  542  545
