fields 34
worms 5
Wave_Initiation_Rate_Median
6.221987 66.124720 72.136744 129.525264 67.203597 
Wave_Initiation_Rate_Range
1.206301 54.191116 64.638424 93.715254 59.844248 
Body_Wave_Number_Median
1.911574 0.611614 1.020575 0.626129 0.529596 
Body_Wave_Number_Range
0.139550 1.111043 1.087824 0.554183 0.405441 
Asymmetry_Median
-0.060636 -0.013388 -0.008628 -0.003885 -0.002428 
Asymmetry_Range
0.034615 0.108939 0.096518 0.052088 0.092955 
Reverse_Swimming
0.000000 15.510580 0.000000 1.490340 0.000000 
Curling
0.000000 0.000000 1.740812 0.669145 0.000000 
Stretch_Median
0.473782 0.363535 0.402831 0.342810 0.387154 
Stretch_Range
0.249667 0.274190 0.241792 0.377649 0.295518 
Attenuation_Median
72.994982 57.183915 61.770736 68.208570 72.440724 
Attenuation_Range
25.661841 41.617672 40.559158 20.554678 16.920561 
Traveling_Speed_Mean
0.317667 5.439692 4.296378 11.132969 7.662910 
Brush_Stroke_Median
0.026669 0.095514 0.159379 0.351502 0.174123 
Brush_Stroke_Range
0.002121 0.031269 0.060469 0.192877 0.045199 
Activity_Index_Median
8.280632 136.946344 143.186465 396.853353 178.330454 
Activity_Index_Range
1.842750 129.302059 132.258558 420.592888 152.214086 
Wave_Initiation_Rate_10
5.795248 14.172509 20.384496 40.692601 24.142532 
Body_Wave_Number_10
1.837693 0.272064 0.249912 0.232075 0.358298 
Asymmetry_10
-0.074341 -0.092023 -0.090694 -0.034749 -0.027814 
Stretch_10
0.324618 0.283541 0.305420 0.252634 0.266655 
Attenuation_10
53.598890 29.275122 35.929069 59.055698 60.629231 
Brush_Stroke_10
0.025632 0.081629 0.142431 0.262561 0.148352 
Activity_Index_10
7.419997 34.400494 49.657159 124.442735 61.789000 
usability
0.998162 0.994485 0.950368 0.988971 0.990809 
status
valid
valid
valid
valid
valid
highThr
54.000000 81.000000 87.000000 67.000000 75.000000 
lowThr
39.000000 40.000000 29.000000 46.000000 57.000000 
prevThr
25.000000 25.000000 25.000000 25.000000 25.000000 
highThrDef
54.000000 81.000000 87.000000 67.000000 75.000000 
lowThrDef
39.000000 40.000000 29.000000 46.000000 57.000000 
prevThrDef
25.000000 25.000000 25.000000 25.000000 25.000000 
manualSeparators





separators
1   38   39  545
1  281  282  507  509  545
1  332  333  338  339  341  342  352  366  367  368  483  484  545
1   22   23   27   29   46   47   95   96  353  354  545
1  452  453  465  466  467  507  509  545
