fields 34
worms 6
Wave_Initiation_Rate_Median
9.132571 7.815019 9.267588 21.689694 NaN NaN 
Wave_Initiation_Rate_Range
5.072672 3.881003 13.669305 23.028039 NaN NaN 
Body_Wave_Number_Median
1.621395 1.713790 1.652545 1.104752 NaN NaN 
Body_Wave_Number_Range
0.588810 0.949769 0.469067 0.810289 NaN NaN 
Asymmetry_Median
0.095281 -0.009158 0.012040 0.007854 NaN NaN 
Asymmetry_Range
0.164777 0.164475 0.045864 0.103535 NaN NaN 
Reverse_Swimming
0.000000 1.379945 0.000000 5.795768 NaN NaN 
Curling
0.000000 0.000000 0.000000 0.000000 NaN NaN 
Stretch_Median
0.499613 0.403831 0.421247 0.505608 NaN NaN 
Stretch_Range
0.215114 0.084351 0.143789 0.200671 NaN NaN 
Attenuation_Median
74.114903 63.449697 67.496736 53.077130 NaN NaN 
Attenuation_Range
47.698286 43.874398 25.543002 32.414913 NaN NaN 
Traveling_Speed_Mean
0.746127 0.990663 0.910912 2.556114 NaN NaN 
Brush_Stroke_Median
0.042078 0.040679 0.037639 0.051911 NaN NaN 
Brush_Stroke_Range
0.014508 0.012927 0.010575 0.023546 NaN NaN 
Activity_Index_Median
19.040966 16.135844 19.794894 66.684432 NaN NaN 
Activity_Index_Range
17.495763 10.904519 33.218288 48.682617 NaN NaN 
Wave_Initiation_Rate_10
6.990387 6.875553 7.708686 11.469561 NaN NaN 
Body_Wave_Number_10
1.300334 1.202938 1.337757 0.637298 NaN NaN 
Asymmetry_10
-0.013275 -0.097158 -0.014392 -0.030760 NaN NaN 
Stretch_10
0.396337 0.357782 0.375036 0.449462 NaN NaN 
Attenuation_10
34.054669 33.899912 54.128536 37.615758 NaN NaN 
Brush_Stroke_10
0.037069 0.035191 0.035032 0.042237 NaN NaN 
Activity_Index_10
13.547502 12.309790 14.271569 31.841398 NaN NaN 
usability
0.996324 1.000000 0.998162 0.998162 0.593750 0.000000 
status
valid
valid
valid
valid
rejected
rejected
highThr
59.000000 65.000000 52.000000 59.000000 73.000000 NaN 
lowThr
45.000000 47.000000 35.000000 36.000000 26.000000 0.000000 
prevThr
25.000000 25.000000 25.000000 25.000000 25.000000 25.000000 
highThrDef
59.000000 65.000000 52.000000 59.000000 73.000000 NaN 
lowThrDef
45.000000 47.000000 35.000000 36.000000 26.000000 0.000000 
prevThrDef
25.000000 25.000000 25.000000 25.000000 25.000000 25.000000 
manualSeparators






separators
1  121  122  381  382  545
1  545
1   61   62  545
1  338  339  545
1   61  121  161  162  201  261  266  267  274  275  281  282  545
1  545
