fields 34
worms 5
Wave_Initiation_Rate_Median
17.325380 33.783396 6.539014 12.237941 16.510206 
Wave_Initiation_Rate_Range
24.255845 14.749506 1.847522 13.375432 36.846001 
Body_Wave_Number_Median
1.071029 0.871126 1.875665 1.581914 1.217302 
Body_Wave_Number_Range
1.279186 0.790539 0.161815 0.531687 1.437343 
Asymmetry_Median
-0.047911 0.002538 0.023921 0.011674 -0.009263 
Asymmetry_Range
0.124989 0.049773 0.161223 0.049737 0.160463 
Reverse_Swimming
15.952162 2.263109 0.000000 0.000000 10.873965 
Curling
5.698324 0.000000 0.000000 0.000000 7.792208 
Stretch_Median
0.669715 0.467022 0.470157 0.501350 0.683789 
Stretch_Range
0.290322 0.123221 0.168643 0.140195 0.275313 
Attenuation_Median
26.396749 71.460084 82.882059 67.107495 35.405308 
Attenuation_Range
38.027451 15.217833 8.357520 43.472086 42.833980 
Traveling_Speed_Mean
2.233146 2.224936 0.783011 2.025530 1.701519 
Brush_Stroke_Median
0.051119 0.074566 0.029177 0.050270 0.086408 
Brush_Stroke_Range
0.021166 0.027304 0.011417 0.018522 0.018489 
Activity_Index_Median
41.625900 77.175550 9.575497 27.095209 41.416300 
Activity_Index_Range
50.572947 54.906282 6.301117 44.122031 66.346385 
Wave_Initiation_Rate_10
9.940552 20.030596 5.527251 7.224776 8.930141 
Body_Wave_Number_10
0.282674 0.515302 1.798049 1.291282 0.167776 
Asymmetry_10
-0.113301 -0.025320 -0.076011 -0.013642 -0.111000 
Stretch_10
0.515202 0.417278 0.364672 0.463943 0.545269 
Attenuation_10
16.610673 62.956165 77.328865 37.211389 15.210462 
Brush_Stroke_10
0.041468 0.065450 0.027657 0.044503 0.078647 
Activity_Index_10
19.973421 41.578059 7.652196 17.018203 23.416052 
usability
0.987132 1.000000 1.000000 1.000000 0.990809 
status
valid
valid
valid
valid
valid
highThr
60.000000 53.000000 47.000000 51.000000 63.000000 
lowThr
37.000000 32.000000 32.000000 32.000000 38.000000 
prevThr
25.000000 25.000000 25.000000 25.000000 25.000000 
highThrDef
60.000000 53.000000 47.000000 51.000000 63.000000 
lowThrDef
37.000000 32.000000 32.000000 32.000000 38.000000 
prevThrDef
25.000000 25.000000 25.000000 25.000000 25.000000 
manualSeparators
398  399



262  263  402  403  422  423
separators
1  190  191  341  342  343  344  361  362  393  398  399  462  463  466  467  545
1  545
1  545
1  544  545
1  123  124  262  263  266  268  276  277  401  402  403  422  423  449  450  545
