fields 34
worms 5
Wave_Initiation_Rate_Median
25.255025 21.870575 32.865556 44.835595 29.748172 
Wave_Initiation_Rate_Range
20.656169 23.405022 47.081703 47.392832 15.487524 
Body_Wave_Number_Median
1.150342 1.040411 0.699003 0.748386 1.182616 
Body_Wave_Number_Range
1.094950 0.832848 1.126276 0.890725 0.712772 
Asymmetry_Median
-0.007034 0.036841 -0.012920 0.018948 -0.003520 
Asymmetry_Range
0.142373 0.193555 0.156927 0.113140 0.105870 
Reverse_Swimming
7.727691 6.016559 16.559338 5.243790 0.000000 
Curling
0.000000 0.000000 2.426471 0.000000 0.000000 
Stretch_Median
0.491535 0.543200 0.598720 0.465183 0.591639 
Stretch_Range
0.186681 0.228135 0.243751 0.204410 0.196637 
Attenuation_Median
68.253196 58.640267 44.802781 54.547164 61.757355 
Attenuation_Range
23.286708 18.020820 40.217894 29.175024 21.136608 
Traveling_Speed_Mean
2.061110 2.627009 4.473122 5.284656 2.426670 
Brush_Stroke_Median
0.052550 0.071445 0.079939 0.088024 0.063424 
Brush_Stroke_Range
0.020682 0.016087 0.024323 0.024199 0.020540 
Activity_Index_Median
58.705241 67.489573 107.341245 141.651320 58.745533 
Activity_Index_Range
72.451185 72.937516 152.226372 146.608085 35.061900 
Wave_Initiation_Rate_10
13.564542 10.285414 12.067191 19.253248 18.080665 
Body_Wave_Number_10
0.527507 0.642843 0.132017 0.204140 0.708888 
Asymmetry_10
-0.089114 -0.062233 -0.120772 -0.021884 -0.051424 
Stretch_10
0.403340 0.465507 0.489879 0.336813 0.511451 
Attenuation_10
50.870300 49.542314 23.194569 37.311936 51.286373 
Brush_Stroke_10
0.042312 0.064847 0.068515 0.077991 0.054297 
Activity_Index_10
28.902203 27.497533 37.183207 66.996854 39.131210 
usability
1.000000 0.990809 1.000000 1.000000 1.000000 
status
valid
valid
valid
valid
valid
highThr
71.000000 61.000000 65.000000 67.000000 65.000000 
lowThr
56.000000 42.000000 45.000000 52.000000 50.000000 
prevThr
25.000000 25.000000 25.000000 25.000000 25.000000 
highThrDef
71.000000 61.000000 65.000000 67.000000 65.000000 
lowThrDef
56.000000 42.000000 45.000000 52.000000 50.000000 
prevThrDef
25.000000 25.000000 25.000000 25.000000 25.000000 
manualSeparators





separators
1  545
1  215  216  383  388  545
1  112  113  226  229  359  360  380  381  402  404  405  406  468  469  545
1   78  101  201  202  341  342  545
1  208  209  545
