fields 34
worms 4
Wave_Initiation_Rate_Median
117.385917 102.364294 118.275106 120.149098 
Wave_Initiation_Rate_Range
18.444615 9.284831 13.939039 5.353661 
Body_Wave_Number_Median
0.505977 0.571423 0.470437 0.602638 
Body_Wave_Number_Range
0.331776 0.255284 0.244827 0.302887 
Asymmetry_Median
0.004309 0.005947 -0.002259 0.005243 
Asymmetry_Range
0.031356 0.039059 0.024548 0.026472 
Reverse_Swimming
0.000000 0.000000 0.000000 0.000000 
Curling
0.000000 0.112782 0.000000 0.000000 
Stretch_Median
0.370268 0.339871 0.355131 0.365652 
Stretch_Range
0.121151 0.107471 0.107334 0.181052 
Attenuation_Median
61.209906 59.160305 59.848321 64.814277 
Attenuation_Range
22.005276 25.111747 18.078782 21.097973 
Traveling_Speed_Mean
14.841679 10.607374 10.925905 12.050752 
Brush_Stroke_Median
0.258461 0.256755 0.274034 0.286539 
Brush_Stroke_Range
0.042430 0.030040 0.031287 0.031434 
Activity_Index_Median
294.999146 263.067819 289.822977 275.117178 
Activity_Index_Range
68.192665 32.524980 53.032290 41.860166 
Wave_Initiation_Rate_10
101.252274 94.914021 106.615627 118.159617 
Body_Wave_Number_10
0.374874 0.434711 0.349422 0.419038 
Asymmetry_10
-0.007563 -0.005691 -0.013769 -0.004964 
Stretch_10
0.312657 0.297318 0.314766 0.307622 
Attenuation_10
47.146853 47.880549 50.018187 54.496637 
Brush_Stroke_10
0.243520 0.242371 0.258968 0.271278 
Activity_Index_10
258.343984 247.057270 262.699180 253.662576 
usability
0.992647 0.977941 0.922794 0.983456 
status
valid
valid
valid
valid
highThr
49.000000 52.000000 53.000000 52.000000 
lowThr
32.000000 33.000000 28.000000 32.000000 
prevThr
25.000000 25.000000 25.000000 25.000000 
highThrDef
49.000000 52.000000 53.000000 52.000000 
lowThrDef
32.000000 33.000000 23.000000 32.000000 
prevThrDef
25.000000 25.000000 25.000000 25.000000 
manualSeparators




separators
1   60   61  103  105  226  227  545
1  300  301  302  303  305  308  309  313  315  413  414  421  423  424  428  429  545
1    4    5  141  145  146  148  149  154  155  159  160  163  164  178  179  181  182  545
1  179  180  302  303  304  306  307  309  310  321  322  483  484  492  493  528  529  545
