fields 34
worms 5
Wave_Initiation_Rate_Median
18.015291 45.999169 40.818249 26.413697 67.938128 
Wave_Initiation_Rate_Range
59.719676 103.030712 63.662189 61.269866 81.784269 
Body_Wave_Number_Median
0.845596 0.537599 0.711519 0.874707 0.591731 
Body_Wave_Number_Range
1.232906 0.744954 0.633725 0.817142 0.644757 
Asymmetry_Median
-0.009170 -0.000282 0.032867 -0.048671 -0.004189 
Asymmetry_Range
0.248975 0.166343 0.160980 0.121173 0.111758 
Reverse_Swimming
1.584906 21.637534 4.526219 1.931923 0.000000 
Curling
7.775378 3.903346 1.654412 1.913696 0.332103 
Stretch_Median
0.566449 0.506565 0.576075 0.533457 0.421080 
Stretch_Range
0.239427 0.455418 0.303340 0.484584 0.341515 
Attenuation_Median
49.564740 45.344315 66.888873 65.809521 61.359952 
Attenuation_Range
36.993160 38.200051 38.387007 25.103108 26.451519 
Traveling_Speed_Mean
1.968835 5.869381 4.871125 5.812556 6.379424 
Brush_Stroke_Median
0.081480 0.266255 0.074767 0.146204 0.077810 
Brush_Stroke_Range
0.056349 0.146451 0.030165 0.092090 0.052742 
Activity_Index_Median
44.604162 207.386161 120.948667 73.925231 171.820867 
Activity_Index_Range
89.680761 288.015236 250.297773 172.599082 279.415729 
Wave_Initiation_Rate_10
8.695613 18.144635 19.660218 12.372139 18.592310 
Body_Wave_Number_10
0.379031 0.114047 0.346001 0.462241 0.242831 
Asymmetry_10
-0.107031 -0.057562 -0.032973 -0.113102 -0.087902 
Stretch_10
0.423867 0.278357 0.398369 0.358218 0.266317 
Attenuation_10
30.084803 28.659973 47.618063 53.722843 48.621114 
Brush_Stroke_10
0.069905 0.178911 0.063519 0.089730 0.051068 
Activity_Index_10
32.749438 61.811261 51.238048 19.309804 28.816403 
usability
0.851103 0.988971 1.000000 0.979779 0.996324 
status
valid
valid
valid
valid
valid
highThr
71.000000 60.000000 59.000000 67.000000 58.000000 
lowThr
30.000000 40.000000 35.000000 42.000000 26.000000 
prevThr
25.000000 25.000000 25.000000 25.000000 25.000000 
highThrDef
71.000000 60.000000 59.000000 67.000000 58.000000 
lowThrDef
30.000000 40.000000 35.000000 42.000000 26.000000 
prevThrDef
25.000000 25.000000 25.000000 25.000000 25.000000 
manualSeparators





separators
1  146  147  231  232  244  246  260  261  263  264  265  266  276  278  280  281  303  305  319  320  345  346  354  355  367  371  410  411  412  413  414  458  501  502  526  527  545
1   54   58   80   81   84   85  128  129  165  166  325  326  327  329  355  356  394  395  545
1  135  136  545
1  406  407  410  411  531  540  545
1   81   82  358  359  545
