fields 34
worms 5
Wave_Initiation_Rate_Median
53.576120 62.422797 30.480314 44.260107 67.663239 
Wave_Initiation_Rate_Range
48.064139 34.763569 24.691241 26.351153 21.010615 
Body_Wave_Number_Median
0.758233 0.547902 0.738607 0.634658 0.596582 
Body_Wave_Number_Range
0.649323 0.574620 0.584499 0.663086 0.378492 
Asymmetry_Median
0.006025 -0.042245 0.007411 0.022577 0.002085 
Asymmetry_Range
0.091664 0.100012 0.153793 0.154795 0.037885 
Reverse_Swimming
6.458142 1.931923 7.838086 8.445262 0.000000 
Curling
0.000000 0.000000 4.382022 6.077348 0.000000 
Stretch_Median
0.436782 0.451668 0.724480 0.533840 0.406061 
Stretch_Range
0.284134 0.192166 0.291992 0.325570 0.214580 
Attenuation_Median
62.248370 57.349442 64.482904 59.186500 76.763671 
Attenuation_Range
55.500248 15.590034 73.828717 45.446980 18.993651 
Traveling_Speed_Mean
3.825878 10.922352 4.148033 6.042510 7.778426 
Brush_Stroke_Median
0.096544 0.183430 0.075579 0.144915 0.161768 
Brush_Stroke_Range
0.032497 0.049616 0.020793 0.062525 0.061225 
Activity_Index_Median
159.202848 174.281792 104.488851 127.710135 167.868301 
Activity_Index_Range
126.139537 136.336361 86.515509 124.012466 67.271070 
Wave_Initiation_Rate_10
19.320930 33.589460 19.732141 25.483376 54.395408 
Body_Wave_Number_10
0.262076 0.205496 0.371558 0.165748 0.419622 
Asymmetry_10
-0.055909 -0.115805 -0.066514 -0.030717 -0.015963 
Stretch_10
0.352894 0.334716 0.552127 0.428682 0.298339 
Attenuation_10
15.965332 46.401337 4.683256 29.014000 64.081726 
Brush_Stroke_10
0.086688 0.154822 0.064990 0.108534 0.131534 
Activity_Index_10
53.144836 83.862543 67.205509 47.262988 127.457048 
usability
0.998162 0.985294 0.981618 0.998162 0.977941 
status
valid
valid
valid
valid
valid
highThr
70.000000 72.000000 75.000000 74.000000 75.000000 
lowThr
48.000000 56.000000 54.000000 58.000000 50.000000 
prevThr
25.000000 25.000000 25.000000 25.000000 25.000000 
highThrDef
70.000000 72.000000 75.000000 74.000000 75.000000 
lowThrDef
48.000000 56.000000 54.000000 58.000000 50.000000 
prevThrDef
25.000000 25.000000 25.000000 25.000000 25.000000 
manualSeparators


16   17   18   19   20   21  357  358  400  401
466  467
142  143  141  151  152  153  154  155  158  159
separators
1   62   63  545
1  122  129  133  141  142  143  144  145  146  151  158  545
1   16   17   18   19   20   21  357  358  361  362  400  401  402  545
1   27   28  466  467  468  545
1  122  127  128  129  133  141  142  143  144  145  151  152  153  154  155  158  159  164  165  183  184  229  231  459  460  545
