fields 34
worms 5
Wave_Initiation_Rate_Median
67.969574 67.441795 34.057037 13.462607 69.274957 
Wave_Initiation_Rate_Range
21.103734 36.476197 11.456303 24.280310 42.433026 
Body_Wave_Number_Median
0.651569 0.547912 1.138444 1.183936 0.586237 
Body_Wave_Number_Range
0.402770 0.561566 0.366980 1.445874 0.612693 
Asymmetry_Median
-0.005010 0.004291 0.001714 -0.000470 0.001216 
Asymmetry_Range
0.055871 0.099914 0.126950 0.448080 0.085721 
Reverse_Swimming
2.911392 0.334448 0.000000 1.309524 1.012658 
Curling
0.237154 6.493506 0.000000 25.137157 0.000000 
Stretch_Median
0.447570 0.526773 0.452509 0.688280 0.438775 
Stretch_Range
0.144792 0.438407 0.114013 0.359697 0.212501 
Attenuation_Median
51.433081 57.148586 54.492884 31.869632 52.588479 
Attenuation_Range
14.967381 38.528880 17.889047 30.375002 27.534921 
Traveling_Speed_Mean
11.725772 3.889819 2.602435 0.264423 9.887329 
Brush_Stroke_Median
0.229307 0.071296 0.085839 0.061354 0.234949 
Brush_Stroke_Range
0.049233 0.016498 0.015781 0.027166 0.057881 
Activity_Index_Median
226.782254 183.363573 96.556446 25.867411 246.709780 
Activity_Index_Range
59.740253 91.464510 26.870073 46.187885 170.783198 
Wave_Initiation_Rate_10
62.182022 32.121979 24.091847 7.915379 40.825637 
Body_Wave_Number_10
0.361756 0.317957 0.902980 0.189508 0.139120 
Asymmetry_10
-0.045627 -0.049489 -0.113160 -0.219017 -0.021371 
Stretch_10
0.386851 0.445635 0.385817 0.575597 0.327082 
Attenuation_10
43.689550 27.871886 45.181924 18.576658 39.129315 
Brush_Stroke_10
0.201845 0.063216 0.077684 0.057615 0.207137 
Activity_Index_10
193.143331 113.756277 79.869242 22.695664 145.345483 
usability
0.930147 0.849265 1.000000 0.737132 0.946691 
status
valid
valid
valid
valid
valid
highThr
65.000000 63.000000 73.000000 62.000000 72.000000 
lowThr
45.000000 40.000000 59.000000 35.000000 40.000000 
prevThr
25.000000 25.000000 25.000000 25.000000 25.000000 
highThrDef
65.000000 63.000000 73.000000 62.000000 72.000000 
lowThrDef
45.000000 40.000000 59.000000 25.000000 40.000000 
prevThrDef
25.000000 25.000000 25.000000 25.000000 25.000000 
manualSeparators

261  262  263  264  265  276  277  278  279  280  416  417  420  421  435  436  471  472

44   45  140  141  142  143  200  201  207  208  327  328  367  368  375  376  377  378  379  380  441  442  443  444  445  481  482

separators
1  261  262  409  413  419  420  421  426  428  429  430  432  440  443  444  510  512  516  527  529  541  543  544  545
1  261  262  263  264  265  275  276  277  278  279  280  287  301  302  321  322  341  342  409  413  416  417  419  420  421  426  430  432  435  436  439  440  443  444  465  469  471  472  473  478  479  500  501  528  529  545
1  188  189  545
1   44   45   61   62  140  141  142  143  169  173  194  195  200  201  207  208  215  216  241  242  327  328  333  349  367  368  370  373  374  375  376  377  378  379  380  441  442  443  444  445  457  458  481  482  541  542  545
1   62   65  228  229  510  512  516  527  528  529  541  542  543  544  545
