fields 34
worms 4
Wave_Initiation_Rate_Median
67.138560 101.397168 67.854741 101.167951 
Wave_Initiation_Rate_Range
65.271536 56.613233 12.184980 48.141098 
Body_Wave_Number_Median
0.431734 0.321146 0.533231 0.308184 
Body_Wave_Number_Range
1.004196 0.461918 0.202140 0.308533 
Asymmetry_Median
0.081023 -0.028431 -0.064665 -0.058735 
Asymmetry_Range
0.256563 0.125767 0.065229 0.080173 
Reverse_Swimming
0.000000 1.987121 0.000000 2.089552 
Curling
0.332717 0.000000 0.000000 0.479042 
Stretch_Median
0.405511 0.402581 0.482645 0.407293 
Stretch_Range
0.166366 0.177949 0.098080 0.161672 
Attenuation_Median
75.879497 70.510405 83.647670 68.335701 
Attenuation_Range
30.383316 24.313742 8.947071 21.878055 
Traveling_Speed_Mean
3.014227 6.708901 6.353921 9.489173 
Brush_Stroke_Median
0.194305 0.248642 0.160006 0.280186 
Brush_Stroke_Range
0.125733 0.197449 0.024623 0.211878 
Activity_Index_Median
182.958826 307.806643 176.588088 286.608463 
Activity_Index_Range
220.875582 369.364642 40.716157 198.112540 
Wave_Initiation_Rate_10
13.748625 66.707641 66.845617 72.769081 
Body_Wave_Number_10
0.338324 0.139717 0.424379 0.133163 
Asymmetry_10
-0.124385 -0.081528 -0.091546 -0.083971 
Stretch_10
0.347343 0.309589 0.433930 0.312923 
Attenuation_10
56.543290 56.126724 78.482367 54.622477 
Brush_Stroke_10
0.125766 0.197710 0.149076 0.232735 
Activity_Index_10
94.625175 197.043623 161.934690 222.119266 
usability
0.994485 0.970588 1.000000 0.920956 
status
valid
valid
valid
valid
highThr
55.000000 57.000000 51.000000 56.000000 
lowThr
37.000000 25.000000 34.000000 28.000000 
prevThr
25.000000 25.000000 25.000000 25.000000 
highThrDef
55.000000 57.000000 51.000000 56.000000 
lowThrDef
37.000000 25.000000 34.000000 28.000000 
prevThrDef
25.000000 25.000000 25.000000 25.000000 
manualSeparators




separators
1   52   53  279  280  346  347  545
1   88   89   90  144  145  244  245  246  247  256  257  278  279  285  286  287  288  295  297  298  299  312  314  505  506  513  514  545
1  545
1   41   42  366  367  467  468  545
