fields 34
worms 5
Wave_Initiation_Rate_Median
136.469157 NaN 84.172763 89.718962 130.954621 
Wave_Initiation_Rate_Range
71.890411 NaN 134.979321 88.625759 60.810120 
Body_Wave_Number_Median
0.353871 NaN 0.292598 0.454194 0.506250 
Body_Wave_Number_Range
0.184438 NaN 0.430981 1.404688 0.216719 
Asymmetry_Median
-0.001430 NaN -0.005761 0.047201 -0.002944 
Asymmetry_Range
0.043699 NaN 0.156236 0.050449 0.064681 
Reverse_Swimming
1.655934 NaN 18.495684 4.848485 0.000000 
Curling
0.114504 NaN 4.711316 2.592593 0.000000 
Stretch_Median
0.382164 NaN 0.396442 0.341973 0.308557 
Stretch_Range
0.192839 NaN 0.400274 0.346243 0.170770 
Attenuation_Median
68.272228 NaN 49.314562 62.275330 66.492993 
Attenuation_Range
24.157301 NaN 50.072607 67.271244 18.414316 
Traveling_Speed_Mean
17.907415 NaN 3.518004 4.380615 6.274456 
Brush_Stroke_Median
0.422089 NaN 0.312952 0.372980 0.253886 
Brush_Stroke_Range
0.168188 NaN 0.250478 0.122695 0.048357 
Activity_Index_Median
406.446397 NaN 246.725250 331.522551 327.121720 
Activity_Index_Range
250.920075 NaN 711.162644 346.490283 133.352534 
Wave_Initiation_Rate_10
74.600263 NaN 32.908135 12.697023 74.375889 
Body_Wave_Number_10
0.264226 NaN 0.073525 0.351953 0.370207 
Asymmetry_10
-0.025935 NaN -0.126383 0.032043 -0.017654 
Stretch_10
0.296349 NaN 0.292390 0.295363 0.253749 
Attenuation_10
54.207620 NaN 20.147860 9.887784 56.947543 
Brush_Stroke_10
0.339873 NaN 0.265800 0.282628 0.227764 
Activity_Index_10
228.535735 NaN 97.337496 60.873531 229.078262 
usability
0.963235 0.996324 0.795956 0.893382 0.887868 
status
valid
rejected
valid
valid
valid
highThr
58.000000 56.000000 54.000000 50.000000 57.000000 
lowThr
25.000000 29.000000 27.000000 29.000000 35.000000 
prevThr
10.000000 25.000000 25.000000 25.000000 25.000000 
highThrDef
58.000000 56.000000 54.000000 50.000000 57.000000 
lowThrDef
25.000000 29.000000 27.000000 29.000000 35.000000 
prevThrDef
25.000000 25.000000 25.000000 25.000000 25.000000 
manualSeparators


58
466

separators
1    2    3    4    5  194  195  215  216  218  220  228  229  233  234  236  237  240  241  251  252  313  314  315  545
1  353  354  518  519  545
1   58   77   78  109  110  126  127  154  155  181  182  183  203  204  281  282  283  284  287  288  320  321  338  339  375  376  400  401  494  495  496  497  504  505  527  528  545
1   41   42  466  481  482  522  523  545
1   41   42  102  103  127  128  155  156  194  195  215  216  218  220  221  224  229  230  233  234  236  237  240  241  368  369  502  503  545
