fields 34
worms 5
Wave_Initiation_Rate_Median
134.872298 134.578243 136.082930 134.916153 134.348899 
Wave_Initiation_Rate_Range
27.092495 57.212748 79.371379 88.323136 64.406839 
Body_Wave_Number_Median
0.517350 0.602412 0.485819 0.606665 0.585465 
Body_Wave_Number_Range
0.142253 0.403948 0.220205 0.430617 0.341772 
Asymmetry_Median
-0.005240 -0.002845 -0.015481 0.005160 -0.001156 
Asymmetry_Range
0.035903 0.096445 0.061975 0.041433 0.045394 
Reverse_Swimming
0.000000 0.000000 0.000000 0.000000 0.000000 
Curling
0.110497 0.674157 0.236220 0.114286 0.000000 
Stretch_Median
0.344696 0.358453 0.385744 0.321792 0.312479 
Stretch_Range
0.137776 0.216970 0.179533 0.254510 0.291960 
Attenuation_Median
71.087264 70.430235 73.730760 71.342428 67.876379 
Attenuation_Range
16.714563 22.709747 18.886308 21.939201 25.882246 
Traveling_Speed_Mean
13.854766 10.749785 10.656148 17.327070 12.014802 
Brush_Stroke_Median
0.319708 0.142864 0.244150 0.300859 0.320211 
Brush_Stroke_Range
0.052471 0.035836 0.084763 0.068966 0.129916 
Activity_Index_Median
338.527763 314.816937 385.677173 326.472004 346.911635 
Activity_Index_Range
53.383192 123.073587 229.666537 168.665304 127.331511 
Wave_Initiation_Rate_10
108.318687 78.698447 72.031504 63.757917 78.743028 
Body_Wave_Number_10
0.453157 0.366175 0.378545 0.432552 0.400322 
Asymmetry_10
-0.027335 -0.078022 -0.052941 -0.022092 -0.024945 
Stretch_10
0.298227 0.299770 0.314357 0.236453 0.227727 
Attenuation_10
63.544154 59.123439 63.905740 61.314144 53.298854 
Brush_Stroke_10
0.298414 0.127059 0.207756 0.265243 0.268697 
Activity_Index_10
307.181990 245.484494 238.226495 192.678264 268.249404 
usability
0.998162 0.981618 0.933824 0.965074 0.904412 
status
valid
valid
valid
valid
valid
highThr
68.000000 64.000000 68.000000 59.000000 63.000000 
lowThr
46.000000 42.000000 32.000000 35.000000 38.000000 
prevThr
25.000000 25.000000 25.000000 25.000000 25.000000 
highThrDef
68.000000 64.000000 68.000000 59.000000 63.000000 
lowThrDef
46.000000 42.000000 32.000000 35.000000 38.000000 
prevThrDef
25.000000 25.000000 25.000000 25.000000 25.000000 
manualSeparators





separators
1   82   83  545
1   72   73   86   87  122  123  211  212  271  272  335  336  437  438  499  500  502  503  524  525  545
1   17   18   61   62   63   64   65   68   71   76   77   78   80   81   82  127  128  135  136  141  143  164  165  171  172  178  179  353  354  418  419  442  444  479  481  495  496  545
1   12   13   18   19  289  291  292  293  297  298  299  315  316  320  323  335  336  479  480  532  533  539  540  542  543  545
1   41   42   48   49  106  107  273  275  282  283  332  333  481  482  506  507  511  512  521  523  545
