fields 34
worms 4
Wave_Initiation_Rate_Median
105.183457 17.715443 36.940051 69.256010 
Wave_Initiation_Rate_Range
26.784857 21.132786 49.567549 78.875503 
Body_Wave_Number_Median
0.569826 0.344269 0.332712 0.402720 
Body_Wave_Number_Range
0.296341 0.940643 0.982921 0.564900 
Asymmetry_Median
-0.000239 0.013065 -0.032013 -0.016666 
Asymmetry_Range
0.027761 0.129966 0.221457 0.084215 
Reverse_Swimming
0.000000 0.249740 0.977881 1.379945 
Curling
0.000000 0.346154 8.063241 0.000000 
Stretch_Median
0.318294 0.537790 0.550870 0.370257 
Stretch_Range
0.163447 0.178238 0.431813 0.200942 
Attenuation_Median
71.798137 66.278293 57.019348 65.386055 
Attenuation_Range
18.410102 10.237445 30.698458 22.954460 
Traveling_Speed_Mean
10.339338 3.165273 3.182555 9.323366 
Brush_Stroke_Median
0.237432 0.070972 0.056630 0.287996 
Brush_Stroke_Range
0.060165 0.028470 0.030276 0.115817 
Activity_Index_Median
252.874220 79.110695 134.970450 181.215404 
Activity_Index_Range
85.404979 84.388564 176.546924 227.086656 
Wave_Initiation_Rate_10
95.119272 12.382725 17.492520 25.087655 
Body_Wave_Number_10
0.426614 0.144725 0.079302 0.150593 
Asymmetry_10
-0.015524 -0.048295 -0.201048 -0.064853 
Stretch_10
0.270036 0.439555 0.410248 0.279758 
Attenuation_10
62.653713 60.757374 37.560728 52.985323 
Brush_Stroke_10
0.196246 0.059949 0.043105 0.219273 
Activity_Index_10
203.911078 46.014666 42.317066 53.045374 
usability
0.972426 0.955882 0.930147 0.976103 
status
valid
valid
valid
valid
highThr
65.000000 66.000000 67.000000 59.000000 
lowThr
33.000000 27.000000 31.000000 41.000000 
prevThr
25.000000 25.000000 25.000000 25.000000 
highThrDef
65.000000 66.000000 67.000000 59.000000 
lowThrDef
33.000000 27.000000 31.000000 41.000000 
prevThrDef
25.000000 25.000000 25.000000 25.000000 
manualSeparators


408  402

separators
1  505  519  520  545
1   52   53  396  397  440  442  443  460  461  465  466  545
1  238  240  243  261  290  291  360  361  402  408  415  416  466  467  524  525  545
1  110  112  168  169  274  276  330  331  349  350  354  355  393  395  401  402  428  429  543  544  545
