fields 34
worms 5
Wave_Initiation_Rate_Median
31.978615 37.256663 43.649828 10.408838 67.702835 
Wave_Initiation_Rate_Range
24.677281 42.498667 36.386572 10.656415 42.417698 
Body_Wave_Number_Median
1.067787 1.060005 0.835028 1.660970 0.797654 
Body_Wave_Number_Range
0.799765 0.761683 0.637117 0.505802 0.416950 
Asymmetry_Median
-0.010859 0.009829 0.000443 0.026090 0.000910 
Asymmetry_Range
0.186757 0.108891 0.104534 0.204853 0.088989 
Reverse_Swimming
0.000000 0.000000 7.010120 3.643054 0.000000 
Curling
0.000000 1.585366 3.483146 0.000000 0.342205 
Stretch_Median
0.523680 0.612561 0.559531 0.626720 0.402343 
Stretch_Range
0.214752 0.289992 0.281880 0.236647 0.266485 
Attenuation_Median
65.070624 63.853874 53.965809 71.422299 60.551648 
Attenuation_Range
25.693367 23.144833 33.599743 28.650215 21.505370 
Traveling_Speed_Mean
3.292375 3.486398 3.154528 1.452441 5.243813 
Brush_Stroke_Median
0.061551 0.127452 0.067857 0.046592 0.153135 
Brush_Stroke_Range
0.024137 0.077068 0.013331 0.024192 0.045999 
Activity_Index_Median
98.953209 110.996424 134.433453 25.703843 151.608892 
Activity_Index_Range
93.234832 109.746598 68.816764 27.101421 101.826129 
Wave_Initiation_Rate_10
10.179412 9.249845 24.929522 7.683420 32.210053 
Body_Wave_Number_10
0.784579 0.831048 0.452932 1.302277 0.613428 
Asymmetry_10
-0.116141 -0.043344 -0.072269 -0.103671 -0.016677 
Stretch_10
0.455554 0.499818 0.430147 0.444077 0.300059 
Attenuation_10
55.452680 52.941053 32.429226 55.124257 49.852496 
Brush_Stroke_10
0.047099 0.097602 0.062995 0.036338 0.121163 
Activity_Index_10
24.597319 40.992417 89.788883 14.470667 79.870430 
usability
1.000000 0.904412 0.981618 1.000000 0.966912 
status
valid
valid
valid
valid
valid
highThr
67.000000 73.000000 61.000000 68.000000 68.000000 
lowThr
53.000000 39.000000 45.000000 49.000000 45.000000 
prevThr
25.000000 25.000000 25.000000 25.000000 25.000000 
highThrDef
67.000000 73.000000 61.000000 68.000000 68.000000 
lowThrDef
53.000000 39.000000 45.000000 49.000000 45.000000 
prevThrDef
25.000000 25.000000 25.000000 25.000000 25.000000 
manualSeparators


116  120  121  176


separators
1  322  323  382  383  545
1  112  113  121  124  125  141  487  488  490  492  500  517  518  521  522  531  543  544  545
1  116  119  120  121  171  172  174  175  176  504  505  545
1  201  202  545
1  187  190  244  246  247  248  250  251  252  261  262  545
