fields 34
worms 4
Wave_Initiation_Rate_Median
92.828806 62.276954 101.104439 66.096377 
Wave_Initiation_Rate_Range
94.321464 105.182485 34.483822 75.851923 
Body_Wave_Number_Median
0.480289 0.400671 0.839499 0.278824 
Body_Wave_Number_Range
0.282296 0.494213 0.574626 0.391950 
Asymmetry_Median
-0.023945 0.019940 -0.000097 0.015645 
Asymmetry_Range
0.093191 0.152722 0.032174 0.122913 
Reverse_Swimming
0.000000 14.568880 0.000000 13.207101 
Curling
2.167300 2.779923 0.557621 0.000000 
Stretch_Median
0.462460 0.506812 0.334114 0.440066 
Stretch_Range
0.316064 0.450582 0.215324 0.225145 
Attenuation_Median
64.750392 63.910269 68.156493 69.841417 
Attenuation_Range
21.509364 60.108612 18.450366 22.942806 
Traveling_Speed_Mean
10.855646 10.856883 10.503275 4.573929 
Brush_Stroke_Median
0.365579 0.171152 0.234788 0.221648 
Brush_Stroke_Range
0.129381 0.188110 0.080923 0.089237 
Activity_Index_Median
285.475109 294.129842 208.380215 226.478038 
Activity_Index_Range
272.754880 549.938707 80.979888 369.809463 
Wave_Initiation_Rate_10
39.753927 29.443086 67.503664 41.080358 
Body_Wave_Number_10
0.330530 0.123003 0.462161 0.103582 
Asymmetry_10
-0.095657 -0.032324 -0.012944 -0.053425 
Stretch_10
0.341415 0.301789 0.277473 0.355405 
Attenuation_10
52.269688 17.130066 57.610204 54.923828 
Brush_Stroke_10
0.315363 0.124422 0.193718 0.186740 
Activity_Index_10
166.013090 67.399571 161.380969 127.242602 
usability
0.966912 0.952206 0.988971 0.746324 
status
valid
valid
valid
valid
highThr
61.000000 68.000000 63.000000 69.000000 
lowThr
35.000000 44.000000 44.000000 34.000000 
prevThr
20.000000 25.000000 25.000000 25.000000 
highThrDef
61.000000 68.000000 63.000000 69.000000 
lowThrDef
38.000000 44.000000 44.000000 34.000000 
prevThrDef
25.000000 25.000000 25.000000 25.000000 
manualSeparators




separators
1  203  204  226  227  228  249  250  401  402  474  476  524  526  534  536  537  539  540  544  545
1   21   23   28   41   42  133  134  193  194  197  198  301  302  365  366  367  368  487  488  489  490  527  528  545
1    7    9  420  421  473  474  526  527  543  544  545
1  121  122  193  194  251  254  344  346  417  418  525  526  534  539  540  544  545
