fields 34
worms 5
Wave_Initiation_Rate_Median
58.702863 67.151018 135.114546 139.080233 151.464021 
Wave_Initiation_Rate_Range
128.257451 101.494264 36.151561 113.772343 135.734578 
Body_Wave_Number_Median
0.344640 0.438719 0.542781 0.625812 0.577881 
Body_Wave_Number_Range
0.608063 0.610086 0.456155 0.403495 0.396461 
Asymmetry_Median
-0.002703 -0.036543 -0.014631 0.016209 -0.002590 
Asymmetry_Range
0.133698 0.174736 0.065141 0.081142 0.078380 
Reverse_Swimming
11.725888 4.526219 0.000000 0.000000 0.000000 
Curling
3.972603 4.269663 0.000000 1.115242 0.445269 
Stretch_Median
0.573078 0.552305 0.326348 0.387389 0.313892 
Stretch_Range
0.390581 0.389118 0.148274 0.240519 0.238829 
Attenuation_Median
64.834382 76.833417 83.631977 75.420930 75.945214 
Attenuation_Range
93.331344 51.218866 10.370775 22.794328 17.132559 
Traveling_Speed_Mean
2.425806 7.684494 8.843142 10.869690 11.606536 
Brush_Stroke_Median
0.088279 0.053943 0.266902 0.293986 0.298780 
Brush_Stroke_Range
0.035737 0.044267 0.065137 0.056268 0.046990 
Activity_Index_Median
250.227471 242.781939 282.703493 345.282580 311.967303 
Activity_Index_Range
613.706778 255.195010 76.611619 215.899939 239.474227 
Wave_Initiation_Rate_10
23.843132 18.577471 100.573294 45.263711 34.125533 
Body_Wave_Number_10
0.033651 0.078211 0.419283 0.443667 0.327331 
Asymmetry_10
-0.054493 -0.127907 -0.050658 -0.006926 -0.063368 
Stretch_10
0.349079 0.397556 0.274960 0.318378 0.264370 
Attenuation_10
-14.381849 36.528848 77.780624 59.744226 67.095690 
Brush_Stroke_10
0.063525 0.044419 0.237756 0.265068 0.274275 
Activity_Index_10
71.136444 107.716831 232.298000 165.385451 124.093083 
usability
0.805147 0.981618 0.998162 0.988971 0.990809 
status
valid
valid
valid
valid
valid
highThr
57.000000 77.000000 66.000000 61.000000 61.000000 
lowThr
31.000000 21.000000 51.000000 45.000000 38.000000 
prevThr
10.000000 10.000000 25.000000 25.000000 25.000000 
highThrDef
57.000000 77.000000 66.000000 61.000000 61.000000 
lowThrDef
31.000000 21.000000 51.000000 45.000000 38.000000 
prevThrDef
25.000000 25.000000 25.000000 25.000000 25.000000 
manualSeparators





separators
1   99  101  102  116  117  158  181  182  190  221  222  297  321  322  341  373  374  375  376  545
1  205  206  221  222  225  226  251  252  258  259  265  266  312  313  323  324  394  395  472  473  545
1   35   36  545
1  135  136  146  147  194  195  257  258  262  263  326  327  545
1    3    4  434  435  445  446  471  472  479  480  545
