fields 34
worms 3
Wave_Initiation_Rate_Median
63.961810 28.435391 64.404798 
Wave_Initiation_Rate_Range
62.462439 35.520529 71.801718 
Body_Wave_Number_Median
0.878685 0.246060 0.158913 
Body_Wave_Number_Range
0.682409 0.536832 0.541726 
Asymmetry_Median
0.013298 0.056065 0.017592 
Asymmetry_Range
0.070516 0.309901 0.090952 
Reverse_Swimming
0.000000 8.486056 17.552898 
Curling
0.563910 26.436782 0.000000 
Stretch_Median
0.492616 0.878629 0.447378 
Stretch_Range
0.222543 0.290981 0.337435 
Attenuation_Median
69.128127 24.094660 67.477612 
Attenuation_Range
17.706854 57.666162 19.272479 
Traveling_Speed_Mean
8.861529 0.602156 14.151748 
Brush_Stroke_Median
0.161064 0.067534 0.158482 
Brush_Stroke_Range
0.064143 0.055956 0.055441 
Activity_Index_Median
193.550877 110.479697 211.111193 
Activity_Index_Range
175.111092 151.396502 266.960602 
Wave_Initiation_Rate_10
34.702334 15.688085 33.186052 
Body_Wave_Number_10
0.396837 0.072822 0.037161 
Asymmetry_10
-0.011897 -0.125666 -0.009914 
Stretch_10
0.385494 0.693225 0.297540 
Attenuation_10
60.234613 -20.557726 56.579024 
Brush_Stroke_10
0.130419 0.045758 0.132889 
Activity_Index_10
114.418314 65.973681 96.403633 
usability
0.977941 0.959559 0.985294 
status
valid
valid
valid
highThr
71.000000 64.000000 66.000000 
lowThr
37.000000 36.000000 35.000000 
prevThr
25.000000 25.000000 10.000000 
highThrDef
71.000000 64.000000 66.000000 
lowThrDef
37.000000 36.000000 35.000000 
prevThrDef
25.000000 25.000000 25.000000 
manualSeparators



separators
1  202  203  526  528  529  535  536  541  542  545
1   35   36   63   64   80   81   88   89  123  124  180  181  182  183  184  185  194  195  240  241  292  293  294  295  352  353  385  386  418  419  420  477  478  487  488  511  512  517  518  522  523  544  545
1  139  143  396  397  398  399  400  545
