fields 34
worms 5
Wave_Initiation_Rate_Median
81.241951 38.783144 67.035724 52.239700 31.962190 
Wave_Initiation_Rate_Range
80.436041 33.759649 1.398476 7.033497 22.813701 
Body_Wave_Number_Median
0.601960 0.802382 0.501021 0.451123 1.394199 
Body_Wave_Number_Range
0.673053 0.480128 0.311982 0.455174 0.537040 
Asymmetry_Median
0.023997 -0.005206 -0.006076 -0.023031 -0.006070 
Asymmetry_Range
0.166013 0.078316 0.064116 0.065224 0.146955 
Reverse_Swimming
6.789328 4.581417 0.000000 0.000000 8.414986 
Curling
6.440678 0.000000 0.000000 0.000000 3.735409 
Stretch_Median
0.495914 0.450946 0.489420 0.538315 0.563841 
Stretch_Range
0.455709 0.228892 0.158677 0.212396 0.149501 
Attenuation_Median
51.319839 62.561975 66.526382 72.276823 52.951102 
Attenuation_Range
39.488852 17.763158 13.861708 15.808547 47.262183 
Traveling_Speed_Mean
6.555381 5.905260 4.970469 8.700950 2.657002 
Brush_Stroke_Median
0.113716 0.123449 0.225133 0.186543 0.066075 
Brush_Stroke_Range
0.036149 0.045636 0.052602 0.094676 0.016770 
Activity_Index_Median
253.232164 105.286283 240.759238 196.478613 82.134254 
Activity_Index_Range
250.923636 76.317736 49.081477 96.755478 67.923024 
Wave_Initiation_Rate_10
19.756774 31.406896 66.325787 50.375342 11.924960 
Body_Wave_Number_10
0.126705 0.590741 0.355278 0.271655 1.091973 
Asymmetry_10
-0.056687 -0.059929 -0.032262 -0.039851 -0.055732 
Stretch_10
0.379744 0.383879 0.413773 0.444810 0.477228 
Attenuation_10
25.186179 53.228348 58.565576 61.504769 19.689752 
Brush_Stroke_10
0.091414 0.102760 0.197211 0.139338 0.057770 
Activity_Index_10
71.051913 76.907785 213.600676 150.444605 33.900325 
usability
0.976103 1.000000 0.954044 0.976103 0.944853 
status
valid
valid
valid
valid
valid
highThr
65.000000 79.000000 81.000000 76.000000 73.000000 
lowThr
45.000000 58.000000 48.000000 45.000000 57.000000 
prevThr
25.000000 25.000000 25.000000 25.000000 25.000000 
highThrDef
65.000000 79.000000 81.000000 76.000000 73.000000 
lowThrDef
45.000000 58.000000 42.000000 45.000000 57.000000 
prevThrDef
25.000000 25.000000 25.000000 25.000000 25.000000 
manualSeparators
94   95  158  159  224  225


539  540
24   25  132  133  134  135  136  137  138  139
separators
1   94   95   96  122  123  128  129  158  159  160  166  167  224  225  227  228  478  481  545
1  258  259  362  364  545
1    2    3   19   20  111  112  199  200  252  253  260  264  280  301  326  327  545
1  108  109  163  169  191  192  204  206  211  212  226  229  234  236  255  256  267  268  275  276  308  309  315  316  332  333  337  339  406  407  462  467  490  491  509  510  539  540  541  545
1    4    5   24   25   71   72  132  133  134  135  136  137  138  139  545
