fields 34
worms 5
Wave_Initiation_Rate_Median
68.163497 67.628156 59.139310 57.565801 66.277118 
Wave_Initiation_Rate_Range
23.574381 1.871118 49.572211 33.645056 31.931864 
Body_Wave_Number_Median
0.693442 0.763226 0.396830 0.782355 0.520919 
Body_Wave_Number_Range
0.352809 0.246972 0.774069 0.583714 0.696037 
Asymmetry_Median
-0.022864 0.000053 -0.047626 0.003301 -0.007165 
Asymmetry_Range
0.059862 0.036207 0.091829 0.044676 0.067493 
Reverse_Swimming
0.000000 0.000000 0.000000 6.080662 4.526946 
Curling
0.000000 0.000000 0.000000 0.000000 0.407240 
Stretch_Median
0.429640 0.491948 0.470067 0.396105 0.492824 
Stretch_Range
0.169508 0.102100 0.225562 0.186021 0.356899 
Attenuation_Median
67.233879 63.409117 70.264058 67.007449 59.485908 
Attenuation_Range
17.605800 10.959069 19.142388 23.800137 49.396533 
Traveling_Speed_Mean
7.819060 5.658949 9.837716 4.728213 7.968600 
Brush_Stroke_Median
0.079984 0.179563 0.194135 0.148267 0.195859 
Brush_Stroke_Range
0.035085 0.030579 0.093516 0.050646 0.058001 
Activity_Index_Median
220.892618 194.088619 165.297340 137.273338 202.870851 
Activity_Index_Range
105.859470 31.303862 180.169343 89.587923 79.306604 
Wave_Initiation_Rate_10
52.154293 67.134234 18.059987 32.617313 35.560951 
Body_Wave_Number_10
0.535712 0.631170 0.105535 0.438629 0.195452 
Asymmetry_10
-0.045323 -0.017476 -0.078510 -0.022199 -0.038471 
Stretch_10
0.357274 0.445788 0.400833 0.318968 0.379334 
Attenuation_10
58.853759 57.541538 65.526287 52.384806 19.428056 
Brush_Stroke_10
0.052567 0.165927 0.132422 0.122085 0.172558 
Activity_Index_10
183.437503 180.012741 34.127180 82.338359 161.997428 
usability
0.898897 0.919118 0.972426 0.965074 0.812500 
status
valid
valid
valid
valid
valid
highThr
81.000000 74.000000 75.000000 78.000000 82.000000 
lowThr
47.000000 56.000000 35.000000 51.000000 45.000000 
prevThr
25.000000 25.000000 25.000000 25.000000 25.000000 
highThrDef
81.000000 74.000000 75.000000 78.000000 82.000000 
lowThrDef
47.000000 49.000000 35.000000 51.000000 45.000000 
prevThrDef
25.000000 25.000000 25.000000 25.000000 25.000000 
manualSeparators
252  260  261
260  261  280  281


303  304  306  307  317  318
separators
1   63   65   77   78  119  120  121  122  133  141  142  161  162  252  254  260  261  273  274  277  278  279  281  282  284  289  290  293  297  300  332  333  334  336  545
1  127  129  187  188  257  260  261  263  264  273  274  276  277  278  279  280  281  282  290  293  300  301  321  332  333  334  336  341  515  516  545
1   98  100  530  540  541  545
1  240  241  242  261  545
1  254  257  303  304  306  307  317  318  319  401  402  404  408  409  425  426  450  451  453  459  492  493  516  521  522  545
