fields 34
worms 5
Wave_Initiation_Rate_Median
6.504855 7.514470 67.680958 6.122493 5.938324 
Wave_Initiation_Rate_Range
1.953168 2.649771 61.761351 0.701729 0.872920 
Body_Wave_Number_Median
1.828281 1.825947 0.556938 1.871914 1.718009 
Body_Wave_Number_Range
0.879029 0.136936 0.614566 0.595028 0.382895 
Asymmetry_Median
0.058429 0.053457 -0.004607 0.025878 -0.022079 
Asymmetry_Range
0.018017 0.011986 0.102829 0.071508 0.032439 
Reverse_Swimming
0.000000 0.000000 10.045998 0.000000 0.000000 
Curling
0.000000 0.000000 2.426471 0.000000 0.000000 
Stretch_Median
0.319926 0.291601 0.527019 0.396881 0.368774 
Stretch_Range
0.180420 0.099259 0.564274 0.112224 0.115056 
Attenuation_Median
76.109984 72.719257 56.233605 81.398525 66.273629 
Attenuation_Range
21.747259 16.634210 21.911532 7.832912 19.505435 
Traveling_Speed_Mean
0.426565 0.505163 9.109640 0.547731 0.610975 
Brush_Stroke_Median
0.032226 0.027071 0.091748 0.028311 0.030267 
Brush_Stroke_Range
0.004044 0.001426 0.030045 0.003530 0.004476 
Activity_Index_Median
10.304117 10.075085 318.997370 8.747607 8.960411 
Activity_Index_Range
2.276991 2.597614 287.170492 1.243815 1.955251 
Wave_Initiation_Rate_10
6.066459 6.815728 22.988558 5.745021 5.580573 
Body_Wave_Number_10
1.468654 1.735887 0.099462 1.656153 1.562942 
Asymmetry_10
0.052323 0.045455 -0.045728 -0.007709 -0.039291 
Stretch_10
0.215830 0.248142 0.416225 0.339125 0.318441 
Attenuation_10
60.123383 61.750571 42.811356 76.776007 54.509037 
Brush_Stroke_10
0.030117 0.026162 0.075858 0.027270 0.027935 
Activity_Index_10
9.370116 9.095008 108.916292 8.118536 8.041605 
usability
0.849265 1.000000 1.000000 1.000000 1.000000 
status
valid
valid
valid
valid
valid
highThr
57.000000 48.000000 58.000000 46.000000 42.000000 
lowThr
46.000000 38.000000 39.000000 35.000000 32.000000 
prevThr
25.000000 25.000000 25.000000 25.000000 25.000000 
highThrDef
57.000000 48.000000 58.000000 46.000000 42.000000 
lowThrDef
46.000000 38.000000 39.000000 35.000000 32.000000 
prevThrDef
25.000000 25.000000 25.000000 25.000000 25.000000 
manualSeparators


437  438  436


separators
1   91   92  183  184  199  281  282  432  433  545
1    2   21   22   81   82  281  282  461  462  481  482  521  522  545
1  159  161  436  437  438  439  481  482  483  485  545
1  381  382  421  422  545
1   54   55  545
