fields 34
worms 6
Wave_Initiation_Rate_Median
8.777300 18.426471 10.101367 12.901265 NaN NaN 
Wave_Initiation_Rate_Range
10.942612 23.532381 8.246004 25.466506 NaN NaN 
Body_Wave_Number_Median
1.633292 1.107160 1.463391 1.397634 NaN NaN 
Body_Wave_Number_Range
0.735770 0.987751 0.651185 1.322661 NaN NaN 
Asymmetry_Median
-0.053457 -0.065276 0.017171 0.005947 NaN NaN 
Asymmetry_Range
0.206892 0.213419 0.243368 0.239892 NaN NaN 
Reverse_Swimming
0.000000 7.727691 0.000000 5.020243 NaN NaN 
Curling
0.441176 11.843575 0.000000 2.663551 NaN NaN 
Stretch_Median
0.596649 0.680016 0.588166 0.495251 NaN NaN 
Stretch_Range
0.193936 0.183044 0.142418 0.178043 NaN NaN 
Attenuation_Median
63.297154 43.237093 67.872176 47.304034 NaN NaN 
Attenuation_Range
23.597854 38.320469 24.900356 47.481712 NaN NaN 
Traveling_Speed_Mean
2.402924 1.632969 2.274133 1.474139 NaN NaN 
Brush_Stroke_Median
0.048499 0.052857 0.053679 0.060363 NaN NaN 
Brush_Stroke_Range
0.020463 0.022147 0.015911 0.017098 NaN NaN 
Activity_Index_Median
24.100147 51.950721 28.872818 46.291917 NaN NaN 
Activity_Index_Range
28.437331 81.395932 25.180549 84.231172 NaN NaN 
Wave_Initiation_Rate_10
6.192077 9.688051 8.250059 6.943324 NaN NaN 
Body_Wave_Number_10
1.265019 0.564140 1.230108 0.586555 NaN NaN 
Asymmetry_10
-0.132999 -0.180472 -0.070844 -0.054826 NaN NaN 
Stretch_10
0.462130 0.592833 0.513121 0.414272 NaN NaN 
Attenuation_10
49.359344 21.476297 52.676329 23.891030 NaN NaN 
Brush_Stroke_10
0.041846 0.045629 0.046024 0.055230 NaN NaN 
Activity_Index_10
13.627204 23.766254 20.520410 18.351149 NaN NaN 
usability
1.000000 0.987132 1.000000 0.786765 0.417279 0.000000 
status
valid
valid
valid
valid
rejected
rejected
highThr
67.000000 64.000000 68.000000 78.000000 85.000000 NaN 
lowThr
48.000000 46.000000 42.000000 45.000000 16.000000 0.000000 
prevThr
25.000000 25.000000 25.000000 25.000000 25.000000 25.000000 
highThrDef
67.000000 64.000000 68.000000 78.000000 85.000000 NaN 
lowThrDef
48.000000 46.000000 42.000000 45.000000 16.000000 0.000000 
prevThrDef
25.000000 25.000000 25.000000 25.000000 25.000000 25.000000 
manualSeparators

214  215  385  386

55  372  403  446  447  449  450  471


separators
1   24   25  113  114  168  169  545
1  101  102  212  213  214  215  361  362  363  384  385  386  388  389  415  416  489  490  541  542  545
1  510  511  545
1   41   42   55   81  372  374  375  403  411  412  415  416  422  425  426  446  447  449  450  457  458  459  460  461  462  463  471  472  473  545
1   41   42   56   57   61   65   67   69   70   76   81   82   85   86   89   90  103  104  108  109  117  118  119  120  121  122  128  133  151  152  158  170  171  192  193  194  195  231  232  242  243  281  284  285  295  296  297  311  312  321  322  323  334  342  343  345  346  352  353  355  356  359  360  361  371  398  399  408  419  420  425  426  449  450  456  457  466  467  479  480  481  488  489  545
1  545
