fields 34
worms 3
Wave_Initiation_Rate_Median
131.430135 80.244958 120.282436 
Wave_Initiation_Rate_Range
32.943140 40.395748 33.347911 
Body_Wave_Number_Median
0.657393 0.664699 0.529893 
Body_Wave_Number_Range
0.477251 0.471679 0.344151 
Asymmetry_Median
0.005828 -0.006528 0.007298 
Asymmetry_Range
0.054199 0.043618 0.042074 
Reverse_Swimming
3.083248 0.000000 0.000000 
Curling
0.000000 0.000000 0.222222 
Stretch_Median
0.399834 0.369248 0.339358 
Stretch_Range
0.157490 0.160759 0.126622 
Attenuation_Median
66.671234 66.497124 63.091205 
Attenuation_Range
19.086502 21.977861 16.056446 
Traveling_Speed_Mean
16.332705 7.440479 16.074349 
Brush_Stroke_Median
0.328356 0.248936 0.318486 
Brush_Stroke_Range
0.410611 0.075022 0.054352 
Activity_Index_Median
343.291497 214.365097 379.123695 
Activity_Index_Range
480.545528 135.157010 121.601566 
Wave_Initiation_Rate_10
102.825798 67.934667 100.948881 
Body_Wave_Number_10
0.328118 0.350387 0.312808 
Asymmetry_10
-0.025089 -0.029438 -0.006164 
Stretch_10
0.325074 0.308977 0.286558 
Attenuation_10
55.775346 58.315695 56.229200 
Brush_Stroke_10
0.287528 0.205609 0.294306 
Activity_Index_10
256.159271 163.816596 302.265421 
usability
0.946691 0.979779 0.992647 
status
valid
valid
valid
highThr
65.000000 68.000000 64.000000 
lowThr
33.000000 50.000000 45.000000 
prevThr
25.000000 25.000000 10.000000 
highThrDef
65.000000 68.000000 64.000000 
lowThrDef
33.000000 50.000000 45.000000 
prevThrDef
25.000000 25.000000 25.000000 
manualSeparators



separators
1  126  129  130  141  142  167  171  172  303  304  312  313  316  317  320  321  328  329  330  335  336  390  391  545
1   49   50  222  223  312  313  372  374  435  437  467  468  483  484  514  516  545
1   80   81  194  195  219  221  545
