fields 34
worms 5
Wave_Initiation_Rate_Median
67.867176 69.253890 50.491092 49.113535 53.468017 
Wave_Initiation_Rate_Range
50.457239 23.962379 39.104687 51.526144 48.608643 
Body_Wave_Number_Median
0.629525 0.620372 0.566693 0.571562 0.584891 
Body_Wave_Number_Range
0.573206 0.286589 0.412631 0.683975 0.588302 
Asymmetry_Median
-0.004997 -0.007073 -0.019722 -0.000739 0.024481 
Asymmetry_Range
0.123536 0.056890 0.132771 0.148584 0.177023 
Reverse_Swimming
9.770009 0.000000 4.841675 10.101196 4.647468 
Curling
1.328413 0.336449 0.696325 2.222222 1.703854 
Stretch_Median
0.526298 0.434744 0.549083 0.452702 0.507017 
Stretch_Range
0.306248 0.173684 0.206439 0.304666 0.212380 
Attenuation_Median
64.446088 59.914828 66.830638 63.152149 67.819973 
Attenuation_Range
57.815499 25.126346 34.615730 36.290962 36.432332 
Traveling_Speed_Mean
8.316952 14.425651 8.798685 9.786647 6.708883 
Brush_Stroke_Median
0.105644 0.203368 0.242681 0.073975 0.185216 
Brush_Stroke_Range
0.043780 0.045651 0.148809 0.049339 0.095059 
Activity_Index_Median
175.115623 219.531605 193.910921 161.556550 208.803411 
Activity_Index_Range
136.872088 80.909803 200.936516 284.679093 207.339736 
Wave_Initiation_Rate_10
35.002687 59.325979 27.894972 16.342202 18.506512 
Body_Wave_Number_10
0.249912 0.414364 0.441227 0.202058 0.380268 
Asymmetry_10
-0.083534 -0.050339 -0.081943 -0.065699 -0.053687 
Stretch_10
0.368124 0.355016 0.436810 0.363546 0.441444 
Attenuation_10
19.651239 46.408672 40.684151 41.230299 43.803785 
Brush_Stroke_10
0.092152 0.182564 0.152617 0.054692 0.140358 
Activity_Index_10
99.211838 185.061029 117.699315 67.992303 34.479690 
usability
0.996324 0.983456 0.950368 0.992647 0.906250 
status
valid
valid
valid
valid
valid
highThr
72.000000 80.000000 82.000000 77.000000 78.000000 
lowThr
51.000000 49.000000 47.000000 49.000000 48.000000 
prevThr
25.000000 25.000000 25.000000 25.000000 25.000000 
highThrDef
72.000000 80.000000 82.000000 77.000000 78.000000 
lowThrDef
51.000000 49.000000 47.000000 49.000000 48.000000 
prevThrDef
25.000000 25.000000 25.000000 25.000000 25.000000 
manualSeparators
335  336

157  158  414  415  416
286  287  293  294
134  135  346  347  348  349
separators
1  301  302  334  335  336  427  430  497  498  545
1  275  276  291  292  294  295  296  297  299  301  302  545
1  125  126  127  128  156  157  158  168  169  181  182  183  184  187  189  228  229  262  263  306  310  373  374  382  383  412  413  414  415  416  422  423  430  431  447  448  464  470  545
1    3    9   57   58  280  281  286  287  292  293  294  545
1   41   57   61   72   73  134  135  136  212  213  234  236  346  347  348  349  474  475  545
