fields 34
worms 5
Wave_Initiation_Rate_Median
6.601925 8.715710 67.800101 49.872977 NaN 
Wave_Initiation_Rate_Range
2.027464 10.341971 28.773817 20.313801 NaN 
Body_Wave_Number_Median
1.897034 1.694344 0.616783 0.690253 NaN 
Body_Wave_Number_Range
0.212282 0.848597 0.331280 0.531898 NaN 
Asymmetry_Median
-0.054384 -0.060968 0.001256 0.014196 NaN 
Asymmetry_Range
0.042151 0.201351 0.124209 0.079184 NaN 
Reverse_Swimming
0.000000 7.838086 0.000000 0.000000 NaN 
Curling
0.000000 0.220588 2.099448 0.571429 NaN 
Stretch_Median
0.339320 0.530781 0.398366 0.560202 NaN 
Stretch_Range
0.075037 0.227597 0.277908 0.179442 NaN 
Attenuation_Median
67.069602 39.427961 47.880142 51.792846 NaN 
Attenuation_Range
12.657299 53.217096 27.320782 21.655208 NaN 
Traveling_Speed_Mean
0.583498 1.672827 7.111587 4.827593 NaN 
Brush_Stroke_Median
0.028865 0.051622 0.154503 0.147647 NaN 
Brush_Stroke_Range
0.005934 0.019953 0.060914 0.054426 NaN 
Activity_Index_Median
9.471861 22.072058 178.589253 146.647206 NaN 
Activity_Index_Range
4.406391 27.153897 101.718118 71.126195 NaN 
Wave_Initiation_Rate_10
6.198485 6.747452 47.221449 31.770844 NaN 
Body_Wave_Number_10
1.745062 1.178901 0.475994 0.551963 NaN 
Asymmetry_10
-0.073418 -0.199681 -0.020831 -0.023252 NaN 
Stretch_10
0.304391 0.444153 0.277050 0.455856 NaN 
Attenuation_10
58.788773 5.633517 36.963107 40.472075 NaN 
Brush_Stroke_10
0.027210 0.039031 0.122744 0.112984 NaN 
Activity_Index_10
8.630753 14.835320 131.474918 102.485246 NaN 
usability
0.998162 1.000000 0.998162 0.965074 0.568015 
status
valid
valid
valid
valid
rejected
highThr
43.000000 57.000000 63.000000 63.000000 57.000000 
lowThr
25.000000 41.000000 34.000000 43.000000 25.000000 
prevThr
25.000000 25.000000 25.000000 25.000000 25.000000 
highThrDef
43.000000 57.000000 63.000000 63.000000 57.000000 
lowThrDef
25.000000 41.000000 34.000000 43.000000 25.000000 
prevThrDef
25.000000 25.000000 25.000000 25.000000 25.000000 
manualSeparators



223  224  205  206
106  107  108  211  212  344  345  346  347  348  349  373  374  375  376  377  378  379  380  381  445  446
separators
1   47   48   49  123  124  545
1  421  422  545
1   50   51  221  222  364  365  464  465  545
1  205  206  223  224  225  342  343  545
1   61   62  101  105  106  107  108  173  174  175  202  203  204  205  206  211  212  215  216  218  219  220  281  282  344  345  346  347  348  349  360  361  369  370  373  374  375  376  377  378  379  380  381  402  403  405  441  442  445  446  503  504  505  506  545
