fields 34
worms 5
Wave_Initiation_Rate_Median
102.758249 86.153113 71.254441 101.362661 106.262063 
Wave_Initiation_Rate_Range
52.842704 32.186512 16.649870 28.475385 23.358896 
Body_Wave_Number_Median
0.284426 0.387541 0.499324 0.420128 0.524164 
Body_Wave_Number_Range
0.420835 0.467304 0.264289 0.371294 0.305515 
Asymmetry_Median
0.004210 -0.004157 0.011872 -0.017655 0.005865 
Asymmetry_Range
0.050214 0.045930 0.058414 0.036208 0.023637 
Reverse_Swimming
8.120301 8.469751 0.000000 0.000000 0.000000 
Curling
0.000000 0.000000 0.000000 0.000000 0.000000 
Stretch_Median
0.363819 0.345987 0.408571 0.342736 0.344692 
Stretch_Range
0.119581 0.164597 0.113573 0.104486 0.093463 
Attenuation_Median
59.464525 53.771391 50.855966 58.429251 60.364653 
Attenuation_Range
20.450717 26.977730 22.706917 25.722501 21.738362 
Traveling_Speed_Mean
3.012660 7.521474 8.559027 9.588174 10.596773 
Brush_Stroke_Median
0.299233 0.271329 0.178493 0.242324 0.268711 
Brush_Stroke_Range
0.170105 0.214802 0.021332 0.028873 0.034559 
Activity_Index_Median
321.472472 292.084031 234.341390 246.424168 259.153126 
Activity_Index_Range
117.060099 232.472569 67.090120 47.240059 61.832641 
Wave_Initiation_Rate_10
67.737818 68.960187 67.493567 85.356233 95.696009 
Body_Wave_Number_10
0.091869 0.099024 0.342924 0.204379 0.315414 
Asymmetry_10
-0.026170 -0.031298 -0.016776 -0.039356 -0.004135 
Stretch_10
0.311271 0.286932 0.363527 0.298922 0.307881 
Attenuation_10
46.995361 39.997597 38.630428 43.748616 47.127816 
Brush_Stroke_10
0.256553 0.222129 0.167325 0.227347 0.251516 
Activity_Index_10
271.011266 204.495885 205.732269 217.044056 229.339419 
usability
0.869485 0.919118 1.000000 0.996324 0.998162 
status
valid
valid
valid
valid
valid
highThr
40.000000 38.000000 41.000000 41.000000 39.000000 
lowThr
15.000000 15.000000 21.000000 24.000000 19.000000 
prevThr
17.000000 25.000000 20.000000 25.000000 25.000000 
highThrDef
40.000000 38.000000 41.000000 41.000000 39.000000 
lowThrDef
15.000000 15.000000 21.000000 24.000000 19.000000 
prevThrDef
25.000000 25.000000 25.000000 25.000000 25.000000 
manualSeparators
260


493

separators
1    9   10   21   22   26   28   41   42   52   53   54   62   81   82   89   90   91   98   99  101  102  136  137  217  218  236  237  260  296  297  322  323  332  333  364  365  406  407  435  436  444  445  495  496  497  521  522  535  536  545
1   21   22   65   66  100  103  121  122  188  189  384  401  402  459  460  545
1  545
1  490  492  493  545
1  340  341  545
