fields 34
worms 4
Wave_Initiation_Rate_Median
24.052870 38.213801 82.601735 NaN 
Wave_Initiation_Rate_Range
81.380764 81.593565 75.158103 NaN 
Body_Wave_Number_Median
1.213205 0.157846 0.661235 NaN 
Body_Wave_Number_Range
1.109866 0.704791 0.626456 NaN 
Asymmetry_Median
-0.017560 -0.003983 0.004981 NaN 
Asymmetry_Range
0.157748 0.260468 0.157825 NaN 
Reverse_Swimming
0.000000 11.095306 9.161452 NaN 
Curling
0.451128 8.495575 2.777778 NaN 
Stretch_Median
0.565148 0.627595 0.498122 NaN 
Stretch_Range
0.291515 0.589501 0.401749 NaN 
Attenuation_Median
53.592394 58.776559 64.635361 NaN 
Attenuation_Range
16.003874 70.180462 76.772246 NaN 
Traveling_Speed_Mean
3.426542 1.164391 1.021614 NaN 
Brush_Stroke_Median
0.100517 0.169509 0.200239 NaN 
Brush_Stroke_Range
0.030306 0.172306 0.052654 NaN 
Activity_Index_Median
61.031360 167.354992 403.029087 NaN 
Activity_Index_Range
487.761953 355.828936 78.888839 NaN 
Wave_Initiation_Rate_10
8.595569 16.693818 33.245711 NaN 
Body_Wave_Number_10
0.464288 0.018992 0.277482 NaN 
Asymmetry_10
-0.068095 -0.138354 -0.008667 NaN 
Stretch_10
0.391964 0.413104 0.340427 NaN 
Attenuation_10
49.341751 0.251164 -1.026652 NaN 
Brush_Stroke_10
0.083259 0.103023 0.169798 NaN 
Activity_Index_10
41.314290 26.619949 375.045549 NaN 
usability
0.977941 0.830882 0.794118 0.086397 
status
valid
valid
valid
rejected
highThr
65.000000 64.000000 73.000000 20.000000 
lowThr
35.000000 28.000000 21.000000 11.000000 
prevThr
10.000000 25.000000 25.000000 25.000000 
highThrDef
65.000000 64.000000 73.000000 20.000000 
lowThrDef
35.000000 28.000000 21.000000 11.000000 
prevThrDef
25.000000 25.000000 25.000000 25.000000 
manualSeparators




separators
1   51   52   77   78  110  111  120  122  144  145  252  253  319  321  322  365  366  407  408  545
1   53   54   62   65  114  115  120  141  142  148  149  190  191  197  198  207  241  242  261  262  263  307  318  319  383  384  442  443  450  454  456  457  463  465  486  487  522  523  532  533  534  545
1   37   38   64   65   76   78   79   80  103  141  142  155  156  160  162  163  168  169  170  196  198  201  202  203  241  242  274  275  278  279  307  308  317  321  322  323  329  330  355  357  360  361  371  372  375  376  510  511  531  532  534  535  545
1  121  181  182  421  422  469  545
