fields 34
worms 6
Wave_Initiation_Rate_Median
NaN 94.588145 92.191276 86.396247 100.600353 NaN 
Wave_Initiation_Rate_Range
NaN 30.454922 34.400702 33.545517 27.862631 NaN 
Body_Wave_Number_Median
NaN 0.327964 0.354274 0.440628 0.384869 NaN 
Body_Wave_Number_Range
NaN 0.526423 0.293616 0.234034 0.237803 NaN 
Asymmetry_Median
NaN 0.002792 0.016595 -0.016321 -0.015910 NaN 
Asymmetry_Range
NaN 0.041428 0.057806 0.095977 0.041270 NaN 
Reverse_Swimming
NaN 4.280532 0.000000 0.000000 0.000000 NaN 
Curling
NaN 0.000000 0.000000 0.684411 0.000000 NaN 
Stretch_Median
NaN 0.346861 0.397060 0.425184 0.363462 NaN 
Stretch_Range
NaN 0.109069 0.136955 0.151039 0.123779 NaN 
Attenuation_Median
NaN 63.420545 59.892619 65.833198 64.382024 NaN 
Attenuation_Range
NaN 38.527467 20.339318 15.113500 17.019385 NaN 
Traveling_Speed_Mean
NaN 4.912288 9.734696 9.117622 10.192881 NaN 
Brush_Stroke_Median
NaN 0.111583 0.291695 0.245415 0.290346 NaN 
Brush_Stroke_Range
NaN 0.026282 0.050294 0.049689 0.051238 NaN 
Activity_Index_Median
NaN 265.081673 292.781493 244.522799 283.703910 NaN 
Activity_Index_Range
NaN 123.242653 126.116144 109.670970 110.677914 NaN 
Wave_Initiation_Rate_10
NaN 71.604426 68.261128 67.172443 73.934157 NaN 
Body_Wave_Number_10
NaN 0.032326 0.161290 0.343290 0.239798 NaN 
Asymmetry_10
NaN -0.016693 -0.005363 -0.088296 -0.041859 NaN 
Stretch_10
NaN 0.291163 0.341030 0.358026 0.309273 NaN 
Attenuation_10
NaN 35.450277 48.411994 58.758246 54.763993 NaN 
Brush_Stroke_10
NaN 0.100193 0.260538 0.222269 0.268789 NaN 
Activity_Index_10
NaN 193.516125 215.424152 167.244030 207.658188 NaN 
usability
0.755515 0.773897 0.979779 0.966912 0.983456 0.000000 
status
rejected
valid
valid
valid
valid
rejected
highThr
54.000000 54.000000 53.000000 52.000000 52.000000 NaN 
lowThr
17.000000 19.000000 31.000000 33.000000 22.000000 0.000000 
prevThr
25.000000 25.000000 25.000000 25.000000 25.000000 25.000000 
highThrDef
54.000000 54.000000 53.000000 52.000000 52.000000 NaN 
lowThrDef
17.000000 19.000000 31.000000 33.000000 22.000000 0.000000 
prevThrDef
25.000000 25.000000 25.000000 25.000000 25.000000 25.000000 
manualSeparators






separators
1    4    6   23   24  162  163  182  183  184  201  202  203  207  209  216  220  222  223  225  226  230  231  232  233  235  321  322  436  437  469  470  500  501  541  542  545
1  103  104  114  115  133  134  135  146  147  171  172  182  184  185  186  202  203  207  208  209  216  220  222  223  226  231  232  235  236  242  243  245  246  247  251  252  253  341  342  402  403  406  407  408  545
1   26   32  228  229  230  232  362  363  524  525  545
1   53   56  230  232  301  302  529  530  531  541  542  545
1  122  123  161  162  200  201  211  212  259  260  323  324  344  345  496  497  498  545
1  321  322  545
