fields 34
worms 3
Wave_Initiation_Rate_Median
83.136701 136.879391 134.931267 
Wave_Initiation_Rate_Range
17.726032 83.988539 59.209448 
Body_Wave_Number_Median
1.071746 0.246577 0.551460 
Body_Wave_Number_Range
0.566719 0.281429 0.566083 
Asymmetry_Median
-0.012326 0.002320 -0.007585 
Asymmetry_Range
0.069460 0.076258 0.052358 
Reverse_Swimming
0.000000 1.214351 1.987121 
Curling
1.335807 0.780669 0.000000 
Stretch_Median
0.597482 0.282435 0.354314 
Stretch_Range
0.146813 0.226783 0.224252 
Attenuation_Median
57.637835 69.332705 72.156632 
Attenuation_Range
13.235863 30.297271 17.474050 
Traveling_Speed_Mean
4.844864 15.960508 10.191967 
Brush_Stroke_Median
0.155503 0.381369 0.300638 
Brush_Stroke_Range
0.031059 0.153337 0.052424 
Activity_Index_Median
191.053948 347.894991 318.731839 
Activity_Index_Range
21.887652 285.175503 163.232435 
Wave_Initiation_Rate_10
66.636684 53.947267 76.877847 
Body_Wave_Number_10
0.613671 0.090845 0.214225 
Asymmetry_10
-0.026963 -0.009476 -0.027485 
Stretch_10
0.558929 0.214772 0.277771 
Attenuation_10
51.077240 50.000549 62.405485 
Brush_Stroke_10
0.145519 0.288323 0.273924 
Activity_Index_10
178.454433 138.256270 184.031099 
usability
0.990809 0.988971 0.977941 
status
valid
valid
valid
highThr
65.000000 61.000000 60.000000 
lowThr
48.000000 36.000000 34.000000 
prevThr
25.000000 10.000000 25.000000 
highThrDef
65.000000 61.000000 60.000000 
lowThrDef
48.000000 36.000000 34.000000 
prevThrDef
25.000000 25.000000 25.000000 
manualSeparators



separators
1   48   49  177  178  188  189  200  201  229  230  545
1   86   89  227  228  235  236  298  299  545
1   15   16   79   81   88   89  141  142  193  194  242  245  261  263  361  362  545
