fields 34
worms 4
Wave_Initiation_Rate_Median
93.978424 97.005776 102.402262 60.986395 
Wave_Initiation_Rate_Range
52.261797 55.948562 52.054619 45.960325 
Body_Wave_Number_Median
0.480764 0.371077 0.402553 0.452181 
Body_Wave_Number_Range
0.249278 0.249178 0.212508 0.234926 
Asymmetry_Median
0.010308 -0.015075 0.016664 0.085529 
Asymmetry_Range
0.079925 0.099243 0.098670 0.099470 
Reverse_Swimming
0.000000 0.000000 0.000000 0.000000 
Curling
0.111940 0.000000 0.469667 0.000000 
Stretch_Median
0.410168 0.411457 0.355905 0.391647 
Stretch_Range
0.198978 0.210702 0.141084 0.139758 
Attenuation_Median
64.459866 59.998489 52.319062 63.229477 
Attenuation_Range
22.451929 20.418740 29.162698 16.107756 
Traveling_Speed_Mean
9.473623 10.064247 9.180152 6.428968 
Brush_Stroke_Median
0.190312 0.193320 0.278661 0.205500 
Brush_Stroke_Range
0.045132 0.037589 0.055391 0.050375 
Activity_Index_Median
219.150663 278.120475 296.237966 154.052669 
Activity_Index_Range
142.950501 151.115029 139.086754 128.598949 
Wave_Initiation_Rate_10
68.008442 68.309525 67.789655 40.317169 
Body_Wave_Number_10
0.355649 0.224984 0.279494 0.354246 
Asymmetry_10
-0.035720 -0.078100 -0.004308 0.021948 
Stretch_10
0.303982 0.309871 0.313395 0.319756 
Attenuation_10
51.168285 50.069601 35.324966 53.542545 
Brush_Stroke_10
0.170393 0.176765 0.258081 0.174661 
Activity_Index_10
178.373338 203.255373 190.159198 93.789042 
usability
0.985294 0.994485 0.939338 0.994485 
status
unchecked
unchecked
unchecked
unchecked
highThr
59.000000 54.000000 54.000000 57.000000 
lowThr
38.000000 37.000000 34.000000 38.000000 
prevThr
25.000000 25.000000 25.000000 25.000000 
highThrDef
59.000000 54.000000 54.000000 57.000000 
lowThrDef
38.000000 37.000000 34.000000 38.000000 
prevThrDef
25.000000 25.000000 25.000000 25.000000 
manualSeparators




separators
1   26   27   32   34   78   79   81   82  348  349  382  383  384  385  545
1    7    8   63   64  280  281  545
1  105  106  110  111  144  145  163  164  232  233  239  240  351  352  353  354  392  393  402  403  430  431  447  448  463  464  522  523  541  542  545
1  291  294  545
