fields 34
worms 5
Wave_Initiation_Rate_Median
100.837402 96.680805 76.318259 106.837421 NaN 
Wave_Initiation_Rate_Range
9.915883 33.445832 18.595231 17.472872 NaN 
Body_Wave_Number_Median
0.503582 0.460156 0.336414 0.531767 NaN 
Body_Wave_Number_Range
0.172488 0.208911 0.435358 0.306531 NaN 
Asymmetry_Median
-0.002548 -0.004954 -0.000509 -0.017305 NaN 
Asymmetry_Range
0.035095 0.064999 0.027350 0.053035 NaN 
Reverse_Swimming
0.000000 0.000000 0.000000 0.000000 NaN 
Curling
0.000000 0.000000 0.000000 0.000000 NaN 
Stretch_Median
0.390563 0.393919 0.396259 0.355626 NaN 
Stretch_Range
0.121773 0.160607 0.124556 0.106295 NaN 
Attenuation_Median
65.763070 64.664228 68.845426 69.240657 NaN 
Attenuation_Range
18.867671 18.520192 21.117944 20.555318 NaN 
Traveling_Speed_Mean
7.988638 8.454191 5.731863 14.915650 NaN 
Brush_Stroke_Median
0.256077 0.262273 0.195139 0.254986 NaN 
Brush_Stroke_Range
0.034896 0.032580 0.028322 0.045456 NaN 
Activity_Index_Median
254.918518 249.283589 180.936971 284.644027 NaN 
Activity_Index_Range
39.455443 96.073803 44.429441 74.263016 NaN 
Wave_Initiation_Rate_10
91.918634 68.314302 66.890159 102.287838 NaN 
Body_Wave_Number_10
0.387328 0.358297 0.185454 0.397655 NaN 
Asymmetry_10
-0.022878 -0.024941 -0.014795 -0.038787 NaN 
Stretch_10
0.322956 0.308640 0.346543 0.305099 NaN 
Attenuation_10
58.101320 55.090194 55.986726 57.090808 NaN 
Brush_Stroke_10
0.238582 0.245407 0.183323 0.234168 NaN 
Activity_Index_10
236.389001 180.001599 156.933906 239.899446 NaN 
usability
0.968750 0.992647 0.990809 0.994485 0.615809 
status
valid
valid
valid
valid
rejected
highThr
55.000000 55.000000 50.000000 50.000000 113.000000 
lowThr
29.000000 26.000000 27.000000 34.000000 0.000000 
prevThr
25.000000 25.000000 25.000000 25.000000 25.000000 
highThrDef
55.000000 55.000000 50.000000 50.000000 113.000000 
lowThrDef
29.000000 26.000000 27.000000 34.000000 0.000000 
prevThrDef
25.000000 25.000000 25.000000 25.000000 25.000000 
manualSeparators





separators
1  262  267  268  270  271  278  281  282  385  386  395  396  545
1   31   32  269  270  356  357  533  534  545
1  235  240  545
1  103  105  379  380  545
1   41   42   50   51   60   61   78   79  114  115  232  233  238  239  315  316  337  338  339  340  349  350  362  363  384  421  422  505  506  507  541  542  545
