fields 34
worms 3
Wave_Initiation_Rate_Median
72.966696 119.472842 134.223742 
Wave_Initiation_Rate_Range
69.757276 33.027300 41.457681 
Body_Wave_Number_Median
0.398850 0.564663 0.420921 
Body_Wave_Number_Range
0.667743 0.425538 0.344701 
Asymmetry_Median
0.001021 0.004051 0.019391 
Asymmetry_Range
0.134027 0.073057 0.088491 
Reverse_Swimming
0.000000 0.000000 0.000000 
Curling
1.381958 0.000000 0.110906 
Stretch_Median
0.455829 0.354245 0.434693 
Stretch_Range
0.440672 0.153448 0.153014 
Attenuation_Median
61.811353 58.477053 67.672103 
Attenuation_Range
30.705312 15.368738 17.316166 
Traveling_Speed_Mean
10.874469 14.089378 16.877910 
Brush_Stroke_Median
0.189056 0.350349 0.504882 
Brush_Stroke_Range
0.289492 0.062826 0.189795 
Activity_Index_Median
240.141945 361.744995 498.929978 
Activity_Index_Range
522.322843 134.141009 235.112949 
Wave_Initiation_Rate_10
32.577077 88.265685 94.071531 
Body_Wave_Number_10
0.138363 0.302407 0.288613 
Asymmetry_10
-0.080369 -0.005448 -0.012438 
Stretch_10
0.285350 0.306371 0.373707 
Attenuation_10
53.063545 49.432966 58.823598 
Brush_Stroke_10
0.128536 0.318338 0.362735 
Activity_Index_10
95.531394 272.537904 347.579954 
usability
0.957721 0.992647 0.994485 
status
valid
valid
valid
highThr
70.000000 69.000000 57.000000 
lowThr
29.000000 42.000000 37.000000 
prevThr
10.000000 10.000000 10.000000 
highThrDef
70.000000 69.000000 57.000000 
lowThrDef
29.000000 42.000000 37.000000 
prevThrDef
25.000000 25.000000 25.000000 
manualSeparators



separators
1   67   68  255  256  400  405  406  407  408  421  545
1  271  272  504  505  514  515  544  545
1   22   23  344  345  396  397  545
