fields 34
worms 5
Wave_Initiation_Rate_Median
8.885249 9.188836 12.469939 24.270036 10.330546 
Wave_Initiation_Rate_Range
4.618743 3.907364 21.505001 29.400309 11.732182 
Body_Wave_Number_Median
1.652255 1.785513 1.521049 1.390109 1.600164 
Body_Wave_Number_Range
0.659484 0.336546 0.984269 0.723736 0.848556 
Asymmetry_Median
-0.082131 0.043585 -0.007564 -0.004595 0.050749 
Asymmetry_Range
0.269937 0.044640 0.119445 0.119613 0.485765 
Reverse_Swimming
0.000000 0.000000 3.587856 7.506900 5.022999 
Curling
0.000000 0.000000 0.000000 0.000000 13.828996 
Stretch_Median
0.421529 0.405108 0.509089 0.495186 0.558404 
Stretch_Range
0.122706 0.153945 0.169377 0.138271 0.326348 
Attenuation_Median
50.544360 75.975376 63.813486 68.286076 53.938531 
Attenuation_Range
40.150976 24.389120 35.377537 18.811990 57.270573 
Traveling_Speed_Mean
1.162392 0.122776 1.321978 1.545325 2.980272 
Brush_Stroke_Median
0.040656 0.030738 0.046363 0.049523 0.062662 
Brush_Stroke_Range
0.014672 0.004943 0.012817 0.021564 0.067576 
Activity_Index_Median
18.339309 16.351864 30.167235 57.478020 37.086527 
Activity_Index_Range
15.234079 3.672945 46.177969 100.364832 21.695691 
Wave_Initiation_Rate_10
7.361966 6.818279 7.602534 8.733517 8.115903 
Body_Wave_Number_10
1.161926 1.589623 0.951925 0.916749 1.076946 
Asymmetry_10
-0.131444 0.010143 -0.031087 -0.105732 -0.290420 
Stretch_10
0.373158 0.352428 0.380486 0.418805 0.431163 
Attenuation_10
24.577193 56.485260 39.744107 56.834591 11.992576 
Brush_Stroke_10
0.034728 0.028006 0.041289 0.040291 0.035393 
Activity_Index_10
13.962217 13.874121 18.197525 21.267882 22.992987 
usability
1.000000 0.840074 0.983456 1.000000 0.988971 
status
valid
valid
valid
valid
valid
highThr
58.000000 31.000000 64.000000 59.000000 58.000000 
lowThr
41.000000 14.000000 43.000000 40.000000 19.000000 
prevThr
25.000000 25.000000 25.000000 25.000000 25.000000 
highThrDef
58.000000 31.000000 64.000000 59.000000 58.000000 
lowThrDef
41.000000 14.000000 43.000000 40.000000 19.000000 
prevThrDef
25.000000 25.000000 25.000000 25.000000 25.000000 
manualSeparators





separators
1  545
1    4    5   24   25   34   35   38   39   76   77  127  128  130  131  132  133  135  136  140  141  144  145  149  150  158  159  160  161  163  164  165  166  169  170  175  176  184  185  186  187  188  189  191  192  195  196  203  204  211  212  213  214  219  220  225  226  231  232  235  236  237  238  241  242  243  244  247  248  251  252  254  255  259  260  265  266  276  277  323  324  404  405  545
1  128  137  545
1  545
1   83   84  245  246  291  292  294  295  323  324  460  461  545
