fields 34
worms 6
Wave_Initiation_Rate_Median
23.067576 32.792044 61.591725 50.657947 68.809399 NaN 
Wave_Initiation_Rate_Range
25.481095 21.232151 57.909400 50.408957 19.365783 NaN 
Body_Wave_Number_Median
1.293411 1.073052 0.723383 0.598755 0.678095 NaN 
Body_Wave_Number_Range
0.906899 0.810397 0.959329 0.822695 0.306820 NaN 
Asymmetry_Median
0.000198 0.062255 -0.013124 -0.016278 -0.008883 NaN 
Asymmetry_Range
0.192759 0.124498 0.117686 0.177146 0.058720 NaN 
Reverse_Swimming
1.903787 2.870285 6.265823 10.156394 0.000000 NaN 
Curling
0.000000 0.000000 0.000000 1.111111 0.000000 NaN 
Stretch_Median
0.591982 0.569187 0.506338 0.561459 0.382273 NaN 
Stretch_Range
0.156328 0.184131 0.212649 0.312915 0.172922 NaN 
Attenuation_Median
59.352632 70.947006 66.689466 59.607335 68.348889 NaN 
Attenuation_Range
37.710058 26.958952 27.802518 22.021765 22.307469 NaN 
Traveling_Speed_Mean
2.347308 2.731536 6.910017 6.527725 6.519360 NaN 
Brush_Stroke_Median
0.067931 0.076326 0.062466 0.129605 0.229522 NaN 
Brush_Stroke_Range
0.018265 0.029285 0.024154 0.032545 0.113608 NaN 
Activity_Index_Median
82.378959 76.304343 176.430071 132.650125 242.217233 NaN 
Activity_Index_Range
90.888106 57.037144 170.257846 131.857176 113.030534 NaN 
Wave_Initiation_Rate_10
8.151165 14.917878 25.438567 16.163343 65.751647 NaN 
Body_Wave_Number_10
0.795982 0.715126 0.209112 0.073660 0.559928 NaN 
Asymmetry_10
-0.121102 0.002448 -0.053687 -0.106554 -0.044012 NaN 
Stretch_10
0.514529 0.494516 0.406396 0.437799 0.297491 NaN 
Attenuation_10
29.610398 60.250589 48.233496 47.842531 56.517837 NaN 
Brush_Stroke_10
0.058016 0.064436 0.049619 0.112588 0.149154 NaN 
Activity_Index_10
30.708878 34.893035 96.580533 51.861289 176.427452 NaN 
usability
0.974265 1.000000 0.803309 0.992647 0.806985 0.000000 
status
valid
valid
valid
valid
valid
rejected
highThr
76.000000 76.000000 86.000000 75.000000 72.000000 NaN 
lowThr
59.000000 55.000000 40.000000 60.000000 40.000000 0.000000 
prevThr
25.000000 25.000000 25.000000 25.000000 25.000000 25.000000 
highThrDef
76.000000 76.000000 86.000000 75.000000 72.000000 NaN 
lowThrDef
59.000000 55.000000 20.000000 60.000000 40.000000 0.000000 
prevThrDef
25.000000 25.000000 25.000000 25.000000 25.000000 25.000000 
manualSeparators



241  242  245  246


separators
1   54   57   61   62  187  201  218  227  429  437  545
1  141  142  265  266  268  270  545
1   54   55  247  253  254  281  282  333  334  388  397  401  402  412  413  416  417  478  480  489  494  495  501  502  504  505  526  527  541  545
1   21   22  241  242  243  245  246  545
1  101  102  440  445  446  545
1  545
