fields 34
worms 6
Wave_Initiation_Rate_Median
NaN 76.744505 68.591024 60.661982 NaN NaN 
Wave_Initiation_Rate_Range
NaN 24.407276 32.941234 17.881631 NaN NaN 
Body_Wave_Number_Median
NaN 0.633496 0.594674 0.763069 NaN NaN 
Body_Wave_Number_Range
NaN 0.330308 0.414277 0.774459 NaN NaN 
Asymmetry_Median
NaN -0.001097 -0.003879 0.020799 NaN NaN 
Asymmetry_Range
NaN 0.055852 0.059079 0.081572 NaN NaN 
Reverse_Swimming
NaN 0.275989 6.126955 0.110396 NaN NaN 
Curling
NaN 1.447124 0.000000 2.706767 NaN NaN 
Stretch_Median
NaN 0.428340 0.401342 0.548276 NaN NaN 
Stretch_Range
NaN 0.198240 0.249011 0.334580 NaN NaN 
Attenuation_Median
NaN 65.955199 62.607875 54.411066 NaN NaN 
Attenuation_Range
NaN 21.539496 26.368899 29.517072 NaN NaN 
Traveling_Speed_Mean
NaN 10.939410 7.668080 4.151643 NaN NaN 
Brush_Stroke_Median
NaN 0.183165 0.166798 0.126184 NaN NaN 
Brush_Stroke_Range
NaN 0.082413 0.060303 0.057618 NaN NaN 
Activity_Index_Median
NaN 213.590270 185.329446 146.744872 NaN NaN 
Activity_Index_Range
NaN 129.791822 85.731175 43.699537 NaN NaN 
Wave_Initiation_Rate_10
NaN 67.005736 44.481760 49.608554 NaN NaN 
Body_Wave_Number_10
NaN 0.485829 0.341963 0.373901 NaN NaN 
Asymmetry_10
NaN -0.024521 -0.030180 -0.022238 NaN NaN 
Stretch_10
NaN 0.338573 0.328764 0.389103 NaN NaN 
Attenuation_10
NaN 52.969544 48.221902 38.502780 NaN NaN 
Brush_Stroke_10
NaN 0.148870 0.128922 0.100593 NaN NaN 
Activity_Index_10
NaN 156.927295 117.396984 123.663818 NaN NaN 
usability
0.538603 0.990809 1.000000 0.977941 0.582721 0.996324 
status
rejected
valid
valid
valid
rejected
rejected
highThr
64.000000 68.000000 68.000000 65.000000 65.000000 118.000000 
lowThr
43.000000 40.000000 49.000000 41.000000 45.000000 116.000000 
prevThr
25.000000 25.000000 25.000000 25.000000 25.000000 25.000000 
highThrDef
64.000000 68.000000 68.000000 65.000000 65.000000 118.000000 
lowThrDef
23.000000 40.000000 49.000000 41.000000 28.000000 116.000000 
prevThrDef
25.000000 25.000000 25.000000 25.000000 25.000000 25.000000 
manualSeparators

345  346

86   87   88   89  130  131  137  138


separators
1   21   24   26   28   59   60   91  100  101  102  103  124  125  168  178  214  216  217  219  222  223  225  226  227  231  261  262  301  307  309  315  316  322  324  379  381  410  411  422  423  428  441  448  449  450  451  454  455  457  458  479  481  482  495  503  504  505  514  545
1   29   30  145  146  200  201  223  226  257  258  342  343  345  346  348  349  403  404  424  425  533  534  545
1  102  103  298  301  370  373  545
1   86   87   88   89  130  131  136  137  138  176  177  301  302  424  425  443  444  545
1    2    8   23   30   44   46   47   48   49   51   66   74   87   89   90   93  111  113  130  137  138  139  153  160  174  181  184  187  194  200  203  210  218  224  225  226  227  228  230  233  243  246  249  251  262  273  275  278  289  290  291  297  311  325  334  362  363  377  378  381  423  424  441  442  443  449  450  472  475  476  479  480  481  492  501  511  525  526  541  542  543  545
1    2    4    5  545
