fields 34
worms 4
Wave_Initiation_Rate_Median
7.929627 7.263080 8.528062 8.818302 
Wave_Initiation_Rate_Range
3.800510 2.500234 4.006020 4.433075 
Body_Wave_Number_Median
1.821105 1.860931 1.762338 1.651744 
Body_Wave_Number_Range
1.125659 0.166576 0.309615 0.788482 
Asymmetry_Median
-0.019801 0.000532 0.041815 -0.037839 
Asymmetry_Range
0.017645 0.033989 0.075152 0.323390 
Reverse_Swimming
0.000000 0.000000 0.000000 0.000000 
Curling
0.000000 0.000000 0.000000 20.333333 
Stretch_Median
0.328227 0.416200 0.460867 0.507493 
Stretch_Range
0.169409 0.145306 0.105214 0.240602 
Attenuation_Median
66.896547 51.644295 58.947000 57.568880 
Attenuation_Range
11.858510 20.036188 23.024877 30.050601 
Traveling_Speed_Mean
0.348977 2.753310 0.868746 0.456421 
Brush_Stroke_Median
0.029890 0.075870 0.034562 0.031751 
Brush_Stroke_Range
0.004828 0.052259 0.006100 0.011937 
Activity_Index_Median
12.192345 26.829783 14.550961 12.895957 
Activity_Index_Range
4.988204 17.151220 8.072397 12.297697 
Wave_Initiation_Rate_10
6.982107 6.617388 7.355740 6.268295 
Body_Wave_Number_10
1.638933 1.783548 1.553096 1.373981 
Asymmetry_10
-0.030314 -0.020867 0.000631 -0.294347 
Stretch_10
0.262620 0.361416 0.393979 0.370635 
Attenuation_10
59.301806 43.193250 49.626191 42.467911 
Brush_Stroke_10
0.027710 0.039380 0.032525 0.026519 
Activity_Index_10
10.847527 15.262530 12.560056 7.571119 
usability
0.952206 0.726103 1.000000 0.992647 
status
valid
valid
valid
valid
highThr
47.000000 32.000000 36.000000 43.000000 
lowThr
29.000000 15.000000 20.000000 24.000000 
prevThr
25.000000 25.000000 25.000000 25.000000 
highThrDef
47.000000 32.000000 36.000000 43.000000 
lowThrDef
29.000000 15.000000 20.000000 24.000000 
prevThrDef
25.000000 25.000000 25.000000 25.000000 
manualSeparators
260  261  262  265  266  268  441  442  436  427  467  468



separators
1  103  104  260  261  262  265  266  268  304  305  427  436  441  442  467  468  545
1  156  157  163  164  165  194  195  223  224  228  229  254  255  396  397  404  421  422  545
1  545
1   16   17  109  110  277  278  336  337  545
