fields 34
worms 5
Wave_Initiation_Rate_Median
76.245209 88.429978 95.436068 94.470563 NaN 
Wave_Initiation_Rate_Range
26.950091 41.209111 35.963687 50.121978 NaN 
Body_Wave_Number_Median
0.480193 0.420196 0.477617 0.333433 NaN 
Body_Wave_Number_Range
0.367384 0.353529 0.386086 0.475122 NaN 
Asymmetry_Median
0.028651 -0.008192 -0.001754 -0.009008 NaN 
Asymmetry_Range
0.070823 0.056300 0.083892 0.058419 NaN 
Reverse_Swimming
0.000000 0.000000 4.221453 1.541624 NaN 
Curling
0.000000 0.000000 0.126582 0.119048 NaN 
Stretch_Median
0.408068 0.420898 0.364221 0.363903 NaN 
Stretch_Range
0.100721 0.207317 0.149306 0.148787 NaN 
Attenuation_Median
53.402791 62.833215 65.008699 58.499938 NaN 
Attenuation_Range
31.183477 25.704367 27.552684 28.748836 NaN 
Traveling_Speed_Mean
1.874821 7.792840 5.606122 5.100535 NaN 
Brush_Stroke_Median
0.239969 0.379920 0.171928 0.266422 NaN 
Brush_Stroke_Range
0.162033 0.213293 0.080212 0.108248 NaN 
Activity_Index_Median
234.660778 384.031724 254.923040 225.210632 NaN 
Activity_Index_Range
122.969577 191.113432 153.529572 180.864291 NaN 
Wave_Initiation_Rate_10
66.940505 68.240433 66.584793 67.287046 NaN 
Body_Wave_Number_10
0.240735 0.266437 0.189072 0.093561 NaN 
Asymmetry_10
-0.000580 -0.039738 -0.063748 -0.050585 NaN 
Stretch_10
0.353101 0.319856 0.317094 0.295308 NaN 
Attenuation_10
38.156081 48.894215 47.970345 45.209529 NaN 
Brush_Stroke_10
0.217606 0.280407 0.154751 0.234748 NaN 
Activity_Index_10
208.609896 303.982697 169.532595 163.048048 NaN 
usability
0.764706 0.954044 0.871324 0.926471 0.000000 
status
valid
valid
valid
valid
rejected
highThr
54.000000 51.000000 48.000000 48.000000 1.000000 
lowThr
24.000000 25.000000 21.000000 19.000000 0.000000 
prevThr
25.000000 10.000000 25.000000 25.000000 25.000000 
highThrDef
54.000000 51.000000 48.000000 48.000000 NaN 
lowThrDef
24.000000 25.000000 21.000000 19.000000 0.000000 
prevThrDef
25.000000 25.000000 25.000000 25.000000 25.000000 
manualSeparators


41  59


separators
1    7    8   43   44   45   46   47   61   62  101  102  144  145  156  161  162  167  181  182  184  191  192  193  197  201  203  205  221  222  245  246  252  253  322  323  373  374  535  536  545
1   40   41   42   43   63   81   93   94  130  131  173  174  205  206  505  506  545
1   27   28   30   37   38   41   59   69   71   73   74  145  146  152  153  171  172  177  178  187  188  189  190  192  193  194  332  341  343  352  353  381  382  436  437  445  446  455  456  457  463  464  466  467  476  477  478  487  488  490  491  497  499  520  521  545
1   21   22   24   25   29   30   32   33   47   61   63   65   66   77   78   84   85  101  102  103  137  138  139  156  157  206  207  216  217  218  275  276  304  305  309  310  322  323  328  329  439  441  444  445  474  475  545
1  545
