fields 34
worms 6
Wave_Initiation_Rate_Median
67.068442 73.889761 64.957828 67.007547 67.417628 NaN 
Wave_Initiation_Rate_Range
47.036666 18.413446 40.407085 17.134779 5.922569 NaN 
Body_Wave_Number_Median
0.526970 0.590819 0.551273 0.666562 0.587151 NaN 
Body_Wave_Number_Range
0.918750 0.197755 0.471379 0.417531 0.467510 NaN 
Asymmetry_Median
-0.003546 -0.008723 -0.023032 -0.005878 -0.007824 NaN 
Asymmetry_Range
0.072894 0.073845 0.063069 0.053648 0.060342 NaN 
Reverse_Swimming
7.958549 0.000000 0.000000 0.000000 1.490340 NaN 
Curling
0.232108 0.000000 0.116279 0.000000 0.772059 NaN 
Stretch_Median
0.384727 0.404621 0.455814 0.460319 0.439265 NaN 
Stretch_Range
0.251991 0.137714 0.169080 0.161129 0.124305 NaN 
Attenuation_Median
72.802865 55.912101 72.098821 65.397430 63.512861 NaN 
Attenuation_Range
43.085261 17.461830 15.931600 16.861820 25.069224 NaN 
Traveling_Speed_Mean
4.434953 6.489654 7.548813 5.635546 6.948193 NaN 
Brush_Stroke_Median
0.148267 0.205350 0.083700 0.154430 0.165785 NaN 
Brush_Stroke_Range
0.121349 0.049500 0.045798 0.047053 0.041770 NaN 
Activity_Index_Median
206.598983 202.239316 255.133389 164.710653 188.280841 NaN 
Activity_Index_Range
176.643760 59.114137 233.961587 51.429170 55.039269 NaN 
Wave_Initiation_Rate_10
36.419702 66.558289 27.056613 51.842981 62.823016 NaN 
Body_Wave_Number_10
0.277623 0.487125 0.321473 0.396466 0.287671 NaN 
Asymmetry_10
-0.021058 -0.056372 -0.066768 -0.028133 -0.042271 NaN 
Stretch_10
0.304286 0.366110 0.380492 0.403747 0.400033 NaN 
Attenuation_10
39.877912 44.630374 63.385862 59.855834 47.033537 NaN 
Brush_Stroke_10
0.106916 0.186290 0.070739 0.129403 0.151704 NaN 
Activity_Index_10
76.796757 172.813440 127.640858 143.929395 161.315153 NaN 
usability
0.950368 0.814338 0.948529 1.000000 1.000000 0.000000 
status
valid
valid
valid
valid
valid
rejected
highThr
58.000000 68.000000 61.000000 55.000000 53.000000 48.000000 
lowThr
32.000000 23.000000 27.000000 40.000000 36.000000 0.000000 
prevThr
25.000000 25.000000 25.000000 25.000000 25.000000 25.000000 
highThrDef
58.000000 68.000000 61.000000 55.000000 53.000000 48.000000 
lowThrDef
31.000000 23.000000 27.000000 40.000000 36.000000 0.000000 
prevThrDef
25.000000 25.000000 25.000000 25.000000 25.000000 25.000000 
manualSeparators
146  147
371  372  463  464  465




separators
1   81   85   89   90   96  101  146  147  148  295  300  545
1   89   90  129  130  355  357  365  371  372  375  384  391  421  422  463  464  465  481  482  483  484  490  501  504  510  512  526  527  545
1   26   31   33   40   61   62  250  251  402  403  404  405  545
1   41   42  545
1    6    7  103  104  122  124  181  182  201  205  206  545
1  421  422  447  481  484  488  545
