fields 34
worms 4
Wave_Initiation_Rate_Median
119.133958 118.008628 83.428123 129.259416 
Wave_Initiation_Rate_Range
81.870340 70.728302 96.298143 86.070897 
Body_Wave_Number_Median
0.547361 0.513907 0.415627 0.613477 
Body_Wave_Number_Range
0.491595 0.304485 0.345385 0.379793 
Asymmetry_Median
0.021957 0.024482 0.045130 0.002678 
Asymmetry_Range
0.148817 0.057829 0.150958 0.061911 
Reverse_Swimming
0.000000 0.000000 0.000000 0.000000 
Curling
3.252336 0.956175 5.737052 0.357853 
Stretch_Median
0.367676 0.359876 0.450923 0.316421 
Stretch_Range
0.275927 0.193855 0.250362 0.308902 
Attenuation_Median
63.442980 65.069736 61.572380 74.072894 
Attenuation_Range
26.547358 17.179614 33.132071 22.794546 
Traveling_Speed_Mean
10.422213 8.490502 7.273560 7.821446 
Brush_Stroke_Median
0.324192 0.258271 0.078600 0.069919 
Brush_Stroke_Range
0.096903 0.047269 0.038308 0.024423 
Activity_Index_Median
274.636291 270.746290 284.981451 437.950899 
Activity_Index_Range
188.603195 147.476676 270.570702 186.566229 
Wave_Initiation_Rate_10
55.607250 63.699907 39.517730 51.891422 
Body_Wave_Number_10
0.264396 0.365492 0.258128 0.423161 
Asymmetry_10
-0.014676 0.008875 -0.011242 -0.027974 
Stretch_10
0.264906 0.283204 0.333339 0.223924 
Attenuation_10
51.652879 56.981056 40.907302 61.103885 
Brush_Stroke_10
0.259432 0.236853 0.070971 0.058396 
Activity_Index_10
132.417625 161.632021 114.320750 319.989619 
usability
0.983456 0.922794 0.922794 0.924632 
status
valid
valid
valid
valid
highThr
50.000000 51.000000 47.000000 52.000000 
lowThr
29.000000 32.000000 29.000000 30.000000 
prevThr
24.000000 25.000000 25.000000 25.000000 
highThrDef
50.000000 51.000000 47.000000 52.000000 
lowThrDef
33.000000 32.000000 29.000000 33.000000 
prevThrDef
25.000000 25.000000 25.000000 25.000000 
manualSeparators




separators
1  325  326  341  342  357  358  374  375  377  378  509  510  533  534  545
1  348  349  390  391  461  466  467  468  481  482  501  545
1   77   78   86   87  100  101  174  175  239  240  267  268  274  276  295  296  319  320  334  335  351  352  361  363  400  401  411  412  422  423  433  434  454  455  513  514  545
1   41   42  131  132  545
