fields 34
worms 3
Wave_Initiation_Rate_Median
113.222112 127.755656 109.181296 
Wave_Initiation_Rate_Range
63.207478 29.968701 45.448433 
Body_Wave_Number_Median
0.426772 0.630517 0.740065 
Body_Wave_Number_Range
0.556042 0.332028 0.431368 
Asymmetry_Median
-0.006349 -0.005878 0.002181 
Asymmetry_Range
0.071529 0.055670 0.053161 
Reverse_Swimming
1.766329 0.000000 0.000000 
Curling
0.000000 0.111111 0.000000 
Stretch_Median
0.332618 0.369395 0.312339 
Stretch_Range
0.206250 0.235499 0.178704 
Attenuation_Median
71.837616 75.275908 67.700523 
Attenuation_Range
20.495192 19.590959 18.082084 
Traveling_Speed_Mean
12.316697 15.076731 12.639253 
Brush_Stroke_Median
0.331806 0.252149 0.332925 
Brush_Stroke_Range
0.114818 0.101169 0.133939 
Activity_Index_Median
286.783320 354.997116 278.804332 
Activity_Index_Range
195.865527 201.434697 161.663878 
Wave_Initiation_Rate_10
69.219105 105.053528 83.143281 
Body_Wave_Number_10
0.156331 0.427596 0.431966 
Asymmetry_10
-0.045690 -0.037062 -0.025007 
Stretch_10
0.262500 0.270956 0.248581 
Attenuation_10
59.934308 66.399258 57.844775 
Brush_Stroke_10
0.281860 0.202859 0.275322 
Activity_Index_10
182.088133 245.425964 221.523367 
usability
0.990809 0.992647 0.998162 
status
valid
valid
valid
highThr
70.000000 71.000000 69.000000 
lowThr
44.000000 45.000000 43.000000 
prevThr
10.000000 10.000000 10.000000 
highThrDef
70.000000 71.000000 69.000000 
lowThrDef
44.000000 45.000000 43.000000 
prevThrDef
25.000000 25.000000 25.000000 
manualSeparators



separators
1   25   26  156  157  297  298  306  307  498  499  545
1   64   65  140  141  231  232  283  284  545
1  273  274  545
