fields 34
worms 5
Wave_Initiation_Rate_Median
7.400121 12.863120 8.596134 6.710614 33.310921 
Wave_Initiation_Rate_Range
2.057103 11.573560 10.046039 0.933268 13.441968 
Body_Wave_Number_Median
1.726614 1.536173 1.684248 1.826556 1.142587 
Body_Wave_Number_Range
0.355944 1.182843 1.058614 0.221567 0.511857 
Asymmetry_Median
0.020258 -0.003671 -0.008638 0.049658 -0.008531 
Asymmetry_Range
0.151717 0.335602 0.210868 0.072231 0.169899 
Reverse_Swimming
0.000000 17.706577 3.698252 0.000000 0.000000 
Curling
0.000000 13.734940 0.000000 0.000000 1.774492 
Stretch_Median
0.481957 0.549943 0.587227 0.381438 0.627829 
Stretch_Range
0.154270 0.253997 0.257037 0.116857 0.175581 
Attenuation_Median
43.354299 58.821030 81.508181 69.908563 65.200053 
Attenuation_Range
57.388864 34.174392 13.899027 27.537217 18.805233 
Traveling_Speed_Mean
0.935802 0.419412 0.858480 0.769772 3.005865 
Brush_Stroke_Median
0.036413 0.053420 0.035127 0.032833 0.057498 
Brush_Stroke_Range
0.018290 0.012903 0.011723 0.006033 0.013094 
Activity_Index_Median
13.782139 29.881766 14.707689 11.002815 91.995692 
Activity_Index_Range
8.038818 32.146758 16.903275 2.843412 29.082455 
Wave_Initiation_Rate_10
6.251412 7.700583 6.599696 6.241484 21.016122 
Body_Wave_Number_10
1.473432 0.725123 0.768526 1.671535 0.917522 
Asymmetry_10
-0.033749 -0.085496 -0.089640 0.001375 -0.054745 
Stretch_10
0.406741 0.488985 0.490359 0.299946 0.551795 
Attenuation_10
14.137544 36.190541 73.978023 48.371631 53.499623 
Brush_Stroke_10
0.032678 0.043613 0.030457 0.030649 0.051030 
Activity_Index_10
11.654508 17.950210 11.694054 9.719772 75.522298 
usability
0.998162 0.610294 1.000000 1.000000 0.994485 
status
valid
valid
valid
valid
valid
highThr
43.000000 60.000000 46.000000 47.000000 55.000000 
lowThr
31.000000 25.000000 27.000000 29.000000 39.000000 
prevThr
25.000000 25.000000 25.000000 25.000000 25.000000 
highThrDef
43.000000 60.000000 46.000000 47.000000 55.000000 
lowThrDef
31.000000 25.000000 27.000000 29.000000 39.000000 
prevThrDef
25.000000 25.000000 25.000000 25.000000 25.000000 
manualSeparators

229  230  231  232  276  277  278  421  422  423  424  425  490  491


18  19
separators
1  322  323  324  545
1  156  157  162  164  165  221  222  229  230  231  232  276  277  278  341  342  421  422  423  424  425  434  435  465  466  489  490  491  496  497  545
1  371  372  374  375  545
1  545
1   18   19   21   22  201  202  504  505  545
