fields 34
worms 5
Wave_Initiation_Rate_Median
160.759440 135.835823 126.723141 169.369122 135.249702 
Wave_Initiation_Rate_Range
117.469065 102.116862 68.772529 108.175189 86.352042 
Body_Wave_Number_Median
0.471623 0.482131 0.483926 0.469204 0.454594 
Body_Wave_Number_Range
0.260911 0.534232 0.279678 0.302367 0.449028 
Asymmetry_Median
0.008034 0.001796 0.002549 0.004194 0.000455 
Asymmetry_Range
0.087419 0.094330 0.097668 0.101162 0.099040 
Reverse_Swimming
0.000000 0.000000 3.887689 0.829876 0.000000 
Curling
1.564246 2.627737 2.639296 2.341463 1.325967 
Stretch_Median
0.351867 0.417197 0.400565 0.309770 0.374643 
Stretch_Range
0.218632 0.344613 0.231048 0.256804 0.204761 
Attenuation_Median
63.101435 57.424734 61.222815 61.759842 55.287085 
Attenuation_Range
23.870700 40.922502 33.702212 26.401273 41.092710 
Traveling_Speed_Mean
18.159024 9.291076 2.708929 7.223986 6.912046 
Brush_Stroke_Median
0.360989 0.471154 0.196094 0.107210 0.332078 
Brush_Stroke_Range
0.067977 0.210876 0.221873 0.020219 0.085353 
Activity_Index_Median
404.377546 444.066331 346.486533 883.788115 377.922004 
Activity_Index_Range
299.109300 307.232096 132.258368 209.353980 230.695341 
Wave_Initiation_Rate_10
52.165118 66.016208 67.162140 62.364796 65.669545 
Body_Wave_Number_10
0.309709 0.251815 0.270107 0.341446 0.244572 
Asymmetry_10
-0.010030 -0.011384 -0.019417 -0.012779 -0.036442 
Stretch_10
0.290764 0.323816 0.338417 0.244230 0.300957 
Attenuation_10
50.436461 32.766836 39.998630 45.747477 28.574188 
Brush_Stroke_10
0.329002 0.389328 0.162033 0.101088 0.281251 
Activity_Index_10
163.855768 278.200949 291.199552 825.712611 196.207951 
usability
0.987132 0.755515 0.626838 0.753676 0.665441 
status
valid
valid
valid
valid
valid
highThr
50.000000 56.000000 53.000000 52.000000 48.000000 
lowThr
25.000000 18.000000 18.000000 19.000000 16.000000 
prevThr
10.000000 10.000000 25.000000 10.000000 10.000000 
highThrDef
50.000000 56.000000 53.000000 52.000000 48.000000 
lowThrDef
25.000000 18.000000 18.000000 19.000000 16.000000 
prevThrDef
25.000000 25.000000 25.000000 25.000000 25.000000 
manualSeparators

305
245
192
154  379
separators
1   33   34   74   75  267  268  282  283  325  326  377  378  424  425  545
1    4    5    9   10   20   21   22   61   62   67   68   80   81  106  107  129  130  144  145  273  274  281  282  305  309  311  312  316  317  404  405  408  415  416  417  450  451  463  464  466  467  501  503  545
1   32   33   94   95  119  141  142  151  152  163  164  182  221  222  233  234  237  238  239  245  249  250  318  319  320  369  370  383  384  401  402  404  405  408  413  415  461  462  463  465  466  470  471  475  476  482  484  501  502  505  506  513  514  519  520  545
1   81   82  134  135  150  151  192  200  201  225  226  391  392  423  424  545
1  121  122  133  134  154  162  163  178  179  206  208  209  223  224  225  228  229  232  233  240  241  247  248  379  390  391  418  419  435  436  545
