fields 34
worms 7
Wave_Initiation_Rate_Median
69.020292 48.444032 67.219251 66.890071 72.266252 NaN NaN 
Wave_Initiation_Rate_Range
13.181276 40.057637 22.070220 33.027012 27.037932 NaN NaN 
Body_Wave_Number_Median
0.737124 0.334143 0.546751 0.703378 0.713379 NaN NaN 
Body_Wave_Number_Range
0.176848 0.426441 1.015927 0.531722 0.215983 NaN NaN 
Asymmetry_Median
-0.019774 -0.025752 -0.008433 -0.012874 0.000439 NaN NaN 
Asymmetry_Range
0.024641 0.153645 0.042077 0.085803 0.041093 NaN NaN 
Reverse_Swimming
0.000000 6.674157 9.358601 0.000000 0.000000 NaN NaN 
Curling
0.000000 1.572581 0.000000 0.000000 0.000000 NaN NaN 
Stretch_Median
0.366946 0.527726 0.374428 0.436221 0.358055 NaN NaN 
Stretch_Range
0.133771 0.362582 0.209271 0.106195 0.137161 NaN NaN 
Attenuation_Median
54.571256 58.829966 65.804657 61.014925 69.670608 NaN NaN 
Attenuation_Range
17.757164 22.877796 28.882843 20.452133 16.584451 NaN NaN 
Traveling_Speed_Mean
10.568725 9.149426 2.414242 8.316870 7.838005 NaN NaN 
Brush_Stroke_Median
0.211399 0.158044 0.162037 0.184638 0.166584 NaN NaN 
Brush_Stroke_Range
0.034274 0.073615 0.051207 0.054395 0.054998 NaN NaN 
Activity_Index_Median
193.721636 162.626718 168.531195 180.794476 176.906376 NaN NaN 
Activity_Index_Range
39.799419 182.722703 99.399332 125.563962 115.901846 NaN NaN 
Wave_Initiation_Rate_10
67.903453 28.003832 47.397431 35.521282 67.634787 NaN NaN 
Body_Wave_Number_10
0.649118 0.159592 0.169328 0.491060 0.622477 NaN NaN 
Asymmetry_10
-0.031227 -0.126598 -0.029374 -0.040894 -0.016629 NaN NaN 
Stretch_10
0.313519 0.394019 0.318739 0.383454 0.290190 NaN NaN 
Attenuation_10
46.272932 45.663372 50.299876 49.353737 61.087450 NaN NaN 
Brush_Stroke_10
0.195852 0.114439 0.135078 0.152750 0.143364 NaN NaN 
Activity_Index_10
178.584840 72.799894 99.295168 79.425263 149.916536 NaN NaN 
usability
1.000000 0.911765 0.764706 1.000000 0.998162 0.544118 0.003676 
status
valid
valid
valid
valid
valid
rejected
rejected
highThr
71.000000 91.000000 83.000000 72.000000 67.000000 90.000000 15.000000 
lowThr
51.000000 28.000000 50.000000 49.000000 46.000000 86.000000 7.000000 
prevThr
25.000000 25.000000 25.000000 25.000000 25.000000 25.000000 25.000000 
highThrDef
71.000000 91.000000 83.000000 72.000000 67.000000 90.000000 15.000000 
lowThrDef
51.000000 28.000000 29.000000 49.000000 46.000000 86.000000 7.000000 
prevThrDef
25.000000 25.000000 25.000000 25.000000 25.000000 25.000000 25.000000 
manualSeparators

193  194  436  437
65   66   61   62  163  164  193  194  260  261  259  288  289  336  337  335  352  353  355  356  400  401




separators
1  545
1   43   44  170  174  175  177  193  194  225  226  241  242  264  265  338  339  340  345  346  353  354  363  374  375  381  382  405  406  434  435  436  437  486  487  488  489  490  493  494  497  498  499  500  501  502  504  513  525  541  542  545
1   30   32   61   62   63   64   65   66  122  123  163  164  167  177  181  192  193  194  222  223  224  227  245  246  255  256  257  258  259  260  261  272  281  282  288  289  299  300  302  314  318  322  335  336  337  340  352  353  355  356  400  401  404  405  411  412  415  427  428  441  509  510  512  514  526  528  542  545
1  354  359  478  480  545
1  245  246  370  373  545
1  241  242  255  256  405  406  434  435  541  545
1  501  502  504  508  509  511  512  513  541  542  545
