fields 34
worms 5
Wave_Initiation_Rate_Median
48.030605 12.026126 48.278482 7.450511 NaN 
Wave_Initiation_Rate_Range
33.963448 14.871709 53.417320 4.704567 NaN 
Body_Wave_Number_Median
0.582904 1.286546 0.816786 1.645506 NaN 
Body_Wave_Number_Range
0.506290 1.024002 0.958244 0.439327 NaN 
Asymmetry_Median
-0.011282 0.036023 -0.009745 0.081829 NaN 
Asymmetry_Range
0.151460 0.236777 0.200325 0.317386 NaN 
Reverse_Swimming
14.572217 9.162833 6.734131 0.000000 NaN 
Curling
0.000000 0.000000 5.635359 3.576159 NaN 
Stretch_Median
0.419177 0.602547 0.515913 0.653450 NaN 
Stretch_Range
0.161011 0.289882 0.274516 0.284752 NaN 
Attenuation_Median
45.089564 70.769242 70.358233 53.238096 NaN 
Attenuation_Range
29.122436 29.430813 30.233351 94.345129 NaN 
Traveling_Speed_Mean
4.594417 1.601263 3.664160 0.363175 NaN 
Brush_Stroke_Median
0.113083 0.053076 0.067753 0.034287 NaN 
Brush_Stroke_Range
0.042224 0.031300 0.020845 0.018910 NaN 
Activity_Index_Median
142.735382 33.829265 173.657460 12.841319 NaN 
Activity_Index_Range
139.486938 45.619563 187.803563 9.538319 NaN 
Wave_Initiation_Rate_10
23.298319 7.879144 11.712933 6.417986 NaN 
Body_Wave_Number_10
0.309953 0.706650 0.378252 1.384331 NaN 
Asymmetry_10
-0.118434 -0.127979 -0.148653 -0.155236 NaN 
Stretch_10
0.352982 0.489291 0.403699 0.468354 NaN 
Attenuation_10
29.650832 56.152754 49.498895 -16.736683 NaN 
Brush_Stroke_10
0.085400 0.039283 0.058061 0.029271 NaN 
Activity_Index_10
56.854080 17.410492 41.454467 9.553605 NaN 
usability
1.000000 0.985294 0.998162 0.832721 1.000000 
status
valid
valid
valid
valid
rejected
highThr
74.000000 79.000000 76.000000 63.000000 62.000000 
lowThr
60.000000 46.000000 53.000000 43.000000 51.000000 
prevThr
25.000000 25.000000 25.000000 25.000000 25.000000 
highThrDef
74.000000 79.000000 76.000000 63.000000 60.000000 
lowThrDef
60.000000 46.000000 53.000000 35.000000 51.000000 
prevThrDef
25.000000 25.000000 25.000000 25.000000 25.000000 
manualSeparators



104

separators
1  545
1  224  225  263  267  533  534  535  537  545
1  141  142  176  177  447  449  545
1   82   83   90   91   94   95  101  102  104  118  119  127  128  130  133  134  136  137  138  142  144  146  148  149  150  152  153  154  157  158  159  160  164  165  166  167  171  172  173  175  181  185  186  190  191  484  485  496  497  501  502  504  545
1  545
