fields 34
worms 6
Wave_Initiation_Rate_Median
136.218777 129.956381 145.876715 117.910690 134.205238 NaN 
Wave_Initiation_Rate_Range
89.732531 68.205319 49.859243 54.549872 56.728221 NaN 
Body_Wave_Number_Median
0.547096 0.591136 0.627356 0.597693 0.516710 NaN 
Body_Wave_Number_Range
0.333494 0.350769 0.251977 0.339501 0.222625 NaN 
Asymmetry_Median
0.005222 -0.005768 -0.012001 0.033076 -0.009490 NaN 
Asymmetry_Range
0.075001 0.085791 0.062046 0.062149 0.073378 NaN 
Reverse_Swimming
0.000000 6.512118 0.000000 1.777324 0.000000 NaN 
Curling
1.886051 0.489796 0.474308 0.113636 0.448598 NaN 
Stretch_Median
0.360343 0.398409 0.364292 0.448768 0.374855 NaN 
Stretch_Range
0.327849 0.227742 0.157333 0.161625 0.153171 NaN 
Attenuation_Median
66.589962 67.616403 64.584075 65.353561 61.336425 NaN 
Attenuation_Range
18.177062 23.934049 17.253078 15.053006 22.982844 NaN 
Traveling_Speed_Mean
11.511193 5.082817 15.637394 7.803347 11.780358 NaN 
Brush_Stroke_Median
0.342710 0.322592 0.377197 0.305117 0.300062 NaN 
Brush_Stroke_Range
0.348463 0.433298 0.052199 0.082674 0.078854 NaN 
Activity_Index_Median
345.587860 318.023649 391.234737 322.506615 303.659079 NaN 
Activity_Index_Range
302.989667 413.643382 79.067717 118.368289 102.081637 NaN 
Wave_Initiation_Rate_10
63.823552 67.990983 103.347475 68.055790 79.536634 NaN 
Body_Wave_Number_10
0.360994 0.395496 0.459672 0.427604 0.418692 NaN 
Asymmetry_10
-0.011429 -0.071852 -0.059774 0.014918 -0.063215 NaN 
Stretch_10
0.274565 0.312464 0.314979 0.372040 0.310243 NaN 
Attenuation_10
55.404902 53.038419 55.614467 57.777625 50.804433 NaN 
Brush_Stroke_10
0.314198 0.276795 0.355315 0.277562 0.257341 NaN 
Activity_Index_10
168.050594 291.078778 342.616317 245.189655 246.323114 NaN 
usability
0.935662 0.900735 0.930147 0.970588 0.983456 0.000000 
status
valid
valid
valid
valid
valid
rejected
highThr
57.000000 67.000000 70.000000 59.000000 59.000000 NaN 
lowThr
37.000000 41.000000 31.000000 37.000000 40.000000 0.000000 
prevThr
25.000000 25.000000 25.000000 25.000000 25.000000 25.000000 
highThrDef
57.000000 67.000000 70.000000 59.000000 59.000000 NaN 
lowThrDef
37.000000 41.000000 31.000000 37.000000 40.000000 0.000000 
prevThrDef
25.000000 25.000000 25.000000 25.000000 25.000000 25.000000 
manualSeparators



43


separators
1   32   34   41   42   57   58   71   72  158  159  188  189  202  203  204  205  372  373  379  380  381  394  395  400  401  522  523  545
1    7    8   48   50   56   58   63   67   72   74   80   85   91  119  245  246  281  286  323  324  331  332  342  343  403  404  545
1    2    3   42   43   50   52   65   66  241  242  246  249  250  251  264  265  392  393  403  404  415  416  440  441  471  472  488  489  501  503  505  506  507  511  512  521  545
1   43   55   56  124  125  262  263  264  265  545
1   37   38   46   47  207  208  494  495  508  509  516  518  521  523  545
1  545
