fields 34
worms 4
Wave_Initiation_Rate_Median
35.984162 61.959536 86.418883 101.909719 
Wave_Initiation_Rate_Range
62.609284 35.559435 73.487064 99.894085 
Body_Wave_Number_Median
0.333718 0.394520 0.292853 0.357806 
Body_Wave_Number_Range
0.610547 0.472208 0.304056 0.505653 
Asymmetry_Median
-0.022598 0.008355 0.002568 -0.006176 
Asymmetry_Range
0.168581 0.075349 0.122077 0.086064 
Reverse_Swimming
4.084637 1.711132 0.000000 0.000000 
Curling
5.703422 0.337079 0.000000 0.000000 
Stretch_Median
0.621674 0.328796 0.343227 0.356633 
Stretch_Range
0.469503 0.237419 0.226665 0.214397 
Attenuation_Median
53.024873 66.495528 54.978205 65.380775 
Attenuation_Range
38.289814 14.868962 31.790815 21.408765 
Traveling_Speed_Mean
7.934234 5.334136 6.585577 11.318757 
Brush_Stroke_Median
0.081391 0.130988 0.341007 0.123446 
Brush_Stroke_Range
0.025381 0.053811 0.269616 0.049285 
Activity_Index_Median
127.809846 186.010845 280.375977 283.892745 
Activity_Index_Range
140.650785 125.078603 177.237565 306.256143 
Wave_Initiation_Rate_10
14.794270 34.792017 55.552098 34.382950 
Body_Wave_Number_10
0.080600 0.141960 0.168381 0.126647 
Asymmetry_10
-0.072905 -0.024737 -0.066314 -0.046675 
Stretch_10
0.386734 0.256674 0.270709 0.264434 
Attenuation_10
33.560224 59.661016 33.706091 55.764283 
Brush_Stroke_10
0.070844 0.113827 0.296459 0.104268 
Activity_Index_10
62.374676 115.322762 167.239369 129.432799 
usability
0.966912 0.981618 0.977941 0.987132 
status
valid
valid
valid
valid
highThr
62.000000 65.000000 54.000000 62.000000 
lowThr
33.000000 42.000000 38.000000 22.000000 
prevThr
25.000000 25.000000 25.000000 25.000000 
highThrDef
62.000000 65.000000 54.000000 62.000000 
lowThrDef
33.000000 42.000000 38.000000 22.000000 
prevThrDef
25.000000 25.000000 25.000000 25.000000 
manualSeparators




separators
1   41   42  192  193  247  248  281  282  283  284  285  286  437  438  457  461  462  489  490  529  530  532  534  535  536  545
1    7    8   42   43   93   94  136  138  177  178  322  323  332  333  408  410  545
1  155  157  172  173  174  175  290  291  299  300  362  363  371  372  468  469  475  476  536  537  545
1  260  261  283  284  292  293  312  313  453  454  492  493  523  524  545
