fields 34
worms 5
Wave_Initiation_Rate_Median
5.576409 102.477824 6.935629 102.481572 NaN 
Wave_Initiation_Rate_Range
1.133344 99.403491 2.215151 105.950618 NaN 
Body_Wave_Number_Median
1.970776 0.727409 1.846958 0.737627 NaN 
Body_Wave_Number_Range
0.089856 0.463591 0.537941 0.868821 NaN 
Asymmetry_Median
0.081653 -0.007316 0.051121 -0.004226 NaN 
Asymmetry_Range
0.016594 0.092943 0.066472 0.042194 NaN 
Reverse_Swimming
0.000000 4.250230 0.000000 1.664954 NaN 
Curling
0.000000 0.552486 0.000000 0.116054 NaN 
Stretch_Median
0.344477 0.335710 0.449290 0.264003 NaN 
Stretch_Range
0.186012 0.327489 0.329862 0.393372 NaN 
Attenuation_Median
74.928489 66.096514 66.501333 65.083686 NaN 
Attenuation_Range
13.635431 32.746569 44.014137 31.066483 NaN 
Traveling_Speed_Mean
0.247557 8.832872 0.879933 7.824465 NaN 
Brush_Stroke_Median
0.028394 0.076394 0.030539 0.198778 NaN 
Brush_Stroke_Range
0.005069 0.017723 0.008783 0.051376 NaN 
Activity_Index_Median
8.088874 371.765811 10.792529 206.275507 NaN 
Activity_Index_Range
2.125234 374.489039 3.713653 213.898203 NaN 
Wave_Initiation_Rate_10
5.293666 29.996541 6.219878 12.149086 NaN 
Body_Wave_Number_10
1.896233 0.477687 1.686894 0.388416 NaN 
Asymmetry_10
0.073981 -0.060106 0.024354 -0.015043 NaN 
Stretch_10
0.284557 0.239459 0.323923 0.198381 NaN 
Attenuation_10
65.649605 47.141241 41.031075 44.374606 NaN 
Brush_Stroke_10
0.025993 0.066184 0.027474 0.161880 NaN 
Activity_Index_10
6.936274 120.366292 9.458193 20.769357 NaN 
usability
0.990809 0.998162 0.998162 0.950368 
status
valid
valid
valid
valid
rejected
highThr
60.000000 67.000000 49.000000 73.000000 NaN 
lowThr
46.000000 48.000000 30.000000 47.000000 0.000000 
prevThr
25.000000 25.000000 25.000000 25.000000 25.000000 
highThrDef
60.000000 67.000000 49.000000 73.000000 NaN 
lowThrDef
46.000000 48.000000 30.000000 47.000000 0.000000 
prevThrDef
25.000000 25.000000 25.000000 25.000000 25.000000 
manualSeparators



501  493

separators
1   47   48  163  166  270  271  545
1    4    5  425  426  545
1  499  500  545
1  446  448  449  450  451  453  454  456  457  458  470  471  493  501  507  508  545
1  261  262  545
