fields 34
worms 4
Wave_Initiation_Rate_Median
68.022161 67.858277 119.933985 134.955765 
Wave_Initiation_Rate_Range
89.341379 36.145015 57.536605 111.645980 
Body_Wave_Number_Median
1.060837 0.711267 0.680783 0.675667 
Body_Wave_Number_Range
1.049245 0.344578 0.511302 0.580511 
Asymmetry_Median
-0.005357 0.001816 0.002961 0.001643 
Asymmetry_Range
0.053202 0.023575 0.046512 0.082720 
Reverse_Swimming
0.000000 0.000000 12.198712 2.171291 
Curling
0.000000 0.000000 1.022727 1.746362 
Stretch_Median
0.380139 0.329420 0.409823 0.403424 
Stretch_Range
0.130845 0.066513 0.263598 0.284562 
Attenuation_Median
71.588921 59.563116 64.907483 65.865171 
Attenuation_Range
26.351973 17.112502 70.097888 20.198447 
Traveling_Speed_Mean
6.017317 10.933102 16.443414 14.411776 
Brush_Stroke_Median
0.141373 0.196679 0.291692 0.383433 
Brush_Stroke_Range
0.058300 0.040834 0.050043 0.140726 
Activity_Index_Median
139.927821 194.739411 315.307932 361.225235 
Activity_Index_Range
209.583956 119.309721 55.631241 285.995033 
Wave_Initiation_Rate_10
10.334011 66.952735 65.973386 40.581885 
Body_Wave_Number_10
0.569944 0.538445 0.327791 0.265809 
Asymmetry_10
-0.016268 -0.011476 -0.018068 -0.030481 
Stretch_10
0.319110 0.290563 0.318355 0.317209 
Attenuation_10
59.739254 50.483539 4.936602 53.486430 
Brush_Stroke_10
0.122540 0.178000 0.268330 0.333548 
Activity_Index_10
18.135009 170.464537 286.849948 144.877958 
usability
1.000000 1.000000 0.970588 0.884191 
status
valid
valid
valid
valid
highThr
70.000000 71.000000 65.000000 73.000000 
lowThr
47.000000 47.000000 33.000000 22.000000 
prevThr
25.000000 25.000000 20.000000 15.000000 
highThrDef
70.000000 71.000000 65.000000 73.000000 
lowThrDef
47.000000 48.000000 33.000000 22.000000 
prevThrDef
25.000000 25.000000 25.000000 25.000000 
manualSeparators



194
separators
1  137  141  145  146  535  536  545
1  485  486  504  505  545
1  280  281  354  355  370  371  372  373  375  376  377  378  396  397  405  406  423  424  427  428  430  432  433  448  449  545
1   74   75  194  200  201  362  369  370  373  374  376  377  379  380  381  382  383  384  386  387  388  389  394  395  396  400  401  483  485  501  502  545
