fields 34
worms 5
Wave_Initiation_Rate_Median
145.212577 151.101900 136.429011 169.942461 154.016809 
Wave_Initiation_Rate_Range
89.609144 23.370042 25.732118 37.391954 63.893982 
Body_Wave_Number_Median
0.314493 0.363165 0.552875 0.380427 0.513995 
Body_Wave_Number_Range
0.298364 0.261160 0.288869 0.315421 0.378294 
Asymmetry_Median
-0.003018 0.008077 -0.031859 -0.000974 0.007643 
Asymmetry_Range
0.032010 0.035226 0.024138 0.033769 0.035936 
Reverse_Swimming
0.000000 0.000000 0.000000 0.000000 0.000000 
Curling
0.000000 0.000000 0.000000 0.000000 0.000000 
Stretch_Median
0.316793 0.298657 0.308496 0.319069 0.326461 
Stretch_Range
0.184776 0.072701 0.091515 0.156190 0.217907 
Attenuation_Median
79.671794 79.171285 81.353957 82.440083 74.316924 
Attenuation_Range
13.890293 14.142850 11.934905 15.254436 16.784794 
Traveling_Speed_Mean
11.673429 19.061114 5.602668 9.662122 14.506886 
Brush_Stroke_Median
0.249924 0.293869 0.326101 0.334403 0.397997 
Brush_Stroke_Range
0.061009 0.040390 0.052690 0.073094 0.069230 
Activity_Index_Median
315.968062 350.021159 315.638589 346.521843 377.247173 
Activity_Index_Range
226.271055 77.551785 68.054179 63.453191 124.906606 
Wave_Initiation_Rate_10
64.009304 130.284860 125.157546 149.651488 105.647038 
Body_Wave_Number_10
0.149107 0.270229 0.380123 0.304546 0.335328 
Asymmetry_10
-0.017872 -0.003568 -0.043877 -0.014644 -0.004508 
Stretch_10
0.266744 0.268921 0.264490 0.271759 0.273604 
Attenuation_10
71.732978 72.229780 74.713545 73.818830 66.025694 
Brush_Stroke_10
0.220748 0.273302 0.303003 0.296413 0.369478 
Activity_Index_10
149.891715 298.909597 279.957623 306.849429 283.978575 
usability
0.983456 0.959559 0.939338 1.000000 0.988971 
status
valid
valid
valid
valid
valid
highThr
69.000000 70.000000 71.000000 63.000000 65.000000 
lowThr
48.000000 42.000000 39.000000 45.000000 46.000000 
prevThr
25.000000 25.000000 25.000000 25.000000 25.000000 
highThrDef
69.000000 70.000000 71.000000 63.000000 65.000000 
lowThrDef
48.000000 42.000000 39.000000 45.000000 46.000000 
prevThrDef
25.000000 25.000000 25.000000 25.000000 25.000000 
manualSeparators





separators
1  168  171  274  275  315  320  545
1   13   14   16   17  121  141  545
1   42   43   72   73  133  134  222  223  320  321  322  380  381  403  404  441  461  469  470  474  475  477  478  479  481  545
1  545
1  191  192  202  203  217  218  222  223  242  243  502  503  545
