fields 34
worms 4
Wave_Initiation_Rate_Median
101.141076 102.480814 112.624807 101.669297 
Wave_Initiation_Rate_Range
24.207275 32.380000 69.533898 62.017302 
Body_Wave_Number_Median
0.516827 0.502763 0.455002 0.509543 
Body_Wave_Number_Range
0.198513 0.295489 0.417321 0.239772 
Asymmetry_Median
-0.005046 -0.000280 0.000377 0.005002 
Asymmetry_Range
0.033642 0.039486 0.057185 0.060396 
Reverse_Swimming
0.000000 0.000000 0.000000 3.974241 
Curling
0.000000 0.221402 0.450281 0.223881 
Stretch_Median
0.339896 0.359915 0.305417 0.339913 
Stretch_Range
0.112961 0.133377 0.154050 0.213726 
Attenuation_Median
67.384839 70.666825 68.975483 65.776715 
Attenuation_Range
19.074771 14.846103 25.982323 28.139088 
Traveling_Speed_Mean
8.672220 7.324451 14.160559 11.514575 
Brush_Stroke_Median
0.217082 0.251696 0.324571 0.246980 
Brush_Stroke_Range
0.031394 0.034562 0.151285 0.083790 
Activity_Index_Median
263.381307 235.560925 330.938958 254.674689 
Activity_Index_Range
79.789003 65.385865 275.298585 159.952458 
Wave_Initiation_Rate_10
77.880608 86.378473 50.304727 56.063653 
Body_Wave_Number_10
0.432410 0.362401 0.259995 0.411068 
Asymmetry_10
-0.025804 -0.027351 -0.017715 -0.019270 
Stretch_10
0.298273 0.311945 0.256868 0.262478 
Attenuation_10
58.010517 62.182641 52.363320 47.793280 
Brush_Stroke_10
0.201110 0.237488 0.256291 0.196534 
Activity_Index_10
203.956572 206.260466 166.857684 138.954985 
usability
0.988971 0.996324 0.979779 0.985294 
status
valid
valid
valid
valid
highThr
56.000000 52.000000 48.000000 48.000000 
lowThr
37.000000 37.000000 30.000000 30.000000 
prevThr
25.000000 25.000000 25.000000 25.000000 
highThrDef
56.000000 52.000000 48.000000 48.000000 
lowThrDef
37.000000 37.000000 30.000000 30.000000 
prevThrDef
25.000000 25.000000 25.000000 25.000000 
manualSeparators



517
separators
1   73   78   88   89  545
1  120  121  356  357  545
1   26   29  122  123  188  189  190  229  230  364  366  543  545
1   96   97  131  132  517  521  522  523  543  545
