fields 34
worms 6
Wave_Initiation_Rate_Median
85.017068 9.520444 20.109430 NaN NaN NaN 
Wave_Initiation_Rate_Range
72.241677 11.143903 42.994645 NaN NaN NaN 
Body_Wave_Number_Median
0.635049 1.556974 0.713889 NaN NaN NaN 
Body_Wave_Number_Range
0.659367 1.409903 1.260612 NaN NaN NaN 
Asymmetry_Median
-0.013071 -0.010295 -0.013422 NaN NaN NaN 
Asymmetry_Range
0.118014 0.221624 0.213193 NaN NaN NaN 
Reverse_Swimming
0.000000 7.948482 6.513339 NaN NaN NaN 
Curling
4.293785 0.000000 0.000000 NaN NaN NaN 
Stretch_Median
0.367510 0.437852 0.485797 NaN NaN NaN 
Stretch_Range
0.407450 0.251907 0.163706 NaN NaN NaN 
Attenuation_Median
60.523589 78.325701 64.973416 NaN NaN NaN 
Attenuation_Range
25.217096 34.578443 47.529125 NaN NaN NaN 
Traveling_Speed_Mean
4.256967 0.855504 2.998547 NaN NaN NaN 
Brush_Stroke_Median
0.058331 0.042271 0.069994 NaN NaN NaN 
Brush_Stroke_Range
0.030929 0.042875 0.026501 NaN NaN NaN 
Activity_Index_Median
258.345222 19.432648 58.026509 NaN NaN NaN 
Activity_Index_Range
59.541302 36.112288 174.769697 NaN NaN NaN 
Wave_Initiation_Rate_10
27.964151 7.152067 9.747482 NaN NaN NaN 
Body_Wave_Number_10
0.315697 0.436791 0.201983 NaN NaN NaN 
Asymmetry_10
-0.109848 -0.120178 -0.160461 NaN NaN NaN 
Stretch_10
0.283021 0.314648 0.381691 NaN NaN NaN 
Attenuation_10
42.914117 50.602695 34.413921 NaN NaN NaN 
Brush_Stroke_10
0.052152 0.034564 0.052417 NaN NaN NaN 
Activity_Index_10
227.007526 10.900035 24.913077 NaN NaN NaN 
usability
0.976103 0.998162 1.000000 0.777574 0.814338 0.639706 
status
valid
valid
valid
rejected
rejected
rejected
highThr
59.000000 66.000000 66.000000 84.000000 133.000000 62.000000 
lowThr
39.000000 49.000000 42.000000 40.000000 25.000000 39.000000 
prevThr
25.000000 25.000000 25.000000 25.000000 25.000000 25.000000 
highThrDef
59.000000 66.000000 66.000000 84.000000 133.000000 62.000000 
lowThrDef
39.000000 49.000000 42.000000 10.000000 25.000000 39.000000 
prevThrDef
25.000000 25.000000 25.000000 25.000000 25.000000 25.000000 
manualSeparators




220
202
separators
1   40   41  100  101  131  132  140  141  150  151  545
1   31   32  545
1  375  380  453  457  545
1   21   43   44   52   53   63   64   67   68   81   82   86  121  123  131  150  156  158  161  162  163  167  168  169  170  177  178  185  186  191  194  545
1  102  103  161  162  192  195  199  200  201  204  207  208  210  213  217  218  219  220  224  226  229  237  239  240  244  246  265  269  270  308  309  545
1  161  192  199  202  204  207  208  210  213  217  218  219  224  226  229  240  244  246  265  269  545
