fields 34
worms 5
Wave_Initiation_Rate_Median
81.131193 68.155843 67.397356 67.741847 NaN 
Wave_Initiation_Rate_Range
15.092726 21.799589 0.451693 11.103366 NaN 
Body_Wave_Number_Median
0.472845 0.737358 0.694019 0.568152 NaN 
Body_Wave_Number_Range
0.398828 0.374411 0.287057 0.431609 NaN 
Asymmetry_Median
-0.000103 -0.004031 -0.018060 -0.009977 NaN 
Asymmetry_Range
0.035684 0.069185 0.029291 0.078514 NaN 
Reverse_Swimming
0.000000 3.753450 0.000000 2.649494 NaN 
Curling
0.000000 0.772059 0.000000 0.000000 NaN 
Stretch_Median
0.445930 0.434649 0.329191 0.420980 NaN 
Stretch_Range
0.118387 0.196159 0.124174 0.123411 NaN 
Attenuation_Median
71.276291 61.281860 53.664947 61.199012 NaN 
Attenuation_Range
11.776053 20.770183 19.443345 18.173197 NaN 
Traveling_Speed_Mean
6.416368 10.495521 11.080205 7.130395 NaN 
Brush_Stroke_Median
0.184253 0.176374 0.181469 0.164768 NaN 
Brush_Stroke_Range
0.042758 0.047134 0.036568 0.034758 NaN 
Activity_Index_Median
188.562362 189.324701 195.434765 176.395883 NaN 
Activity_Index_Range
51.939042 76.372137 40.041524 46.966587 NaN 
Wave_Initiation_Rate_10
68.617426 55.015128 67.142126 57.222178 NaN 
Body_Wave_Number_10
0.313509 0.481056 0.555948 0.356809 NaN 
Asymmetry_10
-0.017620 -0.045141 -0.028076 -0.028781 NaN 
Stretch_10
0.392579 0.347431 0.295457 0.370436 NaN 
Attenuation_10
64.598027 51.074101 43.392130 51.160149 NaN 
Brush_Stroke_10
0.172054 0.149599 0.167994 0.151245 NaN 
Activity_Index_10
163.549356 148.640015 180.117584 150.624866 NaN 
usability
1.000000 1.000000 0.996324 1.000000 0.288603 
status
valid
valid
valid
valid
rejected
highThr
72.000000 71.000000 72.000000 72.000000 83.000000 
lowThr
56.000000 39.000000 57.000000 49.000000 50.000000 
prevThr
25.000000 25.000000 25.000000 25.000000 25.000000 
highThrDef
72.000000 71.000000 72.000000 72.000000 83.000000 
lowThrDef
56.000000 42.000000 57.000000 54.000000 15.000000 
prevThrDef
25.000000 25.000000 25.000000 25.000000 25.000000 
manualSeparators





separators
1  349  350  410  411  545
1  313  314  388  389  531  532  545
1  102  104  120  121  142  143  206  207  313  314  545
1  545
1   61   62   79   81   94   98  109  114  127  129  142  144  158  159  175  177  192  195  210  215  216  217  229  235  244  246  251  266  267  275  276  298  299  300  301  302  313  381  382  383  384  391  401  402  521  522  523  525  526  532  533  545
