fields 34
worms 4
Wave_Initiation_Rate_Median
106.887485 114.800913 101.757498 133.559084 
Wave_Initiation_Rate_Range
91.626063 66.025564 31.817926 56.505209 
Body_Wave_Number_Median
0.385100 0.545463 0.424566 0.400164 
Body_Wave_Number_Range
0.471717 0.455919 0.400422 0.360253 
Asymmetry_Median
0.008011 0.015063 -0.005376 0.002881 
Asymmetry_Range
0.076280 0.086606 0.065364 0.077230 
Reverse_Swimming
1.483007 2.447761 0.000000 7.761194 
Curling
0.711462 0.510638 0.000000 0.000000 
Stretch_Median
0.332169 0.424033 0.323489 0.307313 
Stretch_Range
0.194184 0.178989 0.172248 0.141415 
Attenuation_Median
61.497787 63.632369 61.230683 60.844253 
Attenuation_Range
29.009610 28.992471 26.454740 33.481178 
Traveling_Speed_Mean
5.154934 4.817084 5.491036 9.133368 
Brush_Stroke_Median
0.296050 0.304842 0.276393 0.303403 
Brush_Stroke_Range
0.239016 0.057219 0.082156 0.201606 
Activity_Index_Median
349.506347 278.644728 282.922881 314.469691 
Activity_Index_Range
414.831880 184.480242 137.400865 266.620659 
Wave_Initiation_Rate_10
42.669221 68.505781 79.606841 79.334832 
Body_Wave_Number_10
0.129512 0.247774 0.140360 0.220688 
Asymmetry_10
-0.040767 -0.017793 -0.035074 -0.035326 
Stretch_10
0.257883 0.355116 0.258104 0.255977 
Attenuation_10
46.407728 46.029861 45.863498 40.281350 
Brush_Stroke_10
0.216746 0.275165 0.240937 0.269123 
Activity_Index_10
202.075081 145.844573 192.669842 200.296365 
usability
0.930147 0.863971 0.858456 0.884191 
status
valid
valid
valid
valid
highThr
52.000000 53.000000 49.000000 44.000000 
lowThr
25.000000 23.000000 24.000000 26.000000 
prevThr
10.000000 20.000000 20.000000 25.000000 
highThrDef
52.000000 53.000000 49.000000 44.000000 
lowThrDef
21.000000 23.000000 24.000000 26.000000 
prevThrDef
25.000000 25.000000 25.000000 25.000000 
manualSeparators

260  374


separators
1   27   28   40   41   67   71  105  106  107  121  122  124  125  126  127  128  133  134  135  136  141  214  215  216  222  223  255  256  274  275  305  307  331  332  401  402  423  424  441  442  542  543  545
1   41   42   96   97  105  106  123  124  132  133  143  144  152  153  156  157  172  173  260  272  273  280  281  288  289  298  299  306  307  309  310  317  318  319  320  321  322  326  327  330  331  335  336  338  339  344  345  351  352  355  356  359  360  374  430  431  433  434  467  468  469  505  506  515  516  518  519  542  543  545
1   61   62   66   67   90   91  101  102  114  115  151  152  161  162  183  184  272  273  294  295  298  299  350  351  393  394  402  403  444  445  482  483  492  493  545
1   41   42  149  150  321  322  329  330  333  334  341  342  366  368  383  384  421  422  423  424  431  432  433  437  438  445  446  449  450  458  459  462  463  475  476  479  481  511  512  526  527  545
