fields 34
worms 5
Wave_Initiation_Rate_Median
9.031073 30.630771 13.973998 47.112066 8.295164 
Wave_Initiation_Rate_Range
5.244161 39.451631 11.760512 36.190740 6.813786 
Body_Wave_Number_Median
1.685287 0.837071 1.565690 0.927543 1.674503 
Body_Wave_Number_Range
0.450355 0.775000 0.489438 0.804838 0.559086 
Asymmetry_Median
0.048136 -0.089459 -0.016798 -0.027814 0.040080 
Asymmetry_Range
0.173323 0.206804 0.084012 0.049917 0.126136 
Reverse_Swimming
0.000000 0.000000 0.000000 2.334385 0.000000 
Curling
0.000000 0.902256 0.000000 0.000000 0.000000 
Stretch_Median
0.376767 0.533741 0.463151 0.434131 0.511028 
Stretch_Range
0.156182 0.181568 0.189429 0.202006 0.122679 
Attenuation_Median
66.237759 63.353133 64.024172 66.248644 26.115057 
Attenuation_Range
34.940695 17.782839 26.927749 26.385915 44.304708 
Traveling_Speed_Mean
1.187302 1.744276 1.048301 2.921362 1.515387 
Brush_Stroke_Median
0.042369 0.073411 0.041824 0.138685 0.043935 
Brush_Stroke_Range
0.020794 0.036848 0.011549 0.037863 0.015111 
Activity_Index_Median
18.501483 81.913832 32.676105 135.332270 18.285141 
Activity_Index_Range
18.677389 83.325949 28.434800 104.617194 17.004019 
Wave_Initiation_Rate_10
7.172311 10.618775 7.615271 16.124578 7.335060 
Body_Wave_Number_10
1.410410 0.559412 1.304056 0.581643 1.299756 
Asymmetry_10
-0.039582 -0.179179 -0.039228 -0.045731 -0.025051 
Stretch_10
0.303489 0.450727 0.372245 0.358403 0.448958 
Attenuation_10
43.888877 53.785948 52.298599 52.998686 2.341182 
Brush_Stroke_10
0.032052 0.059953 0.037647 0.116623 0.037335 
Activity_Index_10
11.939478 33.424696 18.635220 52.126825 15.511836 
usability
0.998162 0.977941 0.992647 0.950368 1.000000 
status
valid
valid
valid
valid
valid
highThr
66.000000 63.000000 65.000000 74.000000 59.000000 
lowThr
51.000000 35.000000 47.000000 31.000000 43.000000 
prevThr
25.000000 25.000000 25.000000 25.000000 25.000000 
highThrDef
66.000000 63.000000 65.000000 74.000000 59.000000 
lowThrDef
51.000000 35.000000 47.000000 31.000000 43.000000 
prevThrDef
25.000000 25.000000 25.000000 25.000000 25.000000 
manualSeparators





separators
1  481  482  545
1  162  163  164  167  168  169  177  181  418  419  500  501  545
1  121  122  183  186  545
1  454  464  465  481  545
1  545
