fields 34
worms 6
Wave_Initiation_Rate_Median
36.022143 66.615677 59.971663 NaN NaN NaN 
Wave_Initiation_Rate_Range
49.225348 19.319813 34.708907 NaN NaN NaN 
Body_Wave_Number_Median
0.565520 0.656203 0.631839 NaN NaN NaN 
Body_Wave_Number_Range
1.127947 0.341992 0.381121 NaN NaN NaN 
Asymmetry_Median
-0.050059 0.000889 -0.009058 NaN NaN NaN 
Asymmetry_Range
0.205018 0.122452 0.121298 NaN NaN NaN 
Reverse_Swimming
0.000000 0.000000 0.000000 NaN NaN NaN 
Curling
2.429150 0.000000 0.882353 NaN NaN NaN 
Stretch_Median
0.594164 0.495350 0.469216 NaN NaN NaN 
Stretch_Range
0.407844 0.148165 0.171336 NaN NaN NaN 
Attenuation_Median
73.632830 69.416750 60.734755 NaN NaN NaN 
Attenuation_Range
19.576907 21.245041 25.503158 NaN NaN NaN 
Traveling_Speed_Mean
3.760481 6.766025 6.940814 NaN NaN NaN 
Brush_Stroke_Median
0.059281 0.162437 0.099988 NaN NaN NaN 
Brush_Stroke_Range
0.030927 0.037052 0.032454 NaN NaN NaN 
Activity_Index_Median
120.182243 187.300498 173.978925 NaN NaN NaN 
Activity_Index_Range
147.726991 75.371993 100.583730 NaN NaN NaN 
Wave_Initiation_Rate_10
14.708457 48.679490 32.075743 NaN NaN NaN 
Body_Wave_Number_10
0.320160 0.533292 0.455792 NaN NaN NaN 
Asymmetry_10
-0.143918 -0.021204 -0.113624 NaN NaN NaN 
Stretch_10
0.442057 0.399942 0.393141 NaN NaN NaN 
Attenuation_10
63.761705 59.308822 46.892605 NaN NaN NaN 
Brush_Stroke_10
0.034466 0.146586 0.083230 NaN NaN NaN 
Activity_Index_10
41.935190 132.946242 103.214840 NaN NaN NaN 
usability
0.908088 0.887868 1.000000 0.500000 0.832721 0.014706 
status
valid
valid
valid
rejected
rejected
rejected
highThr
79.000000 77.000000 77.000000 95.000000 82.000000 92.000000 
lowThr
30.000000 52.000000 59.000000 31.000000 40.000000 20.000000 
prevThr
25.000000 25.000000 25.000000 25.000000 25.000000 25.000000 
highThrDef
79.000000 77.000000 77.000000 95.000000 82.000000 92.000000 
lowThrDef
30.000000 52.000000 59.000000 28.000000 30.000000 20.000000 
prevThrDef
25.000000 25.000000 25.000000 25.000000 25.000000 25.000000 
manualSeparators
239  240  339  340  361  362  399  400  398  235
460  461  462  463  464  465

210  211  238  239  331  332  340  341  342  343  456  457


separators
1  120  121  122  235  239  240  243  261  262  339  340  341  342  346  347  348  350  352  353  361  362  398  399  400  401  545
1  328  329  445  446  451  456  460  461  462  463  464  465  477  479  481  482  501  508  510  513  516  517  521  525  536  537  540  541  542  545
1   41   42  141  142  424  425  545
1  191  193  204  210  211  220  221  238  239  248  249  251  252  261  272  273  279  284  285  301  307  311  312  313  314  324  325  328  331  332  340  341  342  343  401  402  445  446  451  456  457  460  477  479  481  482  502  508  510  513  521  525  541  542  545
1   61   62   73   74  104  105  160  161  174  175  190  191  235  241  242  244  245  255  257  258  259  265  266  269  270  281  282  283  284  285  314  315  478  479  482  483  545
1  401  402  443  444  455  501  502  503  511  545
