fields 34
worms 4
Wave_Initiation_Rate_Median
83.645566 51.033513 68.291276 5.713312 
Wave_Initiation_Rate_Range
48.268073 30.416009 2.917853 1.621514 
Body_Wave_Number_Median
0.526589 0.746768 0.743399 1.952478 
Body_Wave_Number_Range
0.403184 0.596040 0.203713 0.038626 
Asymmetry_Median
0.001736 -0.009825 0.015267 0.050643 
Asymmetry_Range
0.062634 0.106737 0.075250 0.015054 
Reverse_Swimming
0.000000 4.084637 0.000000 0.000000 
Curling
0.000000 0.000000 0.000000 0.000000 
Stretch_Median
0.473162 0.466406 0.488183 0.434441 
Stretch_Range
0.285049 0.189069 0.124053 0.150832 
Attenuation_Median
59.743137 60.404417 63.820992 80.466909 
Attenuation_Range
17.587346 19.554649 13.269754 6.919982 
Traveling_Speed_Mean
9.597787 4.378998 8.085545 0.041937 
Brush_Stroke_Median
0.233534 0.123962 0.167405 0.027167 
Brush_Stroke_Range
0.047754 0.033815 0.041956 0.001307 
Activity_Index_Median
229.392982 117.727040 195.983108 7.915577 
Activity_Index_Range
150.153276 85.322409 56.577006 0.499916 
Wave_Initiation_Rate_10
36.957174 23.265818 66.379607 5.475662 
Body_Wave_Number_10
0.318813 0.325356 0.611308 1.934260 
Asymmetry_10
-0.031625 -0.082134 -0.001795 0.042960 
Stretch_10
0.424222 0.367885 0.440812 0.327184 
Attenuation_10
51.043212 51.528477 56.854396 76.737032 
Brush_Stroke_10
0.212295 0.107208 0.149552 0.026836 
Activity_Index_10
100.963846 54.826876 169.854826 7.531120 
usability
0.992647 0.998162 1.000000 0.878676 
status
valid
valid
valid
valid
highThr
67.000000 71.000000 61.000000 66.000000 
lowThr
44.000000 47.000000 46.000000 43.000000 
prevThr
25.000000 25.000000 25.000000 90.000000 
highThrDef
67.000000 71.000000 61.000000 66.000000 
lowThrDef
44.000000 47.000000 46.000000 37.000000 
prevThrDef
25.000000 25.000000 25.000000 25.000000 
manualSeparators



23   24   21   22   63   64   85   86  105  106  143  144  154  155  203  204  205  322  323  366  367
separators
1  323  324  479  481  482  486  487  488  545
1    3    4  245  246  293  294  383  384  545
1  170  171  406  407  545
1    2    3    6    7    8    9   21   22   23   24   42   44   48   49   62   63   64   81   82   83   85   86  102  104  105  106  121  122  123  124  142  143  144  154  155  156  162  164  165  182  184  185  201  203  204  205  221  224  241  242  263  265  322  323  324  366  367  368  382  384  403  406  481  482  545
