fields 34
worms 5
Wave_Initiation_Rate_Median
67.288541 7.531181 67.296142 10.211576 66.925953 
Wave_Initiation_Rate_Range
14.004791 3.866590 22.239279 10.621155 54.396007 
Body_Wave_Number_Median
0.601406 1.738158 0.820312 1.585035 0.932224 
Body_Wave_Number_Range
0.362124 0.413924 0.425519 0.812496 0.675975 
Asymmetry_Median
-0.027641 0.078867 -0.016653 -0.171839 0.009378 
Asymmetry_Range
0.085459 0.230327 0.091954 0.292876 0.147560 
Reverse_Swimming
0.000000 2.142857 0.000000 0.055607 0.000000 
Curling
0.000000 2.937853 0.000000 20.988593 1.420118 
Stretch_Median
0.439709 0.555846 0.392457 0.615873 0.437682 
Stretch_Range
0.214353 0.317690 0.152734 0.260237 0.224658 
Attenuation_Median
72.342262 37.143976 44.388499 52.465277 60.820790 
Attenuation_Range
18.232482 51.977579 31.125804 60.089440 23.959123 
Traveling_Speed_Mean
7.131124 1.887877 6.847981 1.142710 3.355017 
Brush_Stroke_Median
0.147048 0.050303 0.150961 0.051978 0.064086 
Brush_Stroke_Range
0.042444 0.023489 0.060281 0.020172 0.024208 
Activity_Index_Median
184.285709 19.467233 158.541582 25.658137 205.885834 
Activity_Index_Range
69.881450 15.417100 81.916284 30.612896 243.938992 
Wave_Initiation_Rate_10
54.289254 6.638671 53.299649 8.749092 13.656722 
Body_Wave_Number_10
0.371740 1.467124 0.648520 1.166426 0.624875 
Asymmetry_10
-0.055892 -0.048870 -0.053915 -0.265734 -0.026703 
Stretch_10
0.353826 0.402194 0.299737 0.484597 0.356694 
Attenuation_10
62.395724 10.049316 33.845476 10.106692 53.365368 
Brush_Stroke_10
0.129364 0.036014 0.127018 0.041736 0.060423 
Activity_Index_10
152.287114 13.148957 120.896404 17.296354 42.211217 
usability
1.000000 0.976103 0.976103 0.966912 0.621324 
status
valid
valid
valid
valid
valid
highThr
72.000000 71.000000 67.000000 75.000000 98.000000 
lowThr
52.000000 51.000000 49.000000 46.000000 47.000000 
prevThr
25.000000 25.000000 25.000000 25.000000 25.000000 
highThrDef
72.000000 71.000000 67.000000 75.000000 98.000000 
lowThrDef
52.000000 51.000000 49.000000 43.000000 20.000000 
prevThrDef
25.000000 25.000000 25.000000 25.000000 25.000000 
manualSeparators

462  463
508
21   22  122  123  197  474  475  473
42
separators
1  260  262  318  322  325  326  545
1  421  422  461  462  463  482  483  485  486  495  496  545
1   33   36   37   38  348  349  508  510  521  522  545
1    5   21   22   23   34   35   37   38   44   45   57   58   63   64   65   66   81   82   83   84  102  103  121  122  123  149  150  197  201  202  203  204  473  474  475  476  493  494  545
1   14   21   42   50   55   56   60   61   64   68  101  102  104  105  109  110  123  124  129  241  242  314  315  545
