fields 34
worms 5
Wave_Initiation_Rate_Median
68.439829 68.560952 66.753349 62.050030 50.815045 
Wave_Initiation_Rate_Range
2.188336 39.893282 18.205668 34.255497 38.767080 
Body_Wave_Number_Median
0.676055 0.725525 0.682628 0.555192 0.678973 
Body_Wave_Number_Range
0.323619 0.381080 0.346669 0.458737 0.585799 
Asymmetry_Median
-0.012811 -0.009421 -0.007793 -0.034351 -0.015192 
Asymmetry_Range
0.020527 0.139578 0.053535 0.083903 0.099748 
Reverse_Swimming
0.000000 0.000000 0.000000 0.000000 0.000000 
Curling
0.000000 0.000000 0.000000 0.000000 1.638655 
Stretch_Median
0.388599 0.435372 0.466092 0.472461 0.453256 
Stretch_Range
0.194147 0.287744 0.127785 0.263891 0.211749 
Attenuation_Median
71.073529 61.984054 60.249830 59.649300 63.699048 
Attenuation_Range
9.044550 19.888933 18.503292 14.817724 23.706815 
Traveling_Speed_Mean
6.363178 7.046359 9.105781 9.962908 1.573174 
Brush_Stroke_Median
0.052797 0.226047 0.172642 0.146369 0.132566 
Brush_Stroke_Range
0.009484 0.069169 0.050037 0.022432 0.065145 
Activity_Index_Median
185.045993 223.849004 171.107723 197.368551 138.510871 
Activity_Index_Range
34.214133 153.653945 67.518963 123.358004 152.001106 
Wave_Initiation_Rate_10
67.808391 34.297250 49.773094 33.337851 26.348639 
Body_Wave_Number_10
0.554234 0.451552 0.531937 0.269125 0.463747 
Asymmetry_10
-0.022828 -0.111968 -0.027321 -0.079607 -0.044259 
Stretch_10
0.318712 0.327062 0.422101 0.379986 0.391230 
Attenuation_10
65.971191 53.544019 52.622328 52.212937 53.777839 
Brush_Stroke_10
0.048335 0.201386 0.147888 0.137484 0.115803 
Activity_Index_10
166.080251 114.000679 130.466006 104.054588 18.991650 
usability
0.816176 0.806985 0.974265 1.000000 0.875000 
status
valid
valid
valid
valid
valid
highThr
77.000000 77.000000 74.000000 73.000000 63.000000 
lowThr
58.000000 39.000000 55.000000 57.000000 50.000000 
prevThr
25.000000 25.000000 25.000000 25.000000 25.000000 
highThrDef
77.000000 77.000000 74.000000 73.000000 63.000000 
lowThrDef
58.000000 39.000000 55.000000 57.000000 42.000000 
prevThrDef
25.000000 25.000000 25.000000 25.000000 25.000000 
manualSeparators
104  105  261  262  267  268  474  475
393  394
283  284  286  287  458  459


separators
1   98  104  105  107  111  115  116  117  119  120  122  123  258  259  261  262  267  268  301  303  315  317  356  359  380  381  382  383  393  395  396  397  398  399  402  403  404  408  409  415  421  429  431  436  441  442  474  475  484  521  522  545
1  110  111  356  359  380  381  382  383  393  394  395  396  397  398  399  402  403  404  415  421  422  429  431  436  441  442  484  485  501  505  521  522  545
1   98  107  111  115  116  117  119  120  122  123  283  284  286  287  316  318  458  459  461  465  545
1  303  304  526  530  545
1   27   28   48   49   73   75   77   79   82   83   84   85   91   92   94   95   99  100  114  115  116  117  127  129  144  145  150  153  169  171  184  185  199  201  215  221  224  225  229  231  232  234  279  280  296  297  310  311  337  341  342  346  360  361  362  378  382  383  391  393  397  401  422  425  426  431  432  433  438  439  440  441  464  465  479  480  489  493  545
