fields 34
worms 5
Wave_Initiation_Rate_Median
19.725232 56.181339 66.996852 66.803055 83.969938 
Wave_Initiation_Rate_Range
20.351441 32.214999 51.747344 61.159600 38.365627 
Body_Wave_Number_Median
1.191288 0.704949 0.584072 0.684133 0.514903 
Body_Wave_Number_Range
1.278747 0.736692 0.742370 0.418402 0.288963 
Asymmetry_Median
-0.024982 -0.000042 -0.034066 -0.023164 -0.002978 
Asymmetry_Range
0.182942 0.105905 0.128380 0.122717 0.111506 
Reverse_Swimming
15.418327 1.048758 0.000000 0.000000 4.967801 
Curling
0.000000 1.787709 1.441774 0.000000 0.000000 
Stretch_Median
0.573377 0.515974 0.494406 0.344105 0.393007 
Stretch_Range
0.314466 0.229270 0.318842 0.397500 0.182095 
Attenuation_Median
63.610267 57.036084 64.527367 68.118944 64.031299 
Attenuation_Range
33.578757 32.943847 22.526997 20.900010 24.680060 
Traveling_Speed_Mean
1.972344 3.701305 6.771146 5.336358 9.376922 
Brush_Stroke_Median
0.078694 0.125240 0.203127 0.230573 0.118472 
Brush_Stroke_Range
0.031327 0.041750 0.131429 0.087849 0.040737 
Activity_Index_Median
60.278781 138.911047 213.320459 231.671044 232.943444 
Activity_Index_Range
69.313708 61.799627 208.226681 176.763451 185.753225 
Wave_Initiation_Rate_10
11.660392 34.782267 20.107681 32.852586 63.499310 
Body_Wave_Number_10
0.224864 0.231604 0.360470 0.493462 0.344422 
Asymmetry_10
-0.098099 -0.030377 -0.117393 -0.077047 -0.068706 
Stretch_10
0.445327 0.421726 0.379248 0.256078 0.308240 
Attenuation_10
52.332150 32.311645 50.062171 56.409761 48.318386 
Brush_Stroke_10
0.062163 0.108312 0.153050 0.193038 0.100520 
Activity_Index_10
31.486956 101.079740 68.809187 128.192162 155.877825 
usability
0.987132 0.987132 0.994485 0.998162 0.990809 
status
valid
valid
valid
valid
valid
highThr
73.000000 59.000000 64.000000 67.000000 63.000000 
lowThr
48.000000 43.000000 43.000000 45.000000 43.000000 
prevThr
25.000000 25.000000 25.000000 25.000000 25.000000 
highThrDef
73.000000 59.000000 64.000000 67.000000 63.000000 
lowThrDef
48.000000 43.000000 43.000000 45.000000 43.000000 
prevThrDef
25.000000 25.000000 25.000000 25.000000 25.000000 
manualSeparators





separators
1  247  248  249  253  542  543  544  545
1    4    5  122  123  269  270  282  283  296  297  313  314  537  538  545
1  105  106  362  363  466  467  545
1  493  494  545
1  269  270  282  283  403  406  545
