fields 34
worms 5
Wave_Initiation_Rate_Median
7.400018 5.725119 6.415476 7.239373 6.348812 
Wave_Initiation_Rate_Range
4.752878 1.014006 1.044453 3.048357 3.262292 
Body_Wave_Number_Median
1.723637 1.854944 2.556181 1.834793 1.896789 
Body_Wave_Number_Range
0.682928 0.408827 0.731934 0.414735 0.312206 
Asymmetry_Median
-0.002427 0.060860 -0.026864 0.022593 -0.041262 
Asymmetry_Range
0.154581 0.009260 0.024634 0.168582 0.049620 
Reverse_Swimming
0.000000 0.000000 0.000000 0.000000 0.000000 
Curling
0.000000 0.000000 0.000000 5.046729 0.000000 
Stretch_Median
0.440127 0.282778 0.372418 0.500193 0.377958 
Stretch_Range
0.224852 0.119269 0.119705 0.174698 0.194566 
Attenuation_Median
68.466530 65.876051 59.560035 67.023722 78.282095 
Attenuation_Range
19.735057 26.698670 19.567602 30.013717 11.395724 
Traveling_Speed_Mean
0.656950 0.423381 0.608502 0.166827 0.992239 
Brush_Stroke_Median
0.033080 0.026725 0.027552 0.030837 0.031437 
Brush_Stroke_Range
0.008941 0.001584 0.001803 0.004651 0.006774 
Activity_Index_Median
12.585705 7.562487 8.700091 9.979212 10.028068 
Activity_Index_Range
10.647105 1.632294 1.418815 4.239411 6.893690 
Wave_Initiation_Rate_10
5.646596 5.469825 5.908615 5.971635 5.807596 
Body_Wave_Number_10
1.239839 1.613725 2.274879 1.523649 1.627903 
Asymmetry_10
-0.115375 0.056451 -0.034975 -0.040340 -0.057278 
Stretch_10
0.356328 0.236173 0.312276 0.388657 0.304789 
Attenuation_10
57.573757 47.073926 48.828900 47.377162 72.027827 
Brush_Stroke_10
0.028762 0.026008 0.026342 0.028886 0.029128 
Activity_Index_10
8.280636 7.122846 8.062642 8.759703 8.561412 
usability
1.000000 1.000000 1.000000 0.590074 1.000000 
status
valid
valid
valid
valid
valid
highThr
37.000000 45.000000 46.000000 37.000000 52.000000 
lowThr
19.000000 29.000000 31.000000 24.000000 36.000000 
prevThr
25.000000 25.000000 25.000000 25.000000 25.000000 
highThrDef
37.000000 45.000000 45.000000 37.000000 51.000000 
lowThrDef
20.000000 32.000000 32.000000 22.000000 36.000000 
prevThrDef
25.000000 25.000000 25.000000 25.000000 25.000000 
manualSeparators





separators
1  364  365  437  438  545
1  545
1   41   42  545
1  209  210  211  233  234  265  266  269  270  303  304  305  306  307  308  309  311  312  313  315  330  331  335  521  545
1   47   51  545
