fields 34
worms 5
Wave_Initiation_Rate_Median
103.598317 80.683447 34.759627 70.955366 12.144133 
Wave_Initiation_Rate_Range
98.659115 82.708331 41.575914 67.048062 12.937269 
Body_Wave_Number_Median
0.585733 0.613178 0.833009 0.521302 1.319169 
Body_Wave_Number_Range
0.449500 0.533397 0.826865 0.544367 0.622726 
Asymmetry_Median
0.007141 -0.004169 0.001399 -0.004310 0.039496 
Asymmetry_Range
0.067349 0.130226 0.126241 0.059859 0.213599 
Reverse_Swimming
9.125000 16.448942 7.065317 4.764890 1.431981 
Curling
1.878669 4.572491 0.112360 0.000000 4.889868 
Stretch_Median
0.320568 0.403044 0.546482 0.345709 0.612087 
Stretch_Range
0.440773 0.407314 0.298942 0.259491 0.143024 
Attenuation_Median
57.431902 61.772643 59.668969 59.013856 60.361627 
Attenuation_Range
36.041103 37.979490 26.428907 26.933195 27.608650 
Traveling_Speed_Mean
8.417228 7.270913 3.188207 10.122221 1.226233 
Brush_Stroke_Median
0.399889 0.286491 0.169081 0.208650 0.050092 
Brush_Stroke_Range
0.153113 0.167457 0.087900 0.032293 0.022046 
Activity_Index_Median
412.130258 247.000829 112.079960 188.739619 36.014381 
Activity_Index_Range
396.789072 311.033007 111.826433 149.733829 36.221335 
Wave_Initiation_Rate_10
33.034089 23.161283 16.782724 49.770512 9.079852 
Body_Wave_Number_10
0.285259 0.202371 0.342865 0.214731 0.956994 
Asymmetry_10
-0.030264 -0.083954 -0.100666 -0.035350 -0.033680 
Stretch_10
0.248923 0.300354 0.397282 0.266569 0.553877 
Attenuation_10
35.905392 39.149095 46.160346 46.202497 43.968349 
Brush_Stroke_10
0.281208 0.209136 0.134764 0.191765 0.041551 
Activity_Index_10
91.592652 71.383782 41.872166 141.516850 21.816443 
usability
0.939338 0.988971 0.981618 0.950368 0.834559 
status
valid
valid
valid
valid
valid
highThr
65.000000 68.000000 67.000000 66.000000 62.000000 
lowThr
42.000000 40.000000 31.000000 27.000000 41.000000 
prevThr
25.000000 25.000000 25.000000 25.000000 25.000000 
highThrDef
65.000000 68.000000 67.000000 66.000000 62.000000 
lowThrDef
42.000000 40.000000 31.000000 27.000000 41.000000 
prevThrDef
25.000000 25.000000 25.000000 25.000000 25.000000 
manualSeparators





separators
1   77   78  108  112  113  171  172  202  206  515  516  517  522  528  533  534  541  542  543  545
1   70   71  171  172  207  208  280  281  299  300  524  525  545
1  393  399  400  401  403  404  414  415  545
1  310  322  333  334  362  363  364  365  545
1   61   62  106  107  142  143  313  314  515  517  520  521  522  531  532  534  545
