fields 34
worms 5
Wave_Initiation_Rate_Median
7.248934 18.427807 31.493978 NaN 6.646943 
Wave_Initiation_Rate_Range
3.283349 24.637556 22.625803 NaN 2.076187 
Body_Wave_Number_Median
1.812278 1.165012 0.766059 NaN 1.837090 
Body_Wave_Number_Range
0.349236 0.792855 1.021905 NaN 0.278656 
Asymmetry_Median
0.056100 -0.060376 -0.077273 NaN 0.040519 
Asymmetry_Range
0.097629 0.251514 0.220917 NaN 0.149087 
Reverse_Swimming
0.000000 0.000000 11.205152 NaN 0.000000 
Curling
0.000000 2.037736 10.018975 NaN 0.000000 
Stretch_Median
0.343776 0.570674 0.669823 NaN 0.344467 
Stretch_Range
0.162554 0.183434 0.254387 NaN 0.243089 
Attenuation_Median
73.886243 51.840712 39.633533 NaN 69.665237 
Attenuation_Range
20.281774 41.087860 26.696804 NaN 13.876349 
Traveling_Speed_Mean
0.767618 2.459471 2.824977 NaN 0.920876 
Brush_Stroke_Median
0.035297 0.055558 0.117928 NaN 0.029878 
Brush_Stroke_Range
0.011633 0.023531 0.059532 NaN 0.006518 
Activity_Index_Median
12.316343 61.603523 92.162567 NaN 10.029730 
Activity_Index_Range
10.046692 90.557696 101.733707 NaN 4.912113 
Wave_Initiation_Rate_10
5.930319 10.129887 15.198291 NaN 6.235688 
Body_Wave_Number_10
1.605225 0.774684 0.110702 NaN 1.646016 
Asymmetry_10
0.016880 -0.182414 -0.184634 NaN -0.021323 
Stretch_10
0.254815 0.492206 0.598651 NaN 0.275785 
Attenuation_10
62.955486 30.883433 21.908305 NaN 65.380881 
Brush_Stroke_10
0.029775 0.047927 0.087205 NaN 0.027987 
Activity_Index_10
9.561308 26.451454 38.367449 NaN 9.067604 
usability
1.000000 0.974265 0.968750 0.996324 1.000000 
status
valid
valid
valid
rejected
valid
highThr
78.000000 66.000000 64.000000 67.000000 66.000000 
lowThr
61.000000 47.000000 47.000000 36.000000 45.000000 
prevThr
25.000000 25.000000 25.000000 25.000000 25.000000 
highThrDef
74.000000 66.000000 64.000000 67.000000 62.000000 
lowThrDef
61.000000 47.000000 47.000000 36.000000 47.000000 
prevThrDef
25.000000 25.000000 25.000000 25.000000 25.000000 
manualSeparators

506  507
294  295  317  318  527
208  209

separators
1  545
1  161  162  182  185  186  192  493  494  503  504  505  506  507  545
1   54   55  139  140  231  232  294  295  301  302  317  318  319  336  337  488  489  509  510  527  532  533  545
1  181  201  207  208  209  241  242  545
1  545
