fields 34
worms 6
Wave_Initiation_Rate_Median
88.675314 113.010727 83.417535 107.338881 119.542392 NaN 
Wave_Initiation_Rate_Range
69.059601 81.784706 52.990120 85.216394 74.004554 NaN 
Body_Wave_Number_Median
0.484436 0.623278 0.517784 0.403842 0.640591 NaN 
Body_Wave_Number_Range
0.552271 0.478398 0.496987 0.421463 0.529978 NaN 
Asymmetry_Median
0.008662 0.000352 0.006508 0.002801 0.007032 NaN 
Asymmetry_Range
0.079029 0.116358 0.092818 0.111524 0.055428 NaN 
Reverse_Swimming
0.000000 3.091076 1.661538 9.273229 2.318307 NaN 
Curling
0.114286 1.240602 0.916031 0.783582 0.447761 NaN 
Stretch_Median
0.349767 0.411676 0.428462 0.341684 0.345391 NaN 
Stretch_Range
0.229853 0.252845 0.275043 0.235476 0.200339 NaN 
Attenuation_Median
61.882775 58.256266 53.049498 68.034049 63.332990 NaN 
Attenuation_Range
26.658010 23.583370 19.782020 31.785370 23.144078 NaN 
Traveling_Speed_Mean
7.118955 9.086130 6.503843 8.685420 9.806855 NaN 
Brush_Stroke_Median
0.270656 0.323976 0.230047 0.240143 0.260730 NaN 
Brush_Stroke_Range
0.138190 0.083369 0.095772 0.087548 0.072082 NaN 
Activity_Index_Median
232.855466 291.755473 233.152472 251.084519 279.212035 NaN 
Activity_Index_Range
280.446890 228.042086 176.046971 211.139111 183.247322 NaN 
Wave_Initiation_Rate_10
33.129009 39.806196 49.175016 48.118554 60.831176 NaN 
Body_Wave_Number_10
0.134126 0.250386 0.211469 0.160439 0.270690 NaN 
Asymmetry_10
-0.023234 -0.030833 -0.052322 -0.026261 -0.021154 NaN 
Stretch_10
0.263645 0.349136 0.352259 0.266837 0.270973 NaN 
Attenuation_10
44.223913 45.129137 42.454503 48.175071 52.352698 NaN 
Brush_Stroke_10
0.212973 0.295362 0.187783 0.196723 0.215003 NaN 
Activity_Index_10
78.501977 116.718837 125.007779 118.192047 146.703990 NaN 
usability
0.965074 0.977941 0.963235 0.985294 0.985294 0.000000 
status
valid
valid
valid
valid
valid
rejected
highThr
61.000000 59.000000 59.000000 58.000000 58.000000 NaN 
lowThr
9.000000 43.000000 37.000000 39.000000 35.000000 0.000000 
prevThr
25.000000 25.000000 25.000000 25.000000 25.000000 25.000000 
highThrDef
61.000000 59.000000 59.000000 58.000000 58.000000 NaN 
lowThrDef
9.000000 43.000000 37.000000 39.000000 35.000000 0.000000 
prevThrDef
25.000000 25.000000 25.000000 25.000000 25.000000 25.000000 
manualSeparators






separators
1   10   11   14   15  166  167  177  178  181  182  184  185  190  191  195  196  198  199  205  206  209  210  212  213  221  222  408  409  458  459  484  485  487  488  489  490  497  498  545
1    8    9  139  140  141  164  165  177  178  308  309  324  325  327  328  366  367  400  401  437  438  442  443  545
1   13   14  157  158  274  275  276  277  324  325  467  481  482  545
1   48   49   83   84  159  160  206  208  216  217  342  343  412  413  545
1   19   20  249  250  253  254  351  352  431  432  483  485  536  537  545
1  545
