fields 34
worms 4
Wave_Initiation_Rate_Median
NaN 118.501595 118.054927 110.864202 
Wave_Initiation_Rate_Range
NaN 52.538077 99.219709 84.873304 
Body_Wave_Number_Median
NaN 0.523423 0.447454 0.542134 
Body_Wave_Number_Range
NaN 0.176237 0.361586 0.427620 
Asymmetry_Median
NaN -0.001504 0.002154 0.002292 
Asymmetry_Range
NaN 0.056095 0.132619 0.118068 
Reverse_Swimming
NaN 0.000000 0.000000 0.000000 
Curling
NaN 0.451977 2.555556 1.327968 
Stretch_Median
NaN 0.365034 0.356427 0.367016 
Stretch_Range
NaN 0.149652 0.316649 0.226812 
Attenuation_Median
NaN 69.883967 61.658156 64.209034 
Attenuation_Range
NaN 18.158342 29.226351 23.133269 
Traveling_Speed_Mean
NaN 11.528237 12.208429 7.243185 
Brush_Stroke_Median
NaN 0.048170 0.232576 0.259652 
Brush_Stroke_Range
NaN 0.043073 0.050120 0.194558 
Activity_Index_Median
NaN 276.877581 268.338981 260.198867 
Activity_Index_Range
NaN 204.642629 239.784095 284.055957 
Wave_Initiation_Rate_10
NaN 81.755113 32.614593 35.221912 
Body_Wave_Number_10
NaN 0.407908 0.216713 0.262455 
Asymmetry_10
NaN -0.047142 -0.115422 -0.101469 
Stretch_10
NaN 0.309948 0.281654 0.312173 
Attenuation_10
NaN 60.231745 44.762510 50.725415 
Brush_Stroke_10
NaN 0.044160 0.209059 0.234173 
Activity_Index_10
NaN 240.418401 74.974150 149.268769 
usability
0.000000 0.976103 0.992647 0.913603 
status
rejected
valid
valid
valid
highThr
60.000000 53.000000 47.000000 50.000000 
lowThr
29.000000 34.000000 29.000000 32.000000 
prevThr
25.000000 25.000000 25.000000 25.000000 
highThrDef
60.000000 53.000000 47.000000 50.000000 
lowThrDef
29.000000 34.000000 29.000000 32.000000 
prevThrDef
25.000000 25.000000 25.000000 25.000000 
manualSeparators




separators
1   26   27   50   51   60   61   80   81   93   98  164  165  171  172  187  188  194  195  196  197  201  202  229  230  269  270  298  299  314  361  362  381  382  545
1   82   83  189  191  192  193  201  366  367  374  375  458  459  545
1  130  131  138  139  186  187  198  199  342  343  344  424  425  433  434  545
1   41   42  147  148  293  294  295  296  301  302  441  442  443  545
