fields 34
worms 6
Wave_Initiation_Rate_Median
34.035535 66.288474 29.447499 33.945221 NaN 59.028221 
Wave_Initiation_Rate_Range
50.345992 34.915566 50.241206 27.908756 NaN 18.815189 
Body_Wave_Number_Median
0.686523 0.589465 0.696235 0.588719 NaN 0.673585 
Body_Wave_Number_Range
0.892777 0.699929 1.028849 0.492165 NaN 0.357293 
Asymmetry_Median
0.022794 0.038419 -0.071732 0.014786 NaN 0.010823 
Asymmetry_Range
0.220657 0.123014 0.135646 0.123173 NaN 0.058279 
Reverse_Swimming
0.000000 1.288591 10.653174 0.000000 NaN 0.000000 
Curling
2.355140 0.000000 0.111317 0.000000 NaN 0.000000 
Stretch_Median
0.603616 0.433965 0.582479 0.587106 NaN 0.440851 
Stretch_Range
0.366599 0.323869 0.195540 0.160429 NaN 0.154555 
Attenuation_Median
57.715547 65.277240 55.826515 71.069430 NaN 69.253511 
Attenuation_Range
16.548509 17.193390 33.523876 16.505325 NaN 13.811492 
Traveling_Speed_Mean
5.141862 2.222730 5.519225 3.970320 NaN 6.155714 
Brush_Stroke_Median
0.105847 0.215053 0.103234 0.112199 NaN 0.191486 
Brush_Stroke_Range
0.076582 0.212686 0.037293 0.083886 NaN 0.084422 
Activity_Index_Median
145.508771 303.535566 101.271935 119.463014 NaN 220.593794 
Activity_Index_Range
169.551860 205.688757 159.735332 110.002346 NaN 100.280746 
Wave_Initiation_Rate_10
15.738553 33.276245 15.906037 20.835709 NaN 49.162076 
Body_Wave_Number_10
0.134256 0.384339 0.100300 0.327682 NaN 0.421543 
Asymmetry_10
-0.062597 -0.027481 -0.110519 -0.045150 NaN -0.008789 
Stretch_10
0.390201 0.292117 0.450397 0.508845 NaN 0.352280 
Attenuation_10
49.489815 57.822109 33.851395 62.234585 NaN 60.663923 
Brush_Stroke_10
0.075576 0.140465 0.088469 0.091904 NaN 0.149759 
Activity_Index_10
68.347561 157.267833 56.618537 76.767931 NaN 167.529082 
usability
0.983456 0.806985 0.990809 0.992647 0.000000 0.775735 
status
valid
valid
valid
valid
rejected
valid
highThr
71.000000 81.000000 64.000000 60.000000 96.000000 70.000000 
lowThr
38.000000 37.000000 42.000000 41.000000 40.000000 33.000000 
prevThr
25.000000 25.000000 25.000000 25.000000 25.000000 25.000000 
highThrDef
71.000000 81.000000 64.000000 60.000000 96.000000 70.000000 
lowThrDef
38.000000 37.000000 42.000000 41.000000 34.000000 33.000000 
prevThrDef
25.000000 25.000000 25.000000 25.000000 25.000000 25.000000 
manualSeparators

165  204




separators
1   18   19  289  290  336  341  393  394  466  467  545
1   61   85   86   88  121  128  129  130  131  165  181  182  204  212  213  214  215  247  249  250  251  262  264  300  302  319  320  332  334  345  348  507  508  522  523  545
1  136  138  139  141  258  259  545
1   19   20   22   23  158  159  371  372  545
1   41   42   61   62   63   64   85   86   88   90   91  121  545
1  101  102  141  161  423  424  545
