fields 34
worms 5
Wave_Initiation_Rate_Median
108.323016 149.500931 110.328692 153.167694 168.635680 
Wave_Initiation_Rate_Range
107.411913 18.696925 136.700307 102.753681 121.601829 
Body_Wave_Number_Median
0.443312 0.448578 0.372729 0.544673 0.506230 
Body_Wave_Number_Range
0.394429 0.290135 0.447341 0.585318 0.359532 
Asymmetry_Median
0.004930 -0.000311 0.003272 0.005190 0.011595 
Asymmetry_Range
0.111776 0.029679 0.138394 0.052507 0.070718 
Reverse_Swimming
7.111554 0.136209 5.022999 0.000000 0.000000 
Curling
2.801556 0.607287 2.000000 0.000000 0.478088 
Stretch_Median
0.468343 0.311097 0.371630 0.335842 0.302292 
Stretch_Range
0.317633 0.128119 0.293212 0.124230 0.212196 
Attenuation_Median
69.124450 71.397767 69.650001 66.794584 73.967112 
Attenuation_Range
59.764400 16.804628 46.948527 29.223447 24.451991 
Traveling_Speed_Mean
11.843514 10.482289 14.224358 10.290658 19.166877 
Brush_Stroke_Median
0.139428 0.371749 0.098284 0.053587 0.412837 
Brush_Stroke_Range
0.125685 0.298259 0.060998 0.024526 0.298486 
Activity_Index_Median
292.036296 390.749045 369.117736 415.291855 407.090969 
Activity_Index_Range
512.832198 275.498625 534.767301 365.877621 475.602235 
Wave_Initiation_Rate_10
46.122762 135.561473 33.283354 66.240092 48.217740 
Body_Wave_Number_10
0.178696 0.368201 0.082552 0.399516 0.274886 
Asymmetry_10
-0.066471 -0.013320 -0.102667 -0.016035 -0.000144 
Stretch_10
0.356216 0.264670 0.254303 0.284746 0.249256 
Attenuation_10
19.186229 61.773004 35.054370 48.445785 57.080305 
Brush_Stroke_10
0.111020 0.348958 0.082712 0.047000 0.370801 
Activity_Index_10
136.027746 360.305919 71.316823 169.094974 130.896426 
usability
0.944853 0.908088 0.992647 0.965074 0.922794 
status
valid
valid
valid
valid
valid
highThr
55.000000 56.000000 62.000000 60.000000 63.000000 
lowThr
35.000000 32.000000 36.000000 30.000000 32.000000 
prevThr
25.000000 25.000000 10.000000 10.000000 10.000000 
highThrDef
55.000000 56.000000 62.000000 60.000000 63.000000 
lowThrDef
35.000000 32.000000 36.000000 30.000000 31.000000 
prevThrDef
25.000000 25.000000 25.000000 25.000000 25.000000 
manualSeparators

48

271

separators
1   13   14   28   29   35   36   68   70  181  183  196  197  222  223  247  248  249  262  263  264  265  275  276  284  285  324  325  333  334  371  372  475  476  479  480  488  490  491  492  495  496  503  504  510  511  517  518  530  531  544  545
1    7    8   24   25   48   68   69   73   74   87   88  107  110  111  276  277  312  313  545
1  211  212  245  246  303  304  485  486  545
1  143  144  271  283  284  364  365  461  462  475  476  482  483  484  545
1   62   63  162  181  211  212  501  504  521  522  545
