fields 34
worms 4
Wave_Initiation_Rate_Median
6.804338 7.226581 7.250223 8.205294 
Wave_Initiation_Rate_Range
2.445863 2.145778 6.169547 2.999153 
Body_Wave_Number_Median
1.898380 1.850982 2.269658 1.740461 
Body_Wave_Number_Range
0.133678 0.179643 1.095109 0.286127 
Asymmetry_Median
-0.048027 0.019074 -0.002707 -0.033214 
Asymmetry_Range
0.015356 0.014062 0.008412 0.014248 
Reverse_Swimming
0.000000 0.000000 0.000000 0.000000 
Curling
0.000000 0.000000 0.000000 0.000000 
Stretch_Median
0.264197 0.301461 0.294462 0.473455 
Stretch_Range
0.137936 0.110237 0.115193 0.093553 
Attenuation_Median
53.612169 64.643524 59.794456 80.221184 
Attenuation_Range
31.174240 10.694752 23.923980 8.384035 
Traveling_Speed_Mean
0.424535 0.550105 1.126920 0.440878 
Brush_Stroke_Median
0.027498 0.027815 0.027924 0.027412 
Brush_Stroke_Range
0.004269 0.001241 0.001985 0.002124 
Activity_Index_Median
9.312457 9.855413 9.960800 11.894838 
Activity_Index_Range
3.790869 2.975055 14.211571 3.644492 
Wave_Initiation_Rate_10
6.090786 5.807651 6.687727 6.978519 
Body_Wave_Number_10
1.813446 1.757987 1.805027 1.587402 
Asymmetry_10
-0.057583 0.011036 -0.007856 -0.041935 
Stretch_10
0.219271 0.261416 0.232242 0.413902 
Attenuation_10
33.617196 59.810294 47.801934 76.448575 
Brush_Stroke_10
0.026564 0.027127 0.027050 0.026672 
Activity_Index_10
8.240309 8.125730 9.161079 10.171265 
usability
0.972426 1.000000 1.000000 0.998162 
status
valid
valid
valid
valid
highThr
36.000000 50.000000 50.000000 44.000000 
lowThr
23.000000 36.000000 27.000000 32.000000 
prevThr
25.000000 25.000000 25.000000 25.000000 
highThrDef
36.000000 49.000000 50.000000 44.000000 
lowThrDef
23.000000 37.000000 27.000000 32.000000 
prevThrDef
25.000000 25.000000 25.000000 25.000000 
manualSeparators




separators
1    4    8   10   19   20   21   29   30  545
1  545
1  545
1  361  362  545
