fields 34
worms 5
Wave_Initiation_Rate_Median
151.861990 66.762976 135.936989 137.084013 137.268039 
Wave_Initiation_Rate_Range
134.380772 65.268882 80.131346 16.953601 82.993645 
Body_Wave_Number_Median
0.572748 0.591926 0.640923 0.659045 0.494990 
Body_Wave_Number_Range
0.559901 0.608173 0.446527 0.225145 0.275545 
Asymmetry_Median
0.011370 -0.013649 0.004304 -0.013176 0.007454 
Asymmetry_Range
0.116007 0.127514 0.068311 0.030438 0.078352 
Reverse_Swimming
0.000000 0.000000 1.324747 0.000000 0.000000 
Curling
1.452514 0.554529 0.000000 0.000000 0.221402 
Stretch_Median
0.355300 0.528727 0.341316 0.309345 0.362803 
Stretch_Range
0.467229 0.251628 0.172152 0.155867 0.198879 
Attenuation_Median
76.474235 75.508172 75.041497 74.221824 74.203966 
Attenuation_Range
18.371607 22.338521 16.899076 14.244815 15.903970 
Traveling_Speed_Mean
12.829438 6.716435 11.062559 15.513346 9.724018 
Brush_Stroke_Median
0.340903 0.192807 0.131175 0.289306 0.281460 
Brush_Stroke_Range
0.298535 0.047339 0.065181 0.036768 0.056331 
Activity_Index_Median
359.913629 216.075722 319.025024 328.991634 318.374110 
Activity_Index_Range
539.909260 194.071971 222.772496 72.483099 154.205226 
Wave_Initiation_Rate_10
33.597777 35.640126 72.187496 135.060010 69.668083 
Body_Wave_Number_10
0.266702 0.491039 0.379949 0.508252 0.363220 
Asymmetry_10
-0.022124 -0.080886 -0.030349 -0.030182 -0.013460 
Stretch_10
0.260771 0.433372 0.273700 0.266466 0.302567 
Attenuation_10
68.122150 61.880982 67.378290 66.582453 66.060809 
Brush_Stroke_10
0.301949 0.169406 0.109752 0.273388 0.258021 
Activity_Index_10
95.042347 106.981724 200.112276 293.631048 186.665845 
usability
0.987132 0.994485 0.974265 0.990809 0.996324 
status
valid
valid
valid
valid
valid
highThr
69.000000 73.000000 67.000000 58.000000 63.000000 
lowThr
46.000000 50.000000 38.000000 44.000000 44.000000 
prevThr
25.000000 25.000000 25.000000 25.000000 25.000000 
highThrDef
69.000000 73.000000 67.000000 58.000000 63.000000 
lowThrDef
46.000000 50.000000 38.000000 44.000000 44.000000 
prevThrDef
25.000000 25.000000 25.000000 25.000000 25.000000 
manualSeparators





separators
1   18   19   61   62   87   88  265  266  364  365  412  413  492  493  545
1  170  171  225  227  545
1  256  257  420  421  446  452  453  454  455  464  467  545
1  180  181  202  203  232  233  292  293  300  301  545
1  164  165  280  281  545
