fields 34
worms 4
Wave_Initiation_Rate_Median
109.127070 102.547405 100.641026 104.995112 
Wave_Initiation_Rate_Range
47.911474 54.936197 59.838319 67.344207 
Body_Wave_Number_Median
0.354815 0.413858 0.365059 0.450956 
Body_Wave_Number_Range
0.354546 0.504442 0.251512 0.260752 
Asymmetry_Median
0.032798 -0.032184 0.042344 -0.004254 
Asymmetry_Range
0.100888 0.084895 0.102495 0.165235 
Reverse_Swimming
2.980681 0.000000 0.000000 0.000000 
Curling
0.111317 0.000000 0.000000 0.554273 
Stretch_Median
0.347443 0.413725 0.369287 0.358508 
Stretch_Range
0.182943 0.211022 0.163590 0.193025 
Attenuation_Median
64.797003 66.039237 57.292020 65.117715 
Attenuation_Range
18.982560 30.331775 23.028749 18.711565 
Traveling_Speed_Mean
12.888633 9.860536 7.439334 6.362705 
Brush_Stroke_Median
0.322262 0.328252 0.267345 0.305545 
Brush_Stroke_Range
0.050295 0.081834 0.059198 0.262786 
Activity_Index_Median
285.223828 271.496830 278.664050 267.786428 
Activity_Index_Range
120.778180 124.423669 166.505447 359.893634 
Wave_Initiation_Rate_10
87.293833 76.670729 75.466441 67.731475 
Body_Wave_Number_10
0.133520 0.187774 0.223714 0.351225 
Asymmetry_10
-0.014385 -0.083900 -0.017780 -0.116792 
Stretch_10
0.269072 0.342042 0.292821 0.274577 
Attenuation_10
55.016172 46.728477 46.100444 53.593224 
Brush_Stroke_10
0.300053 0.280493 0.245590 0.268860 
Activity_Index_10
234.901836 201.449077 196.335878 157.758850 
usability
0.990809 0.972426 0.990809 0.795956 
status
valid
valid
valid
valid
highThr
51.000000 59.000000 53.000000 55.000000 
lowThr
33.000000 35.000000 33.000000 33.000000 
prevThr
25.000000 25.000000 25.000000 25.000000 
highThrDef
51.000000 59.000000 53.000000 55.000000 
lowThrDef
33.000000 35.000000 33.000000 33.000000 
prevThrDef
25.000000 25.000000 25.000000 25.000000 
manualSeparators




separators
1  174  175  179  180  227  228  329  330  450  451  545
1  345  346  350  351  355  356  360  361  364  365  370  371  375  376  379  380  433  435  489  490  507  510  524  525  545
1   15   17  261  262  371  372  373  545
1  101  102  119  120  228  229  363  364  366  367  369  370  381  385  386  545
