fields 34
worms 7
Wave_Initiation_Rate_Median
64.797297 6.064024 81.619891 7.387181 NaN NaN NaN 
Wave_Initiation_Rate_Range
53.057186 1.254919 32.447784 5.138315 NaN NaN NaN 
Body_Wave_Number_Median
0.689910 1.919473 0.641143 1.723462 NaN NaN NaN 
Body_Wave_Number_Range
0.638479 0.074990 0.372756 0.612986 NaN NaN NaN 
Asymmetry_Median
0.005683 -0.036578 0.019796 -0.070259 NaN NaN NaN 
Asymmetry_Range
0.115755 0.057848 0.088464 0.222502 NaN NaN NaN 
Reverse_Swimming
0.000000 0.000000 4.526219 1.379945 NaN NaN NaN 
Curling
1.976744 0.000000 1.323529 0.220588 NaN NaN NaN 
Stretch_Median
0.488100 0.408563 0.433423 0.544052 NaN NaN NaN 
Stretch_Range
0.381174 0.124504 0.186288 0.329616 NaN NaN NaN 
Attenuation_Median
71.628444 67.057444 55.088581 73.665898 NaN NaN NaN 
Attenuation_Range
17.507512 24.597856 19.569871 68.724507 NaN NaN NaN 
Traveling_Speed_Mean
5.295417 0.380143 7.463068 1.319482 NaN NaN NaN 
Brush_Stroke_Median
0.095171 0.026443 0.169499 0.041760 NaN NaN NaN 
Brush_Stroke_Range
0.063779 0.008430 0.030916 0.021157 NaN NaN NaN 
Activity_Index_Median
169.812224 8.282473 216.419578 16.501659 NaN NaN NaN 
Activity_Index_Range
187.776898 3.630684 87.912511 19.350544 NaN NaN NaN 
Wave_Initiation_Rate_10
19.019043 5.650583 52.375583 6.490608 NaN NaN NaN 
Body_Wave_Number_10
0.471769 1.885687 0.401999 1.272952 NaN NaN NaN 
Asymmetry_10
-0.022936 -0.057750 0.005968 -0.179612 NaN NaN NaN 
Stretch_10
0.374660 0.323631 0.367587 0.351947 NaN NaN NaN 
Attenuation_10
61.082981 55.091613 44.931081 15.560316 NaN NaN NaN 
Brush_Stroke_10
0.053773 0.024761 0.158224 0.035907 NaN NaN NaN 
Activity_Index_10
97.729574 7.005610 143.335877 11.859407 NaN NaN NaN 
usability
0.948529 0.990809 1.000000 1.000000 0.038603 0.992647 0.189338 
status
valid
valid
valid
valid
rejected
rejected
rejected
highThr
85.000000 46.000000 67.000000 78.000000 51.000000 59.000000 77.000000 
lowThr
34.000000 30.000000 48.000000 61.000000 9.000000 23.000000 55.000000 
prevThr
25.000000 25.000000 25.000000 25.000000 25.000000 25.000000 25.000000 
highThrDef
85.000000 46.000000 67.000000 78.000000 51.000000 59.000000 77.000000 
lowThrDef
34.000000 30.000000 48.000000 61.000000 9.000000 23.000000 55.000000 
prevThrDef
25.000000 25.000000 25.000000 25.000000 25.000000 25.000000 25.000000 
manualSeparators







separators
1  244  252  253  255  256  257  258  260  262  263  450  451  456  457  468  469  477  478  512  513  545
1   82   83  207  208  422  426  427  545
1  217  218  545
1  230  231  545
1   19   20   23  501  502  504  505  519  520  543  544  545
1  446  447  502  503  533  534  535  536  545
1   61   81  121  141  421  441  442  545
