fields 34
worms 4
Wave_Initiation_Rate_Median
8.471252 6.317283 7.534950 4.974581 
Wave_Initiation_Rate_Range
3.426957 0.743620 2.122210 1.969206 
Body_Wave_Number_Median
1.621930 1.922540 2.569394 2.001629 
Body_Wave_Number_Range
0.529513 0.061970 1.133604 1.450504 
Asymmetry_Median
-0.021822 0.062409 0.008135 0.026780 
Asymmetry_Range
0.285844 0.008662 0.014007 0.054774 
Reverse_Swimming
2.815087 0.000000 0.000000 0.000000 
Curling
8.348794 0.000000 0.000000 0.000000 
Stretch_Median
0.602316 0.389962 0.241812 0.009143 
Stretch_Range
0.169704 0.114258 0.103420 0.145077 
Attenuation_Median
62.799966 72.530351 67.899218 12.840252 
Attenuation_Range
23.911568 13.789673 11.845488 87.725839 
Traveling_Speed_Mean
0.612469 0.442440 1.041407 0.105894 
Brush_Stroke_Median
0.034742 0.027446 0.031650 0.020000 
Brush_Stroke_Range
0.004793 0.001520 0.011274 0.004361 
Activity_Index_Median
14.169710 8.659466 11.693256 4.974590 
Activity_Index_Range
8.794058 1.194473 6.468099 2.840845 
Wave_Initiation_Rate_10
6.681131 5.894256 6.273707 4.974581 
Body_Wave_Number_10
1.311204 1.881674 1.732338 1.849740 
Asymmetry_10
-0.192329 0.057356 -0.003502 0.003042 
Stretch_10
0.506154 0.342740 0.185796 0.000000 
Attenuation_10
52.048778 65.244506 61.039737 0.000000 
Brush_Stroke_10
0.033050 0.026725 0.027967 0.020000 
Activity_Index_10
11.556311 7.967612 8.612975 4.974581 
usability
0.990809 0.998162 0.922794 0.943015 
status
valid
valid
valid
valid
highThr
42.000000 40.000000 57.000000 NaN 
lowThr
21.000000 29.000000 35.000000 0.000000 
prevThr
25.000000 25.000000 25.000000 25.000000 
highThrDef
42.000000 39.000000 57.000000 NaN 
lowThrDef
21.000000 29.000000 35.000000 0.000000 
prevThrDef
25.000000 25.000000 25.000000 25.000000 
manualSeparators



514
separators
1  320  321  366  367  390  391  401  402  414  415  545
1  512  513  545
1   41   42  504  505  545
1  514  545
