fields 34
worms 5
Wave_Initiation_Rate_Median
74.781362 80.565701 68.502269 73.920265 NaN 
Wave_Initiation_Rate_Range
42.586078 75.537204 8.486086 38.593966 NaN 
Body_Wave_Number_Median
0.287796 0.401123 0.476450 0.469000 NaN 
Body_Wave_Number_Range
0.389586 0.435610 0.279697 0.276460 NaN 
Asymmetry_Median
0.007209 0.000575 0.016362 -0.000899 NaN 
Asymmetry_Range
0.060076 0.160180 0.050351 0.107540 NaN 
Reverse_Swimming
5.630175 7.341306 1.987121 0.000000 NaN 
Curling
0.000000 2.901354 0.000000 0.138568 NaN 
Stretch_Median
0.355053 0.385405 0.399446 0.381169 NaN 
Stretch_Range
0.152193 0.170429 0.097727 0.142478 NaN 
Attenuation_Median
60.820759 46.394151 52.789019 50.730777 NaN 
Attenuation_Range
40.321951 37.472332 21.576316 26.942273 NaN 
Traveling_Speed_Mean
2.555817 3.339193 4.629353 5.551087 NaN 
Brush_Stroke_Median
0.229318 0.161317 0.177814 0.204524 NaN 
Brush_Stroke_Range
0.051162 0.078011 0.034541 0.103110 NaN 
Activity_Index_Median
221.277515 278.071275 196.903582 275.158752 NaN 
Activity_Index_Range
170.312413 210.644185 55.410398 122.160054 NaN 
Wave_Initiation_Rate_10
56.751040 32.418516 67.453338 63.606179 NaN 
Body_Wave_Number_10
0.108756 0.154704 0.255373 0.316495 NaN 
Asymmetry_10
-0.030776 -0.056724 -0.015244 -0.054258 NaN 
Stretch_10
0.295576 0.333481 0.362774 0.312853 NaN 
Attenuation_10
33.977661 28.766111 42.004440 38.106753 NaN 
Brush_Stroke_10
0.202677 0.109396 0.156305 0.186155 NaN 
Activity_Index_10
99.051163 126.518257 170.188403 178.641358 NaN 
usability
0.935662 0.950368 0.961397 0.795956 0.511029 
status
valid
valid
valid
valid
rejected
highThr
35.000000 37.000000 42.000000 37.000000 39.000000 
lowThr
14.000000 14.000000 15.000000 16.000000 9.000000 
prevThr
25.000000 25.000000 25.000000 25.000000 25.000000 
highThrDef
35.000000 37.000000 42.000000 37.000000 39.000000 
lowThrDef
14.000000 14.000000 15.000000 16.000000 9.000000 
prevThrDef
25.000000 25.000000 25.000000 25.000000 25.000000 
manualSeparators





separators
1   28   29   81   82  115  116  121  122  153  154  182  183  185  186  225  226  227  235  236  237  238  239  240  241  242  252  253  264  265  266  277  278  290  291  322  323  332  333  390  391  398  399  405  406  408  409  419  420  442  443  450  451  452  454  455  481  482  490  491  535  536  537  545
1   32   33   41   44   45   47   48   49   55   56   59   60  122  123  124  125  142  143  203  204  225  226  267  268  284  285  289  290  298  299  326  327  362  363  389  390  412  413  436  437  481  482  502  503  513  514  525  526  545
1   35   36   51   52   81   82  102  103  176  177  202  203  314  315  317  318  327  328  329  330  331  341  342  349  350  351  357  358  401  402  403  404  413  414  473  474  475  545
1  101  102  210  212  213  214  294  296  297  394  395  396  400  401  402  403  545
1   61   62   69   70   85   87   93   94  129  130  142  143  152  153  190  191  197  198  206  207  245  246  259  441  442  485  486  510  511  514  515  520  521  524  525  527  528  529  530  532  533  538  539  540  541  543  544  545
