fields 34
worms 4
Wave_Initiation_Rate_Median
96.929524 96.486131 101.067405 101.369646 
Wave_Initiation_Rate_Range
35.887166 34.607741 58.058312 33.166103 
Body_Wave_Number_Median
0.398722 0.376990 0.358097 0.468989 
Body_Wave_Number_Range
0.353722 0.312975 0.417850 0.363442 
Asymmetry_Median
0.004952 -0.013599 0.004612 -0.009392 
Asymmetry_Range
0.056371 0.061507 0.069028 0.062448 
Reverse_Swimming
0.000000 0.000000 6.435536 0.000000 
Curling
0.364372 0.000000 0.362903 0.000000 
Stretch_Median
0.328171 0.371434 0.368935 0.383779 
Stretch_Range
0.147087 0.139502 0.199237 0.160029 
Attenuation_Median
51.185800 57.601389 63.813764 60.829315 
Attenuation_Range
36.142134 20.923617 38.892918 24.373409 
Traveling_Speed_Mean
8.029091 7.023137 11.589575 6.497326 
Brush_Stroke_Median
0.086156 0.244865 0.117000 0.269711 
Brush_Stroke_Range
0.067120 0.022499 0.057498 0.069996 
Activity_Index_Median
371.305198 235.245696 307.265801 237.783076 
Activity_Index_Range
354.898077 81.281692 227.711908 136.882058 
Wave_Initiation_Rate_10
66.626705 67.945872 51.373399 69.512486 
Body_Wave_Number_10
0.221677 0.232626 0.136769 0.262474 
Asymmetry_10
-0.021202 -0.055810 -0.034540 -0.042898 
Stretch_10
0.269677 0.297108 0.293883 0.301432 
Attenuation_10
32.361851 47.202302 38.804458 48.413026 
Brush_Stroke_10
0.058343 0.233737 0.093272 0.245904 
Activity_Index_10
263.133088 171.357618 181.182009 186.810494 
usability
0.908088 0.996324 0.911765 0.941176 
status
valid
valid
valid
valid
highThr
57.000000 47.000000 53.000000 53.000000 
lowThr
21.000000 33.000000 21.000000 29.000000 
prevThr
10.000000 25.000000 10.000000 10.000000 
highThrDef
57.000000 47.000000 53.000000 53.000000 
lowThrDef
21.000000 33.000000 21.000000 29.000000 
prevThrDef
25.000000 25.000000 25.000000 25.000000 
manualSeparators




separators
1   10   11   16   17   21   22   26   41   52   55  251  252  261  266  267  277  278  281  349  350  399  400  494  495  526  527  545
1  281  282  368  369  545
1  103  104  129  130  170  171  277  278  279  280  282  284  335  336  341  361  362  370  371  381  382  420  421  445  446  467  468  483  484  490  491  515  516  545
1   30   31   32   33   62   63  122  123  124  207  208  545
