fields 34
worms 3
Wave_Initiation_Rate_Median
110.606065 101.393496 102.594009 
Wave_Initiation_Rate_Range
117.070768 38.515677 15.095321 
Body_Wave_Number_Median
0.403014 0.592382 0.646652 
Body_Wave_Number_Range
0.727620 0.429914 0.354940 
Asymmetry_Median
-0.004467 0.010325 0.001735 
Asymmetry_Range
0.093545 0.066756 0.047799 
Reverse_Swimming
0.000000 0.000000 0.772769 
Curling
0.474308 0.000000 0.000000 
Stretch_Median
0.376507 0.368192 0.372112 
Stretch_Range
0.237107 0.260082 0.111088 
Attenuation_Median
70.775793 67.214159 67.296489 
Attenuation_Range
23.233394 15.472339 16.097472 
Traveling_Speed_Mean
6.666232 7.098817 15.058884 
Brush_Stroke_Median
0.105829 0.199213 0.249886 
Brush_Stroke_Range
0.083405 0.041775 0.049861 
Activity_Index_Median
308.026366 229.648756 259.548544 
Activity_Index_Range
461.589319 80.868250 58.230008 
Wave_Initiation_Rate_10
15.974240 64.414926 100.444473 
Body_Wave_Number_10
0.192177 0.383720 0.470650 
Asymmetry_10
-0.071726 -0.046213 -0.010757 
Stretch_10
0.293196 0.316307 0.326358 
Attenuation_10
56.762953 59.587169 59.841286 
Brush_Stroke_10
0.074102 0.179173 0.227021 
Activity_Index_10
57.960878 180.908646 234.594536 
usability
0.930147 0.904412 0.988971 
status
valid
valid
valid
highThr
65.000000 68.000000 73.000000 
lowThr
27.000000 38.000000 50.000000 
prevThr
10.000000 25.000000 25.000000 
highThrDef
65.000000 68.000000 73.000000 
lowThrDef
27.000000 38.000000 50.000000 
prevThrDef
25.000000 25.000000 25.000000 
manualSeparators



separators
1   10   11   18   20   21  183  201  202  380  381  414  415  427  428  433  434  435  495  496  497  501  502  504  505  506  509  510  531  532  533  540  541  542  545
1  183  187  188  222  223  226  227  229  230  261  262  264  266  267  268  275  277  528  530  531  532  545
1  456  457  464  468  495  496  545
