fields 34
worms 5
Wave_Initiation_Rate_Median
34.577240 52.672569 33.679657 7.897505 NaN 
Wave_Initiation_Rate_Range
37.188927 35.735176 36.462672 2.783704 NaN 
Body_Wave_Number_Median
0.605588 0.556811 0.477259 1.794808 NaN 
Body_Wave_Number_Range
0.907367 0.641553 0.825268 0.395049 NaN 
Asymmetry_Median
0.013841 -0.012940 -0.005605 -0.075327 NaN 
Asymmetry_Range
0.130646 0.137802 0.368283 0.055399 NaN 
Reverse_Swimming
20.520000 6.347746 19.902913 0.000000 NaN 
Curling
5.335968 2.937853 26.197183 0.000000 NaN 
Stretch_Median
0.727948 0.563319 0.794642 0.353767 NaN 
Stretch_Range
0.311845 0.312832 0.365825 0.225509 NaN 
Attenuation_Median
37.375703 45.036031 28.180292 80.815051 NaN 
Attenuation_Range
59.878077 39.994041 37.042383 14.847753 NaN 
Traveling_Speed_Mean
3.071918 7.235998 1.237782 0.535261 NaN 
Brush_Stroke_Median
0.077977 0.188064 0.053182 0.026890 NaN 
Brush_Stroke_Range
0.043951 0.098622 0.038866 0.003640 NaN 
Activity_Index_Median
118.522044 182.668245 89.367515 10.580609 NaN 
Activity_Index_Range
162.164724 167.631453 148.532041 6.022914 NaN 
Wave_Initiation_Rate_10
19.409695 31.650511 15.020163 7.146195 NaN 
Body_Wave_Number_10
0.083408 0.298919 0.045459 1.489137 NaN 
Asymmetry_10
-0.054751 -0.077514 -0.258110 -0.117081 NaN 
Stretch_10
0.555182 0.443366 0.619262 0.237198 NaN 
Attenuation_10
-1.453241 18.628438 6.859896 71.635088 NaN 
Brush_Stroke_10
0.057585 0.132362 0.030749 0.025910 NaN 
Activity_Index_10
47.359026 72.528997 20.912621 9.323355 NaN 
usability
0.930147 0.976103 0.783088 1.000000 0.000000 
status
valid
valid
valid
valid
rejected
highThr
54.000000 56.000000 68.000000 51.000000 NaN 
lowThr
24.000000 37.000000 39.000000 41.000000 0.000000 
prevThr
25.000000 25.000000 25.000000 25.000000 25.000000 
highThrDef
54.000000 56.000000 68.000000 51.000000 NaN 
lowThrDef
24.000000 37.000000 39.000000 41.000000 0.000000 
prevThrDef
25.000000 25.000000 25.000000 25.000000 25.000000 
manualSeparators
47   48   49   50   51  110  111  112  115  116  117  119  120  122  123  124  125  126  127  242  243  245  246  247  252  253  251  363  364  392  393  402  403  412  413  414  431  432
18   19   20  283  284  285  405  406  407  408  413  414
8    9   12   13   68   69   72   73   74   82   83  100  101  133  134  135  136  132  131  130  129  293  294  431  432  436  437  433  434  455  456


separators
1   47   48   49   50   51  105  108  110  111  112  115  116  117  119  120  121  122  123  124  125  126  127  242  243  245  246  247  248  251  252  253  254  363  364  365  366  392  393  394  395  402  403  411  412  413  414  431  432  542  545
1   16   18   19   20  166  167  281  282  283  284  285  402  403  405  406  407  408  413  414  415  545
1    8    9   11   12   13   68   69   70   71   72   73   74   82   83  100  101  102  103  129  130  131  132  133  134  135  136  141  142  145  146  149  150  151  165  166  293  294  321  322  341  342  401  402  431  432  433  434  436  437  439  440  455  456  461  462  494  501  502  521  522  542  545
1  545
1  545
