fields 34
worms 4
Wave_Initiation_Rate_Median
67.672638 89.209499 34.897684 67.177436 
Wave_Initiation_Rate_Range
33.173549 43.524288 28.369235 59.594925 
Body_Wave_Number_Median
0.532498 0.371170 0.376439 0.522181 
Body_Wave_Number_Range
0.242701 0.370448 0.392918 0.305004 
Asymmetry_Median
0.004223 -0.008433 -0.004745 0.022809 
Asymmetry_Range
0.121315 0.078325 0.132663 0.119430 
Reverse_Swimming
0.000000 0.110396 4.802208 0.000000 
Curling
0.890538 0.000000 0.000000 0.664207 
Stretch_Median
0.462292 0.339907 0.481897 0.401219 
Stretch_Range
0.137334 0.210783 0.113990 0.211554 
Attenuation_Median
54.083397 67.831099 62.045566 56.835337 
Attenuation_Range
27.581311 21.439948 39.889235 21.928893 
Traveling_Speed_Mean
6.762602 5.578823 3.997864 5.048744 
Brush_Stroke_Median
0.175881 0.206366 0.110705 0.253481 
Brush_Stroke_Range
0.048940 0.084747 0.041747 0.074834 
Activity_Index_Median
195.843692 246.405944 110.271172 178.085313 
Activity_Index_Range
94.244675 153.298910 89.938961 164.573530 
Wave_Initiation_Rate_10
50.991531 58.801896 32.976281 34.235303 
Body_Wave_Number_10
0.399338 0.184481 0.271069 0.344622 
Asymmetry_10
-0.047456 -0.061903 -0.073925 -0.024137 
Stretch_10
0.379794 0.269602 0.409498 0.308565 
Attenuation_10
38.469448 57.777983 41.872805 46.697495 
Brush_Stroke_10
0.164537 0.177309 0.099562 0.222001 
Activity_Index_10
147.954766 147.215650 83.998849 92.138682 
usability
0.990809 0.948529 0.992647 0.996324 
status
valid
valid
valid
valid
highThr
51.000000 51.000000 49.000000 51.000000 
lowThr
30.000000 28.000000 33.000000 32.000000 
prevThr
25.000000 25.000000 25.000000 25.000000 
highThrDef
51.000000 51.000000 49.000000 51.000000 
lowThrDef
30.000000 28.000000 33.000000 32.000000 
prevThrDef
25.000000 25.000000 25.000000 25.000000 
manualSeparators




separators
1   22   23   24   25  121  122  424  425  477  478  545
1   45   47   51   53   61   62   81   82  104  105  202  203  206  207  212  214  222  223  248  249  272  273  308  309  310  313  314  315  381  383  389  391  399  400  467  468  471  472  512  513  545
1  171  172  202  203  241  242  462  463  545
1   11   12  222  223  545
