fields 34
worms 4
Wave_Initiation_Rate_Median
13.230773 17.565080 7.221509 7.753346 
Wave_Initiation_Rate_Range
34.853881 24.050377 3.310717 2.948680 
Body_Wave_Number_Median
1.256268 1.331908 1.837928 1.724068 
Body_Wave_Number_Range
1.114290 0.855193 0.302038 0.306349 
Asymmetry_Median
0.141160 0.034133 0.020423 0.051902 
Asymmetry_Range
0.465571 0.161032 0.118638 0.101207 
Reverse_Swimming
0.000000 2.189282 0.000000 0.000000 
Curling
28.323699 0.000000 0.000000 0.000000 
Stretch_Median
0.507644 0.613105 0.493541 0.399149 
Stretch_Range
0.273588 0.165023 0.232229 0.195373 
Attenuation_Median
49.516351 70.191787 69.626241 73.295044 
Attenuation_Range
29.389327 26.868933 25.927523 40.179651 
Traveling_Speed_Mean
2.042191 1.682156 0.900085 0.923550 
Brush_Stroke_Median
0.045071 0.058144 0.034620 0.034805 
Brush_Stroke_Range
0.032857 0.016775 0.005698 0.011255 
Activity_Index_Median
46.281859 50.077202 12.616393 13.453847 
Activity_Index_Range
99.991993 65.822395 7.105779 3.940730 
Wave_Initiation_Rate_10
6.818189 9.332574 6.471971 6.074073 
Body_Wave_Number_10
0.864227 0.829436 1.633000 1.563089 
Asymmetry_10
-0.050519 -0.047741 -0.042457 -0.021793 
Stretch_10
0.356853 0.548814 0.429266 0.320749 
Attenuation_10
31.129701 58.300694 56.739175 45.547220 
Brush_Stroke_10
0.024731 0.050197 0.031695 0.030183 
Activity_Index_10
9.821318 25.434153 10.662341 11.317301 
usability
0.954044 0.952206 0.998162 1.000000 
status
valid
valid
valid
valid
highThr
76.000000 69.000000 61.000000 77.000000 
lowThr
41.000000 50.000000 48.000000 57.000000 
prevThr
75.000000 25.000000 25.000000 25.000000 
highThrDef
76.000000 69.000000 61.000000 77.000000 
lowThrDef
41.000000 50.000000 48.000000 57.000000 
prevThrDef
25.000000 25.000000 25.000000 25.000000 
manualSeparators
366  397  398  404  405  406
143  144


separators
1   51   52   62   63   65   71  142  143  152  158  162  163  238  239  303  304  322  324  330  331  366  375  376  397  398  404  405  406  445  448  545
1   62   63   65   71  141  142  143  144  159  161  162  170  171  329  341  342  545
1   23   24  241  242  545
1  545
