fields 34
worms 5
Wave_Initiation_Rate_Median
6.387872 7.884693 NaN 15.303010 5.375049 
Wave_Initiation_Rate_Range
1.466682 5.730865 NaN 21.585434 1.372104 
Body_Wave_Number_Median
1.895467 1.646188 NaN 1.484032 1.902086 
Body_Wave_Number_Range
0.154625 0.644057 NaN 0.640701 0.175099 
Asymmetry_Median
0.048869 -0.157850 NaN 0.003140 0.102987 
Asymmetry_Range
0.016538 0.253213 NaN 0.158301 0.072991 
Reverse_Swimming
0.000000 0.000000 NaN 0.000000 0.000000 
Curling
0.000000 37.256858 NaN 0.000000 0.000000 
Stretch_Median
0.246479 0.518367 NaN 0.652053 0.135810 
Stretch_Range
0.079719 0.214537 NaN 0.220866 0.187730 
Attenuation_Median
77.034752 58.043286 NaN 65.956179 81.648553 
Attenuation_Range
10.045476 26.542113 NaN 29.555655 91.724822 
Traveling_Speed_Mean
0.244682 0.207345 NaN 2.293544 0.196820 
Brush_Stroke_Median
0.025493 0.034201 NaN 0.049234 0.022559 
Brush_Stroke_Range
0.001441 0.011683 NaN 0.012535 0.003925 
Activity_Index_Median
8.120597 13.296809 NaN 43.395459 6.171254 
Activity_Index_Range
2.253911 5.606629 NaN 50.870890 1.904397 
Wave_Initiation_Rate_10
5.949385 6.356455 NaN 8.798493 4.974581 
Body_Wave_Number_10
1.804659 1.311905 NaN 1.067209 1.814836 
Asymmetry_10
0.042497 -0.286123 NaN -0.078813 0.066773 
Stretch_10
0.223286 0.431740 NaN 0.545741 0.000002 
Attenuation_10
72.264548 40.694495 NaN 45.971815 0.000000 
Brush_Stroke_10
0.024635 0.029298 NaN 0.044224 0.020000 
Activity_Index_10
7.609292 12.404005 NaN 22.769893 4.974581 
usability
1.000000 0.737132 0.518382 0.917279 1.000000 
status
valid
valid
rejected
valid
valid
highThr
48.000000 62.000000 62.000000 81.000000 67.000000 
lowThr
39.000000 34.000000 42.000000 43.000000 56.000000 
prevThr
25.000000 25.000000 25.000000 25.000000 25.000000 
highThrDef
48.000000 62.000000 62.000000 81.000000 67.000000 
lowThrDef
39.000000 20.000000 20.000000 43.000000 56.000000 
prevThrDef
25.000000 25.000000 25.000000 25.000000 25.000000 
manualSeparators

346

428  429

separators
1   41   42  142  143  545
1  102  103  142  143  161  162  182  183  201  202  203  204  205  206  237  238  241  242  243  250  251  253  254  301  302  303  306  307  322  323  324  326  340  341  342  343  344  346  354  355  359  360  362  366  367  370  372  373  374  375  383  384  391  392  481  483  484  487  488  490  491  492  493  496  497  501  521  522  528  529  530  531  534  535  539  540  541  545
1   22   23   34   41   66   69   71   73   75   81  109  110  121  341  342  361  372  375  545
1   41   42  136  141  428  429  545
1  545
