fields 34
worms 5
Wave_Initiation_Rate_Median
151.063197 170.086017 162.680596 153.377999 158.697594 
Wave_Initiation_Rate_Range
38.817553 118.286032 105.019593 94.164723 31.904915 
Body_Wave_Number_Median
0.532521 0.482741 0.477859 0.492265 0.603151 
Body_Wave_Number_Range
0.338217 0.305864 0.219734 0.357688 0.416872 
Asymmetry_Median
-0.010729 0.003609 -0.005002 -0.008793 -0.004782 
Asymmetry_Range
0.048813 0.110472 0.091378 0.084853 0.031660 
Reverse_Swimming
0.000000 0.000000 2.594296 4.962406 0.000000 
Curling
0.915033 1.846154 0.461538 2.278481 0.143198 
Stretch_Median
0.346444 0.326032 0.339516 0.379677 0.330342 
Stretch_Range
0.136018 0.248123 0.233344 0.150375 0.174263 
Attenuation_Median
65.917405 57.395873 63.844745 60.072155 72.772139 
Attenuation_Range
22.498132 34.344494 23.434759 26.916687 20.500688 
Traveling_Speed_Mean
7.515454 13.126953 11.828858 1.788088 8.247868 
Brush_Stroke_Median
0.486879 0.208718 0.361728 0.385400 0.064089 
Brush_Stroke_Range
0.372348 0.041831 0.119957 0.493949 0.128288 
Activity_Index_Median
429.552653 455.197126 396.749337 197.848674 383.845624 
Activity_Index_Range
380.992789 344.690616 296.031779 636.925839 709.651577 
Wave_Initiation_Rate_10
115.504016 68.961483 74.893046 75.465598 137.354963 
Body_Wave_Number_10
0.338993 0.271722 0.368778 0.290879 0.335867 
Asymmetry_10
-0.033656 -0.017094 -0.080260 -0.073530 -0.024238 
Stretch_10
0.282318 0.265226 0.261960 0.292298 0.250457 
Attenuation_10
53.263664 38.500891 50.408002 41.885342 59.789238 
Brush_Stroke_10
0.403996 0.184150 0.326705 0.261561 0.058390 
Activity_Index_10
330.621759 169.161948 218.902002 162.514059 341.689552 
usability
0.843750 0.836397 0.955882 0.726103 0.770221 
status
valid
valid
valid
valid
valid
highThr
54.000000 52.000000 47.000000 55.000000 48.000000 
lowThr
15.000000 25.000000 24.000000 17.000000 21.000000 
prevThr
25.000000 10.000000 25.000000 25.000000 25.000000 
highThrDef
54.000000 52.000000 47.000000 55.000000 48.000000 
lowThrDef
15.000000 16.000000 24.000000 17.000000 21.000000 
prevThrDef
25.000000 25.000000 25.000000 25.000000 25.000000 
manualSeparators





separators
1    6    7   42   43   45   47   57   58   76   77   83   84   89   90  102  121  122  123  124  126  137  141  142  161  162  222  223  263  264  270  271  277  278  281  282  386  388  393  395  403  404  405  408  409  410  411  412  414  415  416  417  418  419  421  422  481  482  523  524  545
1   24   25   43   44   46   47  101  102  136  137  156  157  203  204  252  254  286  287  288  292  295  301  302  326  327  330  331  339  340  359  360  362  363  378  379  401  402  421  422  423  427  428  429  430  431  432  433  434  435  437  438  440  441  443  444  449  461  462  530  531  545
1   21   22   77   78  146  147  163  164  174  175  176  177  179  180  181  194  195  229  230  233  234  239  240  242  243  257  258  322  323  351  352  357  358  360  377  378  401  402  482  483  531  532  541  542  545
1  101  102  142  143  188  189  247  248  249  250  255  257  272  273  275  276  277  278  279  282  283  302  304  315  316  320  321  323  325  330  331  334  335  338  339  341  342  347  348  364  365  368  370  376  377  413  414  430  431  433  434  442  443  445  448  449  450  451  453  454  457  458  460  461  465  466  475  476  481  482  542  545
1   61   62  135  136  155  156  182  183  214  215  218  219  222  223  234  235  238  239  241  242  248  249  255  256  263  264  265  274  276  277  278  279  281  301  302  307  308  381  382  460  461  506  507  514  515  545
