fields 34
worms 5
Wave_Initiation_Rate_Median
50.239769 55.816254 47.223511 9.575211 19.275125 
Wave_Initiation_Rate_Range
42.643796 31.399257 59.019881 7.662595 14.061252 
Body_Wave_Number_Median
0.852475 0.903474 0.968017 1.611907 1.400858 
Body_Wave_Number_Range
0.855255 0.521890 1.473207 0.741529 0.906205 
Asymmetry_Median
0.011871 0.000947 -0.003975 -0.076780 0.040890 
Asymmetry_Range
0.087875 0.055366 0.244787 0.190029 0.147110 
Reverse_Swimming
8.169273 0.000000 6.182153 1.490340 10.597976 
Curling
0.000000 0.000000 0.000000 0.000000 1.335807 
Stretch_Median
0.407562 0.401102 0.399232 0.499141 0.677118 
Stretch_Range
0.306968 0.246985 0.314999 0.211308 0.196546 
Attenuation_Median
58.447724 65.035951 42.488692 65.952837 49.616661 
Attenuation_Range
32.038553 31.716868 46.726389 28.717594 24.280205 
Traveling_Speed_Mean
3.560530 4.373971 3.469241 1.411549 2.143982 
Brush_Stroke_Median
0.079930 0.115554 0.080568 0.045444 0.057866 
Brush_Stroke_Range
0.043510 0.054033 0.055640 0.022537 0.018171 
Activity_Index_Median
105.991904 120.448458 109.276500 19.739546 50.782250 
Activity_Index_Range
88.724765 69.084504 154.744651 25.303796 42.575369 
Wave_Initiation_Rate_10
16.593072 35.495989 7.266532 7.207827 9.753300 
Body_Wave_Number_10
0.423823 0.618450 0.306597 1.173201 0.720229 
Asymmetry_10
-0.031937 -0.019679 -0.078179 -0.130896 -0.067720 
Stretch_10
0.248565 0.289651 0.320933 0.376725 0.599803 
Attenuation_10
39.529553 49.115803 15.786159 49.758654 38.009088 
Brush_Stroke_10
0.059914 0.088174 0.041868 0.034712 0.047356 
Activity_Index_10
45.069924 89.700895 10.640666 14.507914 28.217688 
usability
1.000000 0.994485 1.000000 1.000000 0.990809 
status
valid
valid
valid
valid
valid
highThr
76.000000 76.000000 69.000000 71.000000 71.000000 
lowThr
50.000000 38.000000 49.000000 57.000000 56.000000 
prevThr
25.000000 25.000000 25.000000 25.000000 25.000000 
highThrDef
76.000000 76.000000 69.000000 71.000000 71.000000 
lowThrDef
50.000000 38.000000 49.000000 57.000000 56.000000 
prevThrDef
25.000000 25.000000 25.000000 25.000000 25.000000 
manualSeparators





separators
1  140  151  545
1  505  506  507  515  523  525  527  530  545
1   59   61  467  468  545
1  545
1  351  352  381  382  386  387  545
