fields 34
worms 4
Wave_Initiation_Rate_Median
134.383425 127.389149 103.732909 NaN 
Wave_Initiation_Rate_Range
43.064196 60.324345 36.374132 NaN 
Body_Wave_Number_Median
0.498497 0.541137 0.536513 NaN 
Body_Wave_Number_Range
0.238193 0.280430 0.224296 NaN 
Asymmetry_Median
0.003068 -0.001878 -0.008073 NaN 
Asymmetry_Range
0.078696 0.064398 0.044834 NaN 
Reverse_Swimming
0.000000 2.151088 0.000000 NaN 
Curling
0.330882 0.277778 0.000000 NaN 
Stretch_Median
0.348310 0.345377 0.372758 NaN 
Stretch_Range
0.181372 0.192266 0.161728 NaN 
Attenuation_Median
65.028093 66.954148 72.554696 NaN 
Attenuation_Range
20.995680 19.973043 21.592065 NaN 
Traveling_Speed_Mean
11.832219 8.444383 9.954300 NaN 
Brush_Stroke_Median
0.286549 0.174500 0.284722 NaN 
Brush_Stroke_Range
0.053766 0.037067 0.039211 NaN 
Activity_Index_Median
297.421886 284.055851 244.603560 NaN 
Activity_Index_Range
106.669575 145.232976 87.227954 NaN 
Wave_Initiation_Rate_10
92.822956 74.446639 83.916267 NaN 
Body_Wave_Number_10
0.371506 0.407323 0.425900 NaN 
Asymmetry_10
-0.010195 -0.020477 -0.038249 NaN 
Stretch_10
0.282474 0.283834 0.320167 NaN 
Attenuation_10
54.843850 57.308176 60.840957 NaN 
Brush_Stroke_10
0.264483 0.159433 0.266141 NaN 
Activity_Index_10
215.358086 175.341963 185.066861 NaN 
usability
1.000000 0.794118 1.000000 
status
valid
valid
valid
rejected
highThr
50.000000 60.000000 54.000000 59.000000 
lowThr
33.000000 27.000000 40.000000 30.000000 
prevThr
10.000000 25.000000 25.000000 25.000000 
highThrDef
50.000000 60.000000 54.000000 59.000000 
lowThrDef
34.000000 27.000000 40.000000 30.000000 
prevThrDef
25.000000 25.000000 25.000000 25.000000 
manualSeparators




separators
1  109  110  144  145  545
1  329  333  334  337  342  441  442  472  473  545
1  127  128  545
1   81   82  130  133  212  213  233  234  235  263  264  292  293  363  364  377  378  399  402  403  404  405  409  410  411  414  415  416  442  443  475  476  479  480  493  494  507  508  509  511  514  515  526  527  536  537  545
