fields 34
worms 5
Wave_Initiation_Rate_Median
69.605615 66.476505 100.274539 23.913005 NaN 
Wave_Initiation_Rate_Range
50.750737 21.184099 62.602702 55.187359 NaN 
Body_Wave_Number_Median
0.787536 0.639346 0.885449 0.930853 NaN 
Body_Wave_Number_Range
0.752488 0.607257 0.712136 1.358297 NaN 
Asymmetry_Median
0.002319 -0.001557 -0.005203 -0.009837 NaN 
Asymmetry_Range
0.037495 0.023439 0.052596 0.180445 NaN 
Reverse_Swimming
0.000000 0.000000 0.000000 4.871795 NaN 
Curling
0.000000 0.000000 0.000000 5.882353 NaN 
Stretch_Median
0.333286 0.283533 0.435851 0.557251 NaN 
Stretch_Range
0.173917 0.073222 0.253901 0.460387 NaN 
Attenuation_Median
63.665759 56.999336 67.852035 58.910791 NaN 
Attenuation_Range
17.386419 23.498264 20.468648 85.822290 NaN 
Traveling_Speed_Mean
5.108011 4.446786 8.231225 2.213654 NaN 
Brush_Stroke_Median
0.155446 0.169580 0.249275 0.063130 NaN 
Brush_Stroke_Range
0.052945 0.049832 0.327525 0.026473 NaN 
Activity_Index_Median
154.279324 147.984337 250.624416 81.935602 NaN 
Activity_Index_Range
129.020838 76.709056 230.253657 179.734722 NaN 
Wave_Initiation_Rate_10
49.747770 47.129936 39.884535 11.679588 NaN 
Body_Wave_Number_10
0.558034 0.439098 0.490264 0.204995 NaN 
Asymmetry_10
-0.019953 -0.010884 -0.037355 -0.107911 NaN 
Stretch_10
0.264787 0.259962 0.333008 0.386672 NaN 
Attenuation_10
54.099927 48.068965 55.910915 -13.922171 NaN 
Brush_Stroke_10
0.132715 0.135897 0.217966 0.056168 NaN 
Activity_Index_10
93.732723 86.580414 214.613609 47.268999 NaN 
usability
0.941176 1.000000 0.797794 0.843750 
status
valid
valid
valid
valid
rejected
highThr
80.000000 70.000000 87.000000 75.000000 NaN 
lowThr
50.000000 49.000000 41.000000 33.000000 0.000000 
prevThr
25.000000 25.000000 25.000000 25.000000 25.000000 
highThrDef
80.000000 70.000000 87.000000 75.000000 NaN 
lowThrDef
50.000000 49.000000 23.000000 33.000000 0.000000 
prevThrDef
25.000000 25.000000 25.000000 25.000000 25.000000 
manualSeparators



509

separators
1  501  505  517  523  524  545
1  545
1    6    7  157  158  180  181  184  185  242  244  251  254  273  274  335  338  339  340  341  357  360  361  366  370  371  373  376  377  381  382  385  391  392  397  401  402  405  411  412  417  420  427  431  432  442  481  482  545
1   41   42   61   62  115  116  260  261  467  473  474  509  522  523  529  530  545
1  524  545
