fields 34
worms 5
Wave_Initiation_Rate_Median
57.843576 68.683698 66.583963 66.535772 51.034975 
Wave_Initiation_Rate_Range
21.544198 51.901217 30.875750 15.657383 59.040331 
Body_Wave_Number_Median
0.697682 0.642213 0.638391 0.729197 0.645423 
Body_Wave_Number_Range
0.455363 0.434674 0.273280 0.260763 1.000291 
Asymmetry_Median
0.011504 0.005853 0.006085 -0.032781 -0.028188 
Asymmetry_Range
0.083995 0.093651 0.051462 0.042474 0.140487 
Reverse_Swimming
0.000000 5.188592 0.000000 0.000000 0.000000 
Curling
0.000000 0.000000 0.000000 0.000000 0.000000 
Stretch_Median
0.396488 0.419415 0.385932 0.404097 0.486442 
Stretch_Range
0.138330 0.291065 0.214056 0.104192 0.235461 
Attenuation_Median
66.142003 70.235196 70.977849 58.671535 61.812827 
Attenuation_Range
23.978477 15.818648 21.463916 19.327009 20.172012 
Traveling_Speed_Mean
6.209459 10.742711 6.425320 7.653145 6.916029 
Brush_Stroke_Median
0.133019 0.196734 0.223948 0.158576 0.087093 
Brush_Stroke_Range
0.033517 0.047713 0.062073 0.042976 0.035632 
Activity_Index_Median
149.038823 190.166544 197.979669 194.573384 175.947919 
Activity_Index_Range
71.962789 131.732891 78.339768 49.845611 307.662667 
Wave_Initiation_Rate_10
45.040551 33.446270 52.110013 52.043606 10.107707 
Body_Wave_Number_10
0.474493 0.310322 0.514768 0.546616 0.328637 
Asymmetry_10
-0.042912 -0.051390 -0.018147 -0.052303 -0.101090 
Stretch_10
0.329546 0.336192 0.285523 0.352232 0.399938 
Attenuation_10
55.027061 62.411890 57.484357 46.023117 51.578599 
Brush_Stroke_10
0.117422 0.172355 0.192693 0.141846 0.063340 
Activity_Index_10
104.425189 101.765970 159.701329 167.875721 33.712145 
usability
1.000000 0.998162 0.889706 0.908088 0.954044 
status
valid
valid
valid
valid
valid
highThr
81.000000 69.000000 75.000000 73.000000 78.000000 
lowThr
50.000000 50.000000 46.000000 53.000000 47.000000 
prevThr
25.000000 25.000000 25.000000 25.000000 25.000000 
highThrDef
77.000000 69.000000 75.000000 73.000000 78.000000 
lowThrDef
53.000000 50.000000 46.000000 53.000000 40.000000 
prevThrDef
25.000000 25.000000 25.000000 25.000000 25.000000 
manualSeparators


405  406  480
534

separators
1  545
1   44   45  211  212  213  214  303  304  493  494  545
1  402  405  406  407  408  411  412  429  432  434  436  437  438  442  443  445  446  480  481  482  501  502  511  512  521  522  523  545
1  402  409  410  412  413  429  436  442  446  480  481  482  487  489  501  502  511  512  519  521  522  523  534  545
1  100  101  136  137  148  149  151  166  200  203  302  306  545
