fields 34
worms 5
Wave_Initiation_Rate_Median
14.293636 6.104245 NaN 6.292088 47.713445 
Wave_Initiation_Rate_Range
17.499660 0.945748 NaN 1.392984 54.177468 
Body_Wave_Number_Median
1.149746 1.912407 NaN 1.896509 0.860860 
Body_Wave_Number_Range
1.335539 0.083849 NaN 0.285694 1.134684 
Asymmetry_Median
0.034260 0.036725 NaN 0.074909 -0.018874 
Asymmetry_Range
0.307682 0.019023 NaN 0.029925 0.214831 
Reverse_Swimming
8.334867 0.000000 NaN 0.000000 5.454545 
Curling
4.277674 0.000000 NaN 0.000000 7.142857 
Stretch_Median
0.604114 0.358202 NaN 0.388417 0.633629 
Stretch_Range
0.222953 0.129018 NaN 0.189498 0.277884 
Attenuation_Median
55.488187 76.017134 NaN 70.020717 57.456398 
Attenuation_Range
28.006237 15.854141 NaN 14.367616 36.965858 
Traveling_Speed_Mean
2.160542 0.384690 NaN 0.396633 4.266257 
Brush_Stroke_Median
0.059852 0.026250 NaN 0.030560 0.154929 
Brush_Stroke_Range
0.017126 0.003808 NaN 0.003433 0.096020 
Activity_Index_Median
44.146275 7.949782 NaN 9.778776 124.227727 
Activity_Index_Range
60.223890 1.673062 NaN 2.363296 180.382761 
Wave_Initiation_Rate_10
9.968557 5.712164 NaN 5.458980 12.357619 
Body_Wave_Number_10
0.150867 1.862588 NaN 1.777776 0.111463 
Asymmetry_10
-0.183183 0.022958 NaN 0.060285 -0.149893 
Stretch_10
0.509781 0.302019 NaN 0.263758 0.474054 
Attenuation_10
38.467149 69.492539 NaN 65.189531 30.882125 
Brush_Stroke_10
0.051451 0.025099 NaN 0.029011 0.124810 
Activity_Index_10
35.491292 7.346050 NaN 8.228942 31.426054 
usability
0.979779 1.000000 1.000000 0.875000 0.926471 
status
valid
valid
rejected
valid
valid
highThr
63.000000 54.000000 52.000000 51.000000 69.000000 
lowThr
38.000000 42.000000 41.000000 35.000000 44.000000 
prevThr
25.000000 25.000000 25.000000 25.000000 25.000000 
highThrDef
63.000000 54.000000 52.000000 51.000000 69.000000 
lowThrDef
38.000000 42.000000 41.000000 35.000000 44.000000 
prevThrDef
25.000000 25.000000 25.000000 25.000000 25.000000 
manualSeparators
178  330



241  242
separators
1   57   58  178  184  185  330  334  335  545
1  180  181  201  202  545
1   81   82  101  102  201  202  221  222  503  504  526  527  545
1   21   22   32   33  325  391  446  447  448  545
1    6    7   40   41   42   43  241  242  243  246  247  266  267  310  312  313  314  315  316  509  510  515  521  522  545
