fields 34
worms 5
Wave_Initiation_Rate_Median
70.744486 119.319267 102.924973 102.450011 68.657541 
Wave_Initiation_Rate_Range
41.278864 19.210912 20.121706 77.471198 37.476297 
Body_Wave_Number_Median
0.624278 0.596031 0.602772 0.487670 0.652722 
Body_Wave_Number_Range
0.277599 0.304889 0.375346 0.365265 0.206561 
Asymmetry_Median
0.002058 0.005843 -0.007257 -0.020323 0.003866 
Asymmetry_Range
0.034769 0.036786 0.033566 0.047347 0.088115 
Reverse_Swimming
4.415823 0.000000 1.987121 2.759890 0.000000 
Curling
0.000000 0.000000 0.332717 0.000000 0.221402 
Stretch_Median
0.330082 0.304636 0.359204 0.338283 0.451219 
Stretch_Range
0.113866 0.106989 0.085720 0.176569 0.251019 
Attenuation_Median
65.740354 70.739544 54.272048 70.249622 71.637278 
Attenuation_Range
33.744306 18.093242 24.407271 30.751766 25.654523 
Traveling_Speed_Mean
5.916379 6.057081 9.268662 5.939806 5.519832 
Brush_Stroke_Median
0.176732 0.248843 0.255840 0.218355 0.175286 
Brush_Stroke_Range
0.038379 0.028574 0.036253 0.055064 0.038147 
Activity_Index_Median
181.415165 260.064971 264.233593 221.541872 179.869424 
Activity_Index_Range
96.459456 50.024200 58.978276 177.046767 113.184598 
Wave_Initiation_Rate_10
67.266959 101.620907 88.679535 37.336327 32.409258 
Body_Wave_Number_10
0.490166 0.367048 0.405248 0.319747 0.549380 
Asymmetry_10
-0.014375 -0.007838 -0.023631 -0.034039 -0.071687 
Stretch_10
0.283501 0.271239 0.319282 0.283631 0.381941 
Attenuation_10
43.462380 61.797845 41.725858 48.060690 60.453067 
Brush_Stroke_10
0.157335 0.236770 0.236975 0.195067 0.151864 
Activity_Index_10
151.786153 230.722320 225.708384 71.843594 81.516945 
usability
0.983456 0.985294 0.994485 0.990809 0.996324 
status
valid
valid
valid
valid
valid
highThr
59.000000 52.000000 51.000000 52.000000 58.000000 
lowThr
42.000000 39.000000 37.000000 37.000000 42.000000 
prevThr
25.000000 25.000000 25.000000 25.000000 25.000000 
highThrDef
59.000000 52.000000 51.000000 52.000000 58.000000 
lowThrDef
42.000000 39.000000 37.000000 37.000000 42.000000 
prevThrDef
25.000000 25.000000 25.000000 25.000000 25.000000 
manualSeparators





separators
1   62   63   82   83   95   96  185  188  300  301  502  503  521  522  545
1   81   82  121  122  161  162  284  285  293  294  341  342  506  507  521  522  545
1  186  187  226  227  422  423  545
1   63   65  207  208  264  265  293  294  545
1  188  189  387  388  545
