fields 34
worms 4
Wave_Initiation_Rate_Median
88.399609 25.475264 45.664095 68.419300 
Wave_Initiation_Rate_Range
16.442564 25.807754 37.190322 16.158187 
Body_Wave_Number_Median
0.574779 1.106600 1.119244 0.502741 
Body_Wave_Number_Range
0.166461 0.965485 0.570194 0.497559 
Asymmetry_Median
0.000967 0.003102 -0.014769 -0.005481 
Asymmetry_Range
0.031503 0.197220 0.101330 0.073706 
Reverse_Swimming
0.000000 3.477461 3.201472 0.000000 
Curling
0.000000 1.663586 0.000000 0.557276 
Stretch_Median
0.321715 0.589890 0.483473 0.507829 
Stretch_Range
0.150073 0.362772 0.215599 0.166653 
Attenuation_Median
59.008532 51.190834 51.965163 58.537093 
Attenuation_Range
18.691496 33.053616 25.720867 15.638110 
Traveling_Speed_Mean
10.506605 3.446874 4.023668 3.638733 
Brush_Stroke_Median
0.237016 0.077033 0.095246 0.097715 
Brush_Stroke_Range
0.069525 0.034215 0.047178 0.026233 
Activity_Index_Median
230.685843 80.456082 93.870754 342.912352 
Activity_Index_Range
92.837669 88.048186 62.907439 152.994082 
Wave_Initiation_Rate_10
83.258278 9.749687 13.651661 67.327117 
Body_Wave_Number_10
0.489640 0.584806 0.755776 0.287818 
Asymmetry_10
-0.017406 -0.049036 -0.081577 -0.036340 
Stretch_10
0.255889 0.397960 0.400695 0.419737 
Attenuation_10
48.898999 43.879084 41.024563 50.257451 
Brush_Stroke_10
0.192662 0.064737 0.080426 0.081494 
Activity_Index_10
183.396650 21.180601 58.238138 275.627064 
usability
1.000000 0.994485 1.000000 0.593750 
status
valid
valid
valid
valid
highThr
66.000000 71.000000 76.000000 73.000000 
lowThr
45.000000 52.000000 52.000000 43.000000 
prevThr
25.000000 25.000000 25.000000 25.000000 
highThrDef
66.000000 71.000000 76.000000 73.000000 
lowThrDef
45.000000 52.000000 52.000000 27.000000 
prevThrDef
25.000000 25.000000 25.000000 25.000000 
manualSeparators

290  291
455  456  457  484  485  483  482  481  488  489  490  491  492
165  166
separators
1   89   91  151  154  545
1  289  290  291  433  441  494  495  545
1  394  395  410  414  455  456  457  481  482  483  484  485  488  489  490  491  492  493  495  496  497  499  501  503  545
1  101  102  138  140  142  144  165  166  168  169  183  186  203  204  206  207  208  218  224  225  226  227  228  229  232  261  262  277  278  301  302  303  341  346  348  545
