fields 34
worms 5
Wave_Initiation_Rate_Median
NaN 91.906145 75.891136 99.504646 NaN 
Wave_Initiation_Rate_Range
NaN 35.522689 63.712618 51.241378 NaN 
Body_Wave_Number_Median
NaN 0.369082 0.420984 0.364435 NaN 
Body_Wave_Number_Range
NaN 0.287033 0.383498 0.487668 NaN 
Asymmetry_Median
NaN 0.007510 0.024572 0.006421 NaN 
Asymmetry_Range
NaN 0.062657 0.113443 0.078024 NaN 
Reverse_Swimming
NaN 0.000000 0.000000 2.419855 NaN 
Curling
NaN 0.000000 1.991150 0.504202 NaN 
Stretch_Median
NaN 0.365695 0.445974 0.337797 NaN 
Stretch_Range
NaN 0.145526 0.254748 0.164839 NaN 
Attenuation_Median
NaN 54.173866 56.087763 60.229647 NaN 
Attenuation_Range
NaN 32.543734 26.206350 21.513364 NaN 
Traveling_Speed_Mean
NaN 8.619643 3.680265 6.596316 NaN 
Brush_Stroke_Median
NaN 0.160181 0.161465 0.235382 NaN 
Brush_Stroke_Range
NaN 0.024490 0.053630 0.067205 NaN 
Activity_Index_Median
NaN 233.721094 173.227593 197.914825 NaN 
Activity_Index_Range
NaN 103.644762 165.028009 144.481453 NaN 
Wave_Initiation_Rate_10
NaN 66.540912 52.430809 66.879255 NaN 
Body_Wave_Number_10
NaN 0.234053 0.242843 0.086592 NaN 
Asymmetry_10
NaN -0.028925 -0.011891 -0.023750 NaN 
Stretch_10
NaN 0.308027 0.348023 0.273641 NaN 
Attenuation_10
NaN 34.730992 44.682740 49.535109 NaN 
Brush_Stroke_10
NaN 0.147852 0.129910 0.202833 NaN 
Activity_Index_10
NaN 165.647574 119.688030 133.073061 NaN 
usability
0.941176 0.990809 0.830882 0.875000 0.099265 
status
rejected
valid
valid
valid
rejected
highThr
42.000000 39.000000 44.000000 39.000000 37.000000 
lowThr
15.000000 16.000000 17.000000 19.000000 2.000000 
prevThr
25.000000 24.000000 27.000000 25.000000 25.000000 
highThrDef
42.000000 39.000000 44.000000 39.000000 37.000000 
lowThrDef
15.000000 16.000000 17.000000 19.000000 2.000000 
prevThrDef
25.000000 25.000000 25.000000 25.000000 25.000000 
manualSeparators





separators
1    3    4    8    9   19   21   22  112  113  204  205  209  210  246  247  435  436  442  443  454  455  456  467  468  532  533  534  542  543  545
1  302  303  468  469  470  473  474  475  545
1   61   62   69   70   80   81   86   87   90   91   96   97  105  106  143  144  147  148  153  154  156  157  162  164  167  168  178  179  191  192  243  245  246  247  264  265  266  267  310  311  344  345  361  362  363  482  483  487  488  498  500  522  523  529  531  545
1   61   70   71  122  123  232  233  241  242  262  263  350  351  488  489  525  526  545
1   61   62   77   78   85  121  122  124  161  162  163  241  242  245  281  282  285  381  382  386  401  402  404  481  482  483  501  502  510  511  513  514  520  541  542  545
