fields 34
worms 5
Wave_Initiation_Rate_Median
131.063103 131.289116 137.115510 142.087045 134.795048 
Wave_Initiation_Rate_Range
74.238362 77.057508 48.957179 83.994353 78.673839 
Body_Wave_Number_Median
0.476919 0.525227 0.588540 0.583555 0.496459 
Body_Wave_Number_Range
0.349515 0.427180 0.333798 0.299118 0.277596 
Asymmetry_Median
-0.004314 0.001990 -0.006769 -0.007487 0.020946 
Asymmetry_Range
0.109759 0.100317 0.040337 0.037214 0.106429 
Reverse_Swimming
4.415823 4.360626 0.000000 6.093264 5.022999 
Curling
0.803059 0.112150 0.000000 0.576923 0.902256 
Stretch_Median
0.441835 0.419969 0.357262 0.384151 0.380532 
Stretch_Range
0.273580 0.225956 0.175618 0.193762 0.159288 
Attenuation_Median
67.975185 70.720766 67.239332 67.391864 65.539140 
Attenuation_Range
29.915438 26.982664 17.025715 50.521622 37.783576 
Traveling_Speed_Mean
12.283888 9.161788 15.634056 8.629765 7.544542 
Brush_Stroke_Median
0.317343 0.344116 0.354826 0.263481 0.306827 
Brush_Stroke_Range
0.080689 0.112156 0.050720 0.057071 0.054053 
Activity_Index_Median
319.266113 307.913458 351.960665 373.294654 327.253056 
Activity_Index_Range
205.174812 196.065008 104.890449 192.017985 177.055465 
Wave_Initiation_Rate_10
62.526732 59.759005 103.933097 68.730261 62.383776 
Body_Wave_Number_10
0.280129 0.318594 0.382806 0.415286 0.386450 
Asymmetry_10
-0.068336 -0.016538 -0.033745 -0.026176 -0.009173 
Stretch_10
0.341310 0.324448 0.283761 0.325071 0.305233 
Attenuation_10
49.683177 55.688738 57.874971 26.438720 41.460401 
Brush_Stroke_10
0.283084 0.313877 0.334646 0.239369 0.284933 
Activity_Index_10
165.157816 158.605947 269.936597 236.466260 179.868149 
usability
0.961397 0.983456 0.994485 0.955882 0.977941 
status
valid
valid
valid
valid
valid
highThr
63.000000 58.000000 63.000000 65.000000 61.000000 
lowThr
36.000000 34.000000 41.000000 31.000000 28.000000 
prevThr
10.000000 25.000000 25.000000 10.000000 25.000000 
highThrDef
63.000000 58.000000 63.000000 65.000000 61.000000 
lowThrDef
36.000000 34.000000 41.000000 31.000000 28.000000 
prevThrDef
25.000000 25.000000 25.000000 25.000000 25.000000 
manualSeparators
442




separators
1  359  360  369  373  395  396  442  450  451  464  465  473  477  478  545
1   77   78  122  123  143  145  147  149  227  228  462  463  467  468  545
1  402  403  420  421  422  423  545
1  201  209  210  212  213  221  270  271  280  281  299  301  545
1   64   65   85   86  136  137  282  283  441  442  451  452  462  463  467  468  488  490  493  494  542  543  545
