fields 34
worms 6
Wave_Initiation_Rate_Median
84.610146 68.439791 67.623127 67.905220 66.294929 NaN 
Wave_Initiation_Rate_Range
33.204102 61.881962 48.255250 9.019287 36.379686 NaN 
Body_Wave_Number_Median
0.660359 0.617682 0.646183 0.597976 0.616345 NaN 
Body_Wave_Number_Range
0.182987 0.828978 0.659926 0.353330 0.580431 NaN 
Asymmetry_Median
0.003201 0.006285 -0.007531 -0.001657 0.003709 NaN 
Asymmetry_Range
0.092205 0.099962 0.065615 0.060958 0.119438 NaN 
Reverse_Swimming
0.000000 11.536339 2.697548 0.000000 8.906789 NaN 
Curling
0.458015 2.830189 0.271493 0.000000 0.000000 NaN 
Stretch_Median
0.400414 0.422609 0.446967 0.405111 0.407311 NaN 
Stretch_Range
0.157119 0.454226 0.306401 0.170966 0.188512 NaN 
Attenuation_Median
53.737293 58.556151 64.840463 63.862175 58.703959 NaN 
Attenuation_Range
23.313773 50.220079 54.908689 18.933452 44.174071 NaN 
Traveling_Speed_Mean
10.388883 4.082905 4.977058 4.714473 3.672452 NaN 
Brush_Stroke_Median
0.288861 0.131501 0.165685 0.177208 0.092842 NaN 
Brush_Stroke_Range
0.056966 0.037942 0.055321 0.034757 0.038806 NaN 
Activity_Index_Median
253.675694 199.862722 181.065530 191.897118 172.265933 NaN 
Activity_Index_Range
71.606430 181.802056 109.299748 67.688065 144.362394 NaN 
Wave_Initiation_Rate_10
67.418935 18.500642 36.232085 59.717094 32.000897 NaN 
Body_Wave_Number_10
0.568310 0.273429 0.163784 0.393456 0.233071 NaN 
Asymmetry_10
-0.010455 -0.033845 -0.048734 -0.044959 -0.085351 NaN 
Stretch_10
0.324224 0.366205 0.327511 0.346358 0.342904 NaN 
Attenuation_10
41.709972 22.974493 20.922221 51.824108 23.942071 NaN 
Brush_Stroke_10
0.261028 0.109877 0.138670 0.159976 0.073128 NaN 
Activity_Index_10
204.341780 57.676668 101.119393 142.506972 67.583010 NaN 
usability
0.963235 0.974265 0.812500 0.683824 0.799632 0.000000 
status
valid
valid
valid
valid
valid
rejected
highThr
71.000000 78.000000 73.000000 74.000000 79.000000 NaN 
lowThr
45.000000 43.000000 47.000000 46.000000 48.000000 0.000000 
prevThr
25.000000 25.000000 25.000000 25.000000 25.000000 25.000000 
highThrDef
71.000000 78.000000 73.000000 74.000000 79.000000 NaN 
lowThrDef
33.000000 43.000000 33.000000 36.000000 48.000000 0.000000 
prevThrDef
25.000000 25.000000 25.000000 25.000000 25.000000 25.000000 
manualSeparators
409  410
181  182  183  184  210  211  314  315  420  421
304  305  306  307  308  309  373  374  420  421  422  423  424  425  430  431  432  433  437  438  442  443  441  444  445  446  447  452  453  454  455  456  457  458  459  460  461  495  496  543  544  542
388  389  499  500  501
258  259  257  266  267  337  338  346  347  353  354  352  462  463

separators
1  409  410  411  429  430  527  540  541  542  543  545
1   36   39   41   43   45   46   47   56   57   70   71   72   75   76  181  182  183  184  201  202  209  210  211  296  299  308  314  315  321  326  351  353  364  366  372  375  378  380  391  392  404  406  417  418  420  421  423  462  464  538  541  545
1    2    3    6   13   24   25   26   28   60   61  123  126  251  256  304  305  306  307  308  309  373  374  375  384  392  397  406  407  410  420  421  422  423  424  425  430  431  432  433  437  438  441  442  443  444  445  446  447  448  449  450  452  453  454  455  456  457  458  459  460  461  493  495  496  542  543  544  545
1  254  258  260  262  263  269  271  274  279  280  296  301  331  341  344  354  357  358  362  370  371  372  376  377  388  389  401  421  422  430  440  441  442  450  451  461  462  468  469  471  473  475  476  481  491  497  498  499  500  501  545
1  254  257  258  259  260  262  263  266  267  269  271  274  279  280  296  301  331  337  338  341  344  346  347  352  353  354  357  358  362  370  371  388  421  422  423  425  426  427  428  429  430  440  441  442  450  451  461  462  463  468  469  471  473  475  476  481  491  497  498  499  545
1  545
