fields 34
worms 5
Wave_Initiation_Rate_Median
18.982013 19.635024 5.784110 68.221392 23.010748 
Wave_Initiation_Rate_Range
23.488827 25.286563 2.405450 17.676278 25.474265 
Body_Wave_Number_Median
0.961735 1.492197 1.936952 0.725247 1.161828 
Body_Wave_Number_Range
0.786845 0.673007 0.163360 0.483341 0.934508 
Asymmetry_Median
-0.052262 -0.015077 0.011716 0.009208 0.017287 
Asymmetry_Range
0.215293 0.158534 0.067074 0.060431 0.258033 
Reverse_Swimming
4.691812 4.195032 0.000000 0.000000 4.471021 
Curling
1.660517 1.215470 0.000000 0.000000 7.541590 
Stretch_Median
0.570835 0.426615 0.254613 0.341479 0.602162 
Stretch_Range
0.247800 0.240126 0.147870 0.146481 0.198008 
Attenuation_Median
51.527155 40.903759 74.947234 61.283687 55.203078 
Attenuation_Range
22.056214 49.656734 17.957543 23.299309 28.399852 
Traveling_Speed_Mean
4.617413 2.249013 0.630944 7.412476 3.018674 
Brush_Stroke_Median
0.063978 0.055457 0.027794 0.160217 0.059161 
Brush_Stroke_Range
0.047117 0.017682 0.004256 0.069548 0.033405 
Activity_Index_Median
61.637973 58.695435 8.015875 164.965810 82.246158 
Activity_Index_Range
94.197608 65.688552 3.911239 74.981712 80.691406 
Wave_Initiation_Rate_10
11.244805 7.674194 5.403537 61.335007 9.037864 
Body_Wave_Number_10
0.551843 1.054527 1.815695 0.497320 0.618194 
Asymmetry_10
-0.151899 -0.075774 -0.026910 -0.008168 -0.148504 
Stretch_10
0.499037 0.380963 0.206702 0.277275 0.528500 
Attenuation_10
40.813186 24.108037 65.006434 50.719732 40.967788 
Brush_Stroke_10
0.044370 0.049366 0.025882 0.128539 0.046703 
Activity_Index_10
28.694871 25.652974 7.044313 123.797157 37.697831 
usability
0.996324 0.998162 1.000000 1.000000 0.994485 
status
valid
valid
valid
valid
valid
highThr
69.000000 69.000000 73.000000 71.000000 69.000000 
lowThr
45.000000 53.000000 59.000000 50.000000 54.000000 
prevThr
25.000000 25.000000 25.000000 25.000000 25.000000 
highThrDef
69.000000 69.000000 71.000000 69.000000 69.000000 
lowThrDef
45.000000 53.000000 59.000000 51.000000 54.000000 
prevThrDef
25.000000 25.000000 25.000000 25.000000 25.000000 
manualSeparators
386



213  214  215  216
separators
1  165  166  246  247  386  388  389  545
1   17   18  545
1  545
1  345  346  545
1   16   17  213  214  215  216  284  285  286  287  545
