fields 34
worms 6
Wave_Initiation_Rate_Median
NaN 61.358550 68.396214 67.432662 53.025572 NaN 
Wave_Initiation_Rate_Range
NaN 33.355340 29.362094 50.179598 34.215088 NaN 
Body_Wave_Number_Median
NaN 0.689947 0.681354 0.659312 0.639914 NaN 
Body_Wave_Number_Range
NaN 0.396357 0.558510 0.445535 0.648951 NaN 
Asymmetry_Median
NaN -0.027243 0.004048 -0.015609 -0.016647 NaN 
Asymmetry_Range
NaN 0.083462 0.118070 0.189194 0.119909 NaN 
Reverse_Swimming
NaN 0.000000 0.000000 3.532659 2.201835 NaN 
Curling
NaN 0.000000 0.000000 1.433824 1.449275 NaN 
Stretch_Median
NaN 0.498687 0.409044 0.451640 0.658657 NaN 
Stretch_Range
NaN 0.200338 0.147847 0.216310 0.359298 NaN 
Attenuation_Median
NaN 57.993191 62.658365 63.747877 67.365899 NaN 
Attenuation_Range
NaN 22.647739 17.804561 20.961785 33.706719 NaN 
Traveling_Speed_Mean
NaN 9.682597 6.701846 10.550198 4.349692 NaN 
Brush_Stroke_Median
NaN 0.212911 0.189741 0.176937 0.096409 NaN 
Brush_Stroke_Range
NaN 0.081398 0.064844 0.048954 0.039240 NaN 
Activity_Index_Median
NaN 192.293725 194.483423 203.891968 167.869420 NaN 
Activity_Index_Range
NaN 129.762671 64.447145 154.254135 142.560618 NaN 
Wave_Initiation_Rate_10
NaN 33.967562 52.396596 34.506764 32.611646 NaN 
Body_Wave_Number_10
NaN 0.379782 0.582432 0.383720 0.227850 NaN 
Asymmetry_10
NaN -0.066607 -0.026750 -0.065230 -0.078771 NaN 
Stretch_10
NaN 0.393560 0.330313 0.388973 0.447923 NaN 
Attenuation_10
NaN 49.275120 53.504152 53.997313 44.537362 NaN 
Brush_Stroke_10
NaN 0.176728 0.156816 0.157217 0.070309 NaN 
Activity_Index_10
NaN 112.630710 159.028014 92.914234 82.493317 NaN 
usability
0.477941 0.994485 0.944853 1.000000 0.761029 0.000000 
status
rejected
valid
valid
valid
valid
rejected
highThr
88.000000 73.000000 77.000000 74.000000 85.000000 NaN 
lowThr
50.000000 57.000000 50.000000 57.000000 53.000000 0.000000 
prevThr
25.000000 25.000000 25.000000 25.000000 25.000000 25.000000 
highThrDef
88.000000 73.000000 77.000000 74.000000 85.000000 NaN 
lowThrDef
13.000000 57.000000 45.000000 57.000000 33.000000 0.000000 
prevThrDef
25.000000 25.000000 25.000000 25.000000 25.000000 25.000000 
manualSeparators
1    2    4    5    6  366  367
340  341


280  281  435  436

separators
1    2    4    5    6   69   71   88   92  101  113  114  141  149  150  203  209  214  219  234  245  249  255  264  274  282  283  284  285  298  300  302  308  312  320  329  335  345  349  361  366  367  375  382  391  399  406  420  441  442  445  446  456  457  459  460  461  462  471  472  483  484  490  491  501  503  510  511  516  541  542  545
1   44   45   80   81  107  108  130  131  310  311  340  341  412  421  433  434  435  436  459  461  545
1    5    7    8   14   37   40   51   56   65   70   78   83   93   94   95   96  545
1   61   62   63   64  343  344  477  478  499  500  545
1  246  248  270  272  274  276  277  278  280  281  282  283  284  287  290  292  293  294  301  325  329  330  335  402  405  435  436  443  444  449  450  457  501  509  510  519  521  524  526  530  531  537  539  541  542  545
1  381  382  545
