fields 34
worms 5
Wave_Initiation_Rate_Median
78.790582 67.371853 83.327630 68.813394 84.703236 
Wave_Initiation_Rate_Range
16.594549 18.626596 16.888907 7.039116 32.180454 
Body_Wave_Number_Median
0.645478 0.565975 0.745987 0.537024 0.395328 
Body_Wave_Number_Range
0.356172 0.182704 0.209067 0.303014 0.314862 
Asymmetry_Median
0.006681 -0.007347 0.007937 -0.002941 0.019570 
Asymmetry_Range
0.047406 0.046611 0.026640 0.030453 0.058750 
Reverse_Swimming
0.000000 0.000000 0.000000 0.000000 0.000000 
Curling
0.000000 0.000000 0.000000 0.000000 0.000000 
Stretch_Median
0.404194 0.504960 0.452035 0.433638 0.438114 
Stretch_Range
0.103932 0.137305 0.109941 0.108783 0.127467 
Attenuation_Median
60.833207 67.288299 59.689151 66.077182 66.147502 
Attenuation_Range
23.425454 12.634016 10.785959 12.804274 15.616219 
Traveling_Speed_Mean
6.069657 9.446964 10.112343 9.784679 8.275444 
Brush_Stroke_Median
0.167027 0.190126 0.093614 0.189080 0.201393 
Brush_Stroke_Range
0.064248 0.030982 0.016515 0.041094 0.122105 
Activity_Index_Median
167.095909 194.900553 387.368061 171.305908 306.531494 
Activity_Index_Range
69.913854 51.064789 104.104139 36.183942 115.798242 
Wave_Initiation_Rate_10
67.597789 55.906655 68.551843 68.071306 68.508479 
Body_Wave_Number_10
0.428652 0.482508 0.654805 0.367303 0.241476 
Asymmetry_10
-0.017766 -0.039408 -0.002558 -0.019099 -0.013155 
Stretch_10
0.359244 0.442563 0.406789 0.392185 0.365989 
Attenuation_10
47.144116 61.144537 54.504956 59.448625 58.754057 
Brush_Stroke_10
0.146859 0.177605 0.085924 0.172296 0.179864 
Activity_Index_10
145.226005 167.135517 326.073851 157.262969 250.135174 
usability
1.000000 0.996324 0.963235 1.000000 0.786765 
status
valid
valid
valid
valid
valid
highThr
58.000000 61.000000 65.000000 63.000000 62.000000 
lowThr
42.000000 44.000000 47.000000 46.000000 40.000000 
prevThr
25.000000 25.000000 25.000000 25.000000 25.000000 
highThrDef
58.000000 61.000000 65.000000 63.000000 62.000000 
lowThrDef
42.000000 44.000000 47.000000 46.000000 29.000000 
prevThrDef
25.000000 25.000000 25.000000 25.000000 25.000000 
manualSeparators




8  9
separators
1   44   45  341  342  509  510  521  522  545
1  214  215  216  341  342  545
1   13   14   21   22  536  537  545
1  545
1    8    9   13   14  101  102  128  129  167  178  179  189  190  192  193  268  270  276  278  332  333  358  360  362  366  545
