fields 34
worms 5
Wave_Initiation_Rate_Median
63.047238 66.586428 35.612369 NaN NaN 
Wave_Initiation_Rate_Range
18.606974 33.113839 21.238716 NaN NaN 
Body_Wave_Number_Median
0.744336 0.858403 0.666529 NaN NaN 
Body_Wave_Number_Range
0.322682 0.732612 0.266852 NaN NaN 
Asymmetry_Median
-0.005902 0.033712 -0.067750 NaN NaN 
Asymmetry_Range
0.045644 0.092332 0.053485 NaN NaN 
Reverse_Swimming
0.000000 0.000000 0.000000 NaN NaN 
Curling
0.000000 0.000000 0.000000 NaN NaN 
Stretch_Median
0.470804 0.527029 0.498368 NaN NaN 
Stretch_Range
0.206471 0.244506 0.126747 NaN NaN 
Attenuation_Median
69.307513 60.484877 68.947562 NaN NaN 
Attenuation_Range
15.203665 19.149474 14.287219 NaN NaN 
Traveling_Speed_Mean
6.429383 8.208705 6.962647 NaN NaN 
Brush_Stroke_Median
0.153934 0.175058 0.135004 NaN NaN 
Brush_Stroke_Range
0.057337 0.038334 0.031297 NaN NaN 
Activity_Index_Median
149.643768 181.391003 108.925546 NaN NaN 
Activity_Index_Range
67.299625 103.776893 72.372225 NaN NaN 
Wave_Initiation_Rate_10
49.067388 34.440733 28.489346 NaN NaN 
Body_Wave_Number_10
0.613549 0.283695 0.553508 NaN NaN 
Asymmetry_10
-0.026332 0.009348 -0.095401 NaN NaN 
Stretch_10
0.339082 0.426549 0.463648 NaN NaN 
Attenuation_10
60.508894 48.475328 60.968965 NaN NaN 
Brush_Stroke_10
0.122054 0.153469 0.118271 NaN NaN 
Activity_Index_10
115.187749 98.625907 86.602095 NaN NaN 
usability
0.985294 0.998162 1.000000 0.777574 0.226103 
status
valid
valid
valid
rejected
rejected
highThr
82.000000 70.000000 75.000000 74.000000 75.000000 
lowThr
39.000000 51.000000 59.000000 55.000000 46.000000 
prevThr
25.000000 25.000000 25.000000 25.000000 25.000000 
highThrDef
82.000000 70.000000 75.000000 74.000000 75.000000 
lowThrDef
39.000000 51.000000 59.000000 44.000000 46.000000 
prevThrDef
25.000000 25.000000 25.000000 25.000000 25.000000 
manualSeparators
421  422




separators
1  395  399  400  401  415  421  422  423  545
1  166  167  343  344  545
1  168  169  545
1   18   20   56   63   75   76   77   81   96  102  117  121  136  142  156  163  179  183  200  204  222  223  224  227  245  250  266  272  289  294  305  307  315  321  339  344  359  365  384  386  402  406  422  430  443  444  446  452  471  474  494  497  514  517  533  534  535  539  545
1  421  422  545
