fields 34
worms 5
Wave_Initiation_Rate_Median
69.322146 68.203802 78.383953 68.023127 82.696979 
Wave_Initiation_Rate_Range
15.396730 40.381344 30.274035 2.734843 18.064269 
Body_Wave_Number_Median
0.615394 0.528403 0.547538 0.708547 0.616725 
Body_Wave_Number_Range
0.224206 0.356763 0.196030 0.226129 0.178925 
Asymmetry_Median
-0.029145 -0.010182 0.016726 0.007129 0.019442 
Asymmetry_Range
0.047951 0.099810 0.082321 0.037334 0.055630 
Reverse_Swimming
0.000000 0.000000 0.000000 0.000000 0.000000 
Curling
0.000000 0.000000 0.111940 0.000000 0.000000 
Stretch_Median
0.428937 0.451792 0.457137 0.498770 0.450137 
Stretch_Range
0.155064 0.172632 0.202587 0.137385 0.161000 
Attenuation_Median
63.531910 62.191132 64.160388 59.493672 67.980382 
Attenuation_Range
13.947404 14.689222 16.708753 13.100754 13.491448 
Traveling_Speed_Mean
14.754265 14.618253 21.006112 12.987078 8.833594 
Brush_Stroke_Median
0.214073 0.156175 0.217887 0.217411 0.208936 
Brush_Stroke_Range
0.049305 0.069730 0.046088 0.048357 0.033698 
Activity_Index_Median
203.952711 214.964213 246.477305 193.966902 216.369680 
Activity_Index_Range
58.902910 193.043326 99.014354 41.153126 56.957813 
Wave_Initiation_Rate_10
67.400222 46.972658 66.933463 66.827040 67.258514 
Body_Wave_Number_10
0.473574 0.337731 0.458545 0.561325 0.518112 
Asymmetry_10
-0.062150 -0.082182 -0.007864 -0.008297 -0.000255 
Stretch_10
0.376163 0.389381 0.376986 0.441044 0.384816 
Attenuation_10
56.409917 55.622629 55.798748 54.431583 61.111269 
Brush_Stroke_10
0.197239 0.123166 0.197077 0.199419 0.194057 
Activity_Index_10
170.004805 119.020742 190.852722 177.961093 182.879759 
usability
1.000000 0.990809 0.985294 1.000000 0.996324 
status
valid
valid
valid
valid
valid
highThr
66.000000 66.000000 62.000000 63.000000 59.000000 
lowThr
45.000000 41.000000 40.000000 47.000000 41.000000 
prevThr
25.000000 25.000000 25.000000 25.000000 25.000000 
highThrDef
66.000000 66.000000 62.000000 63.000000 59.000000 
lowThrDef
45.000000 41.000000 40.000000 47.000000 41.000000 
prevThrDef
25.000000 25.000000 25.000000 25.000000 25.000000 
manualSeparators

369  370  368  366  367


437  438
separators
1  545
1  109  114  115  116  211  212  262  263  366  367  368  369  370  371  485  486  545
1    5    8    9   10   11   82   83  208  209  523  524  525  526  545
1  321  322  541  542  545
1  383  384  421  422  435  436  437  438  545
