fields 34
worms 5
Wave_Initiation_Rate_Median
75.815736 77.406875 67.066362 86.798819 85.125625 
Wave_Initiation_Rate_Range
48.118209 44.808912 28.552707 31.677890 33.241509 
Body_Wave_Number_Median
0.573411 0.371093 0.470551 0.517141 0.511605 
Body_Wave_Number_Range
0.477555 0.562081 0.514623 0.513340 0.186676 
Asymmetry_Median
-0.005623 -0.014858 -0.008326 -0.001944 -0.009716 
Asymmetry_Range
0.107865 0.100806 0.075961 0.062789 0.114170 
Reverse_Swimming
0.000000 0.827967 0.000000 6.193952 0.000000 
Curling
0.225141 0.000000 0.000000 0.000000 0.000000 
Stretch_Median
0.421676 0.430840 0.463879 0.372278 0.411370 
Stretch_Range
0.220087 0.193565 0.199587 0.128051 0.180191 
Attenuation_Median
78.550809 60.164077 73.945941 58.273682 67.519447 
Attenuation_Range
25.761642 24.844224 21.144654 24.296071 21.153578 
Traveling_Speed_Mean
3.259700 5.904692 4.991000 7.882929 3.024642 
Brush_Stroke_Median
0.147483 0.190707 0.221584 0.135955 0.190698 
Brush_Stroke_Range
0.036921 0.081707 0.055934 0.026327 0.045362 
Activity_Index_Median
192.422341 242.952826 212.687644 246.344415 273.414576 
Activity_Index_Range
140.557292 191.243864 120.072131 91.790330 126.528799 
Wave_Initiation_Rate_10
38.241098 57.773387 41.055546 70.287104 67.606971 
Body_Wave_Number_10
0.298178 0.068406 0.306274 0.198871 0.399237 
Asymmetry_10
-0.091393 -0.082320 -0.033180 -0.016945 -0.097661 
Stretch_10
0.327589 0.342007 0.379081 0.317655 0.355412 
Attenuation_10
60.627311 47.516358 59.281409 45.436490 55.262735 
Brush_Stroke_10
0.131435 0.144657 0.194406 0.123737 0.164476 
Activity_Index_10
75.240372 150.705190 147.541197 191.495859 176.104324 
usability
0.979779 0.972426 0.895221 0.886029 0.939338 
status
valid
valid
valid
valid
valid
highThr
53.000000 54.000000 63.000000 57.000000 52.000000 
lowThr
33.000000 18.000000 24.000000 31.000000 29.000000 
prevThr
25.000000 25.000000 25.000000 25.000000 25.000000 
highThrDef
53.000000 54.000000 63.000000 57.000000 52.000000 
lowThrDef
33.000000 18.000000 24.000000 31.000000 29.000000 
prevThrDef
25.000000 25.000000 25.000000 25.000000 25.000000 
manualSeparators





separators
1   94   95  166  167  178  179  256  260  268  269  325  326  337  339  545
1   61   63   83   84   86   87  192  193  208  209  213  214  331  332  340  341  444  445  508  509  514  515  521  522  542  543  544  545
1  260  261  262  267  268  269  272  278  286  288  294  297  301  307  312  316  317  341  342  347  348  364  365  450  451  493  495  505  507  513  515  522  524  545
1  207  208  214  216  222  223  225  227  260  261  262  265  266  267  272  278  282  285  286  288  289  292  293  294  297  317  450  451  483  484  485  486  493  495  496  497  499  505  507  513  515  522  524  545
1   22   23   24   25   27   29   40   41   61   63   75   77   87   88  110  111  133  134  142  143  146  147  284  286  295  297  298  361  362  381  382  441  442  450  451  454  455  484  485  497  499  522  525  530  531  536  538  545
