fields 34
worms 5
Wave_Initiation_Rate_Median
40.724969 66.725876 31.993492 8.580728 55.138380 
Wave_Initiation_Rate_Range
28.528167 13.352881 21.082769 7.517830 19.466717 
Body_Wave_Number_Median
1.053655 0.895304 0.920353 1.755087 1.012231 
Body_Wave_Number_Range
0.584980 0.416952 1.004126 0.480563 0.612296 
Asymmetry_Median
-0.007956 0.007087 -0.043043 -0.070449 0.019206 
Asymmetry_Range
0.083896 0.152398 0.192124 0.149825 0.124116 
Reverse_Swimming
0.000000 0.000000 18.550396 0.000000 1.228250 
Curling
0.000000 1.247637 2.801556 0.000000 0.905660 
Stretch_Median
0.400436 0.444823 0.592482 0.394815 0.532932 
Stretch_Range
0.194989 0.179342 0.255240 0.416350 0.291754 
Attenuation_Median
42.784048 51.900038 36.741152 73.900751 59.094656 
Attenuation_Range
29.448227 25.082590 75.878086 25.078693 31.388044 
Traveling_Speed_Mean
5.307096 5.979289 2.773965 1.379867 4.015448 
Brush_Stroke_Median
0.094561 0.148854 0.057709 0.042375 0.120764 
Brush_Stroke_Range
0.045329 0.048431 0.029767 0.022614 0.065259 
Activity_Index_Median
102.461809 154.647972 88.946011 20.086785 125.135493 
Activity_Index_Range
75.918559 61.735822 90.089114 18.798859 68.902767 
Wave_Initiation_Rate_10
33.559352 54.469517 14.084579 6.449157 47.513227 
Body_Wave_Number_10
0.697863 0.713018 0.372009 1.435901 0.593704 
Asymmetry_10
-0.077392 -0.096471 -0.107406 -0.148444 -0.050865 
Stretch_10
0.340648 0.366172 0.489277 0.228349 0.358745 
Attenuation_10
25.438820 41.325146 -10.149043 58.669832 46.258721 
Brush_Stroke_10
0.073351 0.123028 0.046934 0.031427 0.103428 
Activity_Index_10
78.090766 114.422146 37.809191 10.725416 91.017908 
usability
1.000000 0.972426 0.944853 1.000000 0.974265 
status
valid
valid
valid
valid
valid
highThr
71.000000 65.000000 73.000000 74.000000 70.000000 
lowThr
51.000000 42.000000 47.000000 57.000000 39.000000 
prevThr
25.000000 25.000000 25.000000 25.000000 25.000000 
highThrDef
71.000000 65.000000 73.000000 72.000000 70.000000 
lowThrDef
51.000000 42.000000 47.000000 57.000000 44.000000 
prevThrDef
25.000000 25.000000 25.000000 25.000000 25.000000 
manualSeparators


242  386  387

225
separators
1  119  121  492  494  545
1  355  356  401  414  415  416  417  545
1  242  252  253  256  257  281  288  289  362  366  375  376  381  382  386  387  395  396  423  424  545
1  545
1  215  221  222  225  229  230  545
