fields 34
worms 5
Wave_Initiation_Rate_Median
8.981817 7.364343 9.833728 7.659021 6.269312 
Wave_Initiation_Rate_Range
10.872034 2.739999 9.469319 3.300236 1.581666 
Body_Wave_Number_Median
1.601810 1.811345 1.539119 1.821975 1.893784 
Body_Wave_Number_Range
0.640538 0.274407 0.568527 0.279885 0.167061 
Asymmetry_Median
-0.052973 -0.038023 0.058295 0.073088 0.001496 
Asymmetry_Range
0.130028 0.183017 0.392170 0.020366 0.133035 
Reverse_Swimming
0.000000 0.000000 0.000000 0.000000 0.000000 
Curling
0.000000 0.000000 9.080460 0.000000 0.000000 
Stretch_Median
0.386186 0.442896 0.637326 0.369764 0.334856 
Stretch_Range
0.183416 0.248830 0.221801 0.102521 0.084127 
Attenuation_Median
69.431242 78.785476 31.606785 81.659342 73.122767 
Attenuation_Range
24.573280 18.145399 59.942196 6.552685 15.763289 
Traveling_Speed_Mean
1.146778 1.925961 1.979411 0.476908 0.710295 
Brush_Stroke_Median
0.040391 0.037115 0.052155 0.027214 0.032445 
Brush_Stroke_Range
0.028223 0.019939 0.025228 0.004294 0.005001 
Activity_Index_Median
17.546319 14.302746 23.350324 10.648467 10.108904 
Activity_Index_Range
40.408019 9.207804 32.580268 4.638871 4.211591 
Wave_Initiation_Rate_10
7.332607 6.423291 7.194921 6.546274 5.902700 
Body_Wave_Number_10
1.150386 1.634199 1.272137 1.610624 1.768637 
Asymmetry_10
-0.111415 -0.121556 -0.187372 0.060465 -0.036152 
Stretch_10
0.326770 0.319388 0.480844 0.323236 0.282740 
Attenuation_10
58.791068 65.206485 -10.931906 76.614918 64.659428 
Brush_Stroke_10
0.027474 0.028844 0.038670 0.025939 0.030657 
Activity_Index_10
10.416506 10.597330 15.518666 8.948966 9.129136 
usability
1.000000 1.000000 0.959559 1.000000 0.998162 
status
valid
valid
valid
valid
valid
highThr
67.000000 70.000000 68.000000 60.000000 63.000000 
lowThr
50.000000 47.000000 48.000000 44.000000 46.000000 
prevThr
25.000000 25.000000 25.000000 25.000000 25.000000 
highThrDef
63.000000 70.000000 68.000000 57.000000 63.000000 
lowThrDef
50.000000 48.000000 48.000000 45.000000 47.000000 
prevThrDef
25.000000 25.000000 25.000000 25.000000 25.000000 
manualSeparators


389

542  543
separators
1  545
1  545
1   25   26   41   42  247  248  281  282  321  322  389  401  402  497  501  502  503  508  509  519  521  545
1  497  509  519  521  542  544  545
1  542  543  545
