fields 34
worms 5
Wave_Initiation_Rate_Median
26.894610 9.087129 16.770830 6.536640 54.077692 
Wave_Initiation_Rate_Range
33.096572 5.437142 39.978805 1.427163 56.552352 
Body_Wave_Number_Median
0.670976 1.570289 0.756792 1.864522 0.511607 
Body_Wave_Number_Range
0.963553 0.647290 1.735999 0.172015 0.598617 
Asymmetry_Median
-0.032416 0.066601 -0.017067 -0.119052 0.009912 
Asymmetry_Range
0.240226 0.335589 0.243544 0.081501 0.135476 
Reverse_Swimming
0.000000 3.091076 6.164802 0.000000 12.585097 
Curling
7.686424 7.249071 0.000000 0.000000 2.426471 
Stretch_Median
0.728521 0.633395 0.506449 0.412911 0.464584 
Stretch_Range
0.319708 0.210625 0.202914 0.345233 0.369825 
Attenuation_Median
45.822332 38.266770 64.957314 71.357133 64.257357 
Attenuation_Range
21.304521 58.697280 46.237535 17.953093 32.732733 
Traveling_Speed_Mean
3.578250 2.608328 3.782428 0.464658 7.630275 
Brush_Stroke_Median
0.113676 0.057231 0.064230 0.027620 0.173984 
Brush_Stroke_Range
0.050266 0.035888 0.024036 0.002443 0.072669 
Activity_Index_Median
122.896224 25.125390 50.903569 9.143339 134.828731 
Activity_Index_Range
131.204992 37.843631 100.447742 2.068355 150.068717 
Wave_Initiation_Rate_10
12.329045 7.086127 8.540904 6.049223 24.390135 
Body_Wave_Number_10
0.240664 1.127914 0.132501 1.760451 0.179029 
Asymmetry_10
-0.158548 -0.150611 -0.124673 -0.148611 -0.024442 
Stretch_10
0.540372 0.534256 0.427118 0.265522 0.351016 
Attenuation_10
34.949574 6.228513 29.681246 62.058065 42.458120 
Brush_Stroke_10
0.091695 0.040087 0.051422 0.026570 0.135179 
Activity_Index_10
53.061646 16.218230 26.608866 8.227747 52.747439 
usability
0.961397 0.988971 0.979779 1.000000 1.000000 
status
valid
valid
valid
valid
valid
highThr
66.000000 67.000000 76.000000 52.000000 73.000000 
lowThr
42.000000 44.000000 48.000000 38.000000 44.000000 
prevThr
25.000000 25.000000 25.000000 25.000000 25.000000 
highThrDef
66.000000 67.000000 76.000000 52.000000 73.000000 
lowThrDef
42.000000 44.000000 48.000000 38.000000 44.000000 
prevThrDef
25.000000 25.000000 25.000000 25.000000 25.000000 
manualSeparators
275  276  277  284
210  211



separators
1  162  163  164  165  169  170  274  275  276  277  284  287  288  386  387  389  390  391  394  395  440  441  468  469  475  476  543  544  545
1  210  211  212  213  214  215  216  364  365  453  454  545
1   45   56  545
1   81   82  545
1  319  320  392  401  468  471  504  505  545
