fields 34
worms 3
Wave_Initiation_Rate_Median
119.318382 113.874012 105.584938 
Wave_Initiation_Rate_Range
28.342634 59.075785 16.822914 
Body_Wave_Number_Median
0.483594 0.618659 0.741543 
Body_Wave_Number_Range
0.315692 0.416068 0.368732 
Asymmetry_Median
0.001602 0.002350 0.000733 
Asymmetry_Range
0.044013 0.085009 0.024368 
Reverse_Swimming
0.000000 0.000000 0.000000 
Curling
0.000000 0.000000 0.000000 
Stretch_Median
0.356261 0.313677 0.301808 
Stretch_Range
0.157924 0.194362 0.188400 
Attenuation_Median
64.676847 69.803043 69.785578 
Attenuation_Range
21.932815 19.399825 19.309478 
Traveling_Speed_Mean
11.794898 11.102865 5.829774 
Brush_Stroke_Median
0.354196 0.306936 0.054782 
Brush_Stroke_Range
0.109433 0.097748 0.022473 
Activity_Index_Median
376.317642 274.590034 259.594018 
Activity_Index_Range
128.507287 165.073483 136.066156 
Wave_Initiation_Rate_10
101.000792 72.919981 102.163886 
Body_Wave_Number_10
0.349730 0.386891 0.620588 
Asymmetry_10
-0.022413 -0.031113 -0.013969 
Stretch_10
0.291289 0.250764 0.219686 
Attenuation_10
54.377103 60.651241 58.536414 
Brush_Stroke_10
0.313633 0.259263 0.043029 
Activity_Index_10
319.063153 189.072866 197.723707 
usability
0.954044 0.966912 0.909926 
status
valid
valid
valid
highThr
78.000000 70.000000 71.000000 
lowThr
28.000000 45.000000 39.000000 
prevThr
10.000000 25.000000 25.000000 
highThrDef
78.000000 70.000000 71.000000 
lowThrDef
28.000000 45.000000 36.000000 
prevThrDef
25.000000 25.000000 25.000000 
manualSeparators



separators
1  176  177  280  281  321  324  325  326  328  329  332  333  341  342  408  410  545
1    3    4   97   98  122  123  140  141  149  150  307  309  310  370  371  372  373  473  476  491  492  530  531  538  539  541  543  545
1   12   14   35   36   51   52   56   58   60   62   97   98   99  100  102  103  105  107  153  156  174  175  182  183  233  234  240  241  281  283  284  301  321  322  350  353  354  371  372  499  500  522  523  525  526  543  544  545
