fields 34
worms 5
Wave_Initiation_Rate_Median
65.296458 6.351747 10.146239 45.097045 10.876872 
Wave_Initiation_Rate_Range
14.894386 1.372861 8.818440 24.575939 9.887035 
Body_Wave_Number_Median
0.992498 1.846669 1.540470 0.862471 1.376078 
Body_Wave_Number_Range
0.381229 0.293013 0.815610 0.784174 0.797202 
Asymmetry_Median
0.013226 0.031540 0.027896 0.022205 -0.010461 
Asymmetry_Range
0.070713 0.172271 0.071211 0.097486 0.290534 
Reverse_Swimming
0.000000 0.000000 4.747010 0.000000 0.711974 
Curling
0.000000 9.741697 0.000000 0.000000 1.889764 
Stretch_Median
0.478487 0.397822 0.382194 0.481415 0.672022 
Stretch_Range
0.105242 0.465164 0.145466 0.217674 0.155814 
Attenuation_Median
57.820825 54.003972 75.372252 52.285560 63.240580 
Attenuation_Range
20.428101 41.421188 23.281518 25.557180 40.923331 
Traveling_Speed_Mean
4.661892 0.856818 0.863099 3.998405 1.854873 
Brush_Stroke_Median
0.111000 0.036099 0.037382 0.067214 0.057762 
Brush_Stroke_Range
0.043860 0.008043 0.011839 0.025748 0.014677 
Activity_Index_Median
129.671963 11.558495 19.324285 140.590930 31.562690 
Activity_Index_Range
73.905034 4.632744 21.852578 73.936519 30.589507 
Wave_Initiation_Rate_10
51.944261 5.948266 7.066900 31.971890 8.644983 
Body_Wave_Number_10
0.739101 1.621272 0.988060 0.647994 0.876656 
Asymmetry_10
-0.038262 -0.009726 -0.011658 -0.013881 -0.162578 
Stretch_10
0.433045 0.320988 0.313305 0.346278 0.585161 
Attenuation_10
52.009850 43.280695 59.913598 40.086713 44.024600 
Brush_Stroke_10
0.096562 0.032787 0.033071 0.053146 0.049665 
Activity_Index_10
96.437740 10.064117 11.983280 105.088488 24.074083 
usability
1.000000 0.996324 1.000000 1.000000 0.933824 
status
valid
valid
valid
valid
valid
highThr
66.000000 62.000000 68.000000 66.000000 70.000000 
lowThr
52.000000 45.000000 52.000000 43.000000 49.000000 
prevThr
25.000000 25.000000 25.000000 25.000000 25.000000 
highThrDef
66.000000 62.000000 68.000000 66.000000 70.000000 
lowThrDef
52.000000 45.000000 52.000000 43.000000 49.000000 
prevThrDef
25.000000 25.000000 25.000000 25.000000 25.000000 
manualSeparators

82  83  84



separators
1  220  221  321  322  381  382  441  442  544  545
1   61   62   82   83   84  121  122  138  139  545
1  321  322  545
1  294  300  536  537  545
1   82  101  102  104  121  122  258  259  544  545
