fields 34
worms 5
Wave_Initiation_Rate_Median
35.695567 63.454222 38.177686 52.969401 65.821824 
Wave_Initiation_Rate_Range
37.638697 55.794262 55.261246 57.377847 45.824488 
Body_Wave_Number_Median
1.008339 0.684528 0.377319 0.588142 0.863713 
Body_Wave_Number_Range
0.473814 0.698922 0.472869 1.186537 0.521445 
Asymmetry_Median
-0.001951 0.014675 -0.008066 -0.026638 0.007437 
Asymmetry_Range
0.092615 0.151471 0.091994 0.190402 0.131732 
Reverse_Swimming
0.000000 7.230911 0.000000 8.666053 4.747010 
Curling
0.000000 0.994475 0.681818 2.115028 0.000000 
Stretch_Median
0.470088 0.470318 0.434667 0.564624 0.457065 
Stretch_Range
0.263563 0.317786 0.447755 0.271324 0.271000 
Attenuation_Median
54.407056 55.788411 58.734591 52.335666 68.887089 
Attenuation_Range
32.329649 34.952098 26.636310 32.312937 27.209357 
Traveling_Speed_Mean
3.273968 6.531356 6.740173 7.225446 4.043446 
Brush_Stroke_Median
0.058803 0.085107 0.174479 0.212365 0.122279 
Brush_Stroke_Range
0.016100 0.030577 0.083743 0.107959 0.047025 
Activity_Index_Median
112.570823 248.692443 128.912392 169.251877 128.726716 
Activity_Index_Range
102.657875 271.274077 176.780735 247.730795 111.085473 
Wave_Initiation_Rate_10
25.414168 19.893652 33.126634 13.991389 29.969246 
Body_Wave_Number_10
0.752415 0.361782 0.248380 0.127785 0.627532 
Asymmetry_10
-0.030266 -0.044294 -0.056837 -0.124051 -0.074430 
Stretch_10
0.380864 0.366040 0.292148 0.410422 0.346485 
Attenuation_10
40.179592 36.859373 46.856779 31.970001 55.906377 
Brush_Stroke_10
0.050972 0.068816 0.145496 0.160132 0.100260 
Activity_Index_10
83.811583 67.332142 88.913213 38.116718 62.148045 
usability
0.977941 0.998162 0.970588 0.990809 0.998162 
status
valid
valid
valid
valid
valid
highThr
67.000000 64.000000 75.000000 65.000000 60.000000 
lowThr
37.000000 40.000000 34.000000 45.000000 41.000000 
prevThr
25.000000 25.000000 25.000000 25.000000 25.000000 
highThrDef
67.000000 64.000000 75.000000 65.000000 60.000000 
lowThrDef
37.000000 40.000000 34.000000 45.000000 41.000000 
prevThrDef
25.000000 25.000000 25.000000 25.000000 25.000000 
manualSeparators





separators
1  165  166  167  171  172  177  320  321  545
1   58   59  545
1  111  112  135  143  144  188  189  200  201  202  205  280  281  545
1   54   55  227  234  243  252  256  266  269  290  293  301  362  365  366  545
1  281  282  545
