fields 34
worms 5
Wave_Initiation_Rate_Median
6.231298 47.814267 65.971296 62.180241 6.080334 
Wave_Initiation_Rate_Range
3.276097 38.960100 46.624879 43.231964 0.805093 
Body_Wave_Number_Median
1.871113 0.691116 0.614431 0.762082 1.588236 
Body_Wave_Number_Range
0.516173 0.752215 0.799822 0.766247 0.510522 
Asymmetry_Median
-0.032241 -0.023111 0.000652 0.006995 -0.113855 
Asymmetry_Range
0.208625 0.115795 0.172317 0.120467 0.015551 
Reverse_Swimming
0.000000 9.459042 1.987121 11.145511 0.000000 
Curling
9.479769 4.958678 7.415730 6.218810 0.000000 
Stretch_Median
0.420951 0.664256 0.563029 0.618957 0.448251 
Stretch_Range
0.550475 0.215436 0.393765 0.290300 0.212514 
Attenuation_Median
56.515653 25.703104 38.370227 44.332114 70.831012 
Attenuation_Range
59.889494 27.775786 53.601557 35.664369 12.037584 
Traveling_Speed_Mean
0.193207 2.736877 5.041688 4.360149 0.310829 
Brush_Stroke_Median
0.028248 0.136717 0.097687 0.179006 0.027423 
Brush_Stroke_Range
0.003729 0.081223 0.038367 0.068454 0.001812 
Activity_Index_Median
8.856743 191.019320 199.835354 171.927005 8.318095 
Activity_Index_Range
3.254065 211.933402 190.343994 154.727108 1.178327 
Wave_Initiation_Rate_10
5.616284 20.461817 20.470706 23.652451 5.737681 
Body_Wave_Number_10
1.454966 0.495214 0.215805 0.385375 1.337457 
Asymmetry_10
-0.096530 -0.084269 -0.104997 -0.029467 -0.125034 
Stretch_10
0.303770 0.609117 0.473196 0.545290 0.362165 
Attenuation_10
12.110719 12.978236 -1.678678 18.964657 65.241621 
Brush_Stroke_10
0.027513 0.092677 0.078076 0.129706 0.026428 
Activity_Index_10
7.655741 52.677417 50.652510 52.637163 7.870647 
usability
0.954044 0.889706 0.981618 0.957721 1.000000 
status
valid
valid
valid
valid
valid
highThr
65.000000 63.000000 63.000000 63.000000 38.000000 
lowThr
34.000000 33.000000 40.000000 40.000000 26.000000 
prevThr
25.000000 25.000000 25.000000 25.000000 25.000000 
highThrDef
65.000000 63.000000 63.000000 63.000000 38.000000 
lowThrDef
34.000000 33.000000 40.000000 40.000000 26.000000 
prevThrDef
25.000000 25.000000 25.000000 25.000000 25.000000 
manualSeparators
24   25   22   23   42   43   70   71   83   84  138  139  142  143  308  309  310  311  121  122  403  404  402  422  423  435  436  442  443
83   84   97   98   95   96  351  352  398  399  400  490  491
54   55   56  107  108  106  155  156
220  221  238  239  323  324

separators
1   22   23   24   25   42   43   70   71   81   83   84   89   98   99  100  101  102  109  110  121  122  123  138  139  140  141  142  143  148  149  152  153  157  158  308  309  310  311  402  403  404  421  422  423  434  435  436  441  442  443  461  462  545
1   80   81   83   84   86   87   88   95   96   97   98  121  122  125  126  201  221  222  351  352  360  361  398  399  400  401  490  491  492  493  501  502  516  517  545
1   13   14   54   55   56   57  106  107  108  109  155  156  160  161  162  211  212  242  253  254  275  276  545
1   21   22  220  221  222  238  239  241  242  283  284  323  324  333  341  348  349  545
1   61   62  441  442  541  542  545
