fields 34
worms 5
Wave_Initiation_Rate_Median
76.975840 66.997004 83.924018 62.226308 53.063911 
Wave_Initiation_Rate_Range
47.965787 20.006685 20.003496 40.863378 52.364112 
Body_Wave_Number_Median
0.649033 0.651665 0.695715 0.597591 0.641718 
Body_Wave_Number_Range
0.695704 0.317814 0.258596 0.379488 0.862842 
Asymmetry_Median
-0.005372 -0.022773 -0.011128 0.007643 -0.003942 
Asymmetry_Range
0.052099 0.100823 0.042594 0.047191 0.114483 
Reverse_Swimming
0.000000 4.225352 0.000000 0.000000 0.220791 
Curling
5.204819 0.494845 0.000000 0.000000 6.111111 
Stretch_Median
0.427740 0.397909 0.361983 0.399048 0.513798 
Stretch_Range
0.161824 0.176426 0.184081 0.146087 0.387403 
Attenuation_Median
67.375328 63.333385 73.825951 65.355699 62.648515 
Attenuation_Range
36.675529 38.801540 18.267707 15.837729 50.206684 
Traveling_Speed_Mean
2.264529 8.818859 5.731831 9.328124 5.186506 
Brush_Stroke_Median
0.229852 0.217907 0.182758 0.143465 0.076540 
Brush_Stroke_Range
0.231273 0.069298 0.059314 0.041229 0.026710 
Activity_Index_Median
236.857577 190.842422 199.047720 186.801116 189.148570 
Activity_Index_Range
118.158056 107.746329 76.048337 123.626710 237.363120 
Wave_Initiation_Rate_10
52.078125 48.517187 72.595347 40.746082 14.924426 
Body_Wave_Number_10
0.214999 0.484193 0.539583 0.360767 0.286806 
Asymmetry_10
-0.028284 -0.055580 -0.023603 -0.018268 -0.083884 
Stretch_10
0.354539 0.337708 0.252774 0.330620 0.392675 
Attenuation_10
38.783868 32.709053 64.219650 58.478497 24.852300 
Brush_Stroke_10
0.211583 0.187530 0.148302 0.128517 0.060537 
Activity_Index_10
188.930299 121.916442 155.254985 117.155624 49.588802 
usability
0.762868 0.891544 1.000000 0.988971 0.992647 
status
valid
valid
valid
valid
valid
highThr
77.000000 72.000000 74.000000 73.000000 76.000000 
lowThr
44.000000 52.000000 53.000000 38.000000 53.000000 
prevThr
25.000000 25.000000 25.000000 25.000000 25.000000 
highThrDef
77.000000 72.000000 74.000000 73.000000 76.000000 
lowThrDef
29.000000 52.000000 53.000000 38.000000 53.000000 
prevThrDef
25.000000 25.000000 25.000000 25.000000 25.000000 
manualSeparators



425  431
62  63  61  64  65
separators
1  149  150  169  171  172  221  222  227  235  236  237  245  251  252  259  260  262  263  330  333  348  349  352  364  373  377  461  462  481  513  518  519  532  542  545
1  169  172  173  213  227  235  237  245  251  252  259  260  262  263  441  442  443  444  445  495  497  538  539  545
1  208  209  276  279  467  468  545
1  384  385  424  425  431  434  545
1    2    7   61   62   63   64   65   76   77  203  204  545
