fields 34
worms 4
Wave_Initiation_Rate_Median
23.921915 68.611362 117.442193 NaN 
Wave_Initiation_Rate_Range
26.316968 59.237167 104.471006 NaN 
Body_Wave_Number_Median
0.727222 0.626966 0.779706 NaN 
Body_Wave_Number_Range
1.365795 0.575832 1.015416 NaN 
Asymmetry_Median
0.030823 0.007197 0.021605 NaN 
Asymmetry_Range
0.216205 0.107859 0.066733 NaN 
Reverse_Swimming
14.793008 0.000000 0.000000 NaN 
Curling
2.126866 0.670391 0.000000 NaN 
Stretch_Median
0.568206 0.416030 0.405551 NaN 
Stretch_Range
0.273236 0.244844 0.221843 NaN 
Attenuation_Median
61.944237 69.324470 80.436573 NaN 
Attenuation_Range
53.854820 23.697981 20.302931 NaN 
Traveling_Speed_Mean
2.746737 4.087068 4.604552 NaN 
Brush_Stroke_Median
0.098171 0.087806 0.094981 NaN 
Brush_Stroke_Range
0.043728 0.034129 0.102009 NaN 
Activity_Index_Median
102.918230 173.015690 553.484391 NaN 
Activity_Index_Range
138.262937 111.198641 1020.221116 NaN 
Wave_Initiation_Rate_10
10.171286 22.035315 30.703355 NaN 
Body_Wave_Number_10
0.161687 0.392363 0.524230 NaN 
Asymmetry_10
-0.112945 -0.011719 -0.026976 NaN 
Stretch_10
0.464911 0.326530 0.285626 NaN 
Attenuation_10
21.252108 54.112686 66.444397 NaN 
Brush_Stroke_10
0.071548 0.074583 0.068955 NaN 
Activity_Index_10
33.125897 122.912708 138.890816 NaN 
usability
0.985294 0.987132 0.726103 0.000000 
status
valid
valid
valid
rejected
highThr
66.000000 68.000000 75.000000 NaN 
lowThr
34.000000 47.000000 30.000000 0.000000 
prevThr
25.000000 25.000000 10.000000 25.000000 
highThrDef
66.000000 68.000000 75.000000 NaN 
lowThrDef
34.000000 47.000000 13.000000 0.000000 
prevThrDef
25.000000 25.000000 25.000000 25.000000 
manualSeparators




separators
1   81   87  321  322  525  526  545
1   45   47   48   50   60   62  115  116  545
1   18   21   24   31   33   49   54   60   62   70   79   81   83   84   85   86   87  118  119  121  141  142  143  144  152  153  164  165  168  169  170  181  186  187  193  195  199  201  202  203  264  265  545
1  545
