fields 34
worms 5
Wave_Initiation_Rate_Median
76.851989 12.207763 39.202830 43.593210 102.366468 
Wave_Initiation_Rate_Range
64.792698 11.934826 50.261000 55.503210 50.600631 
Body_Wave_Number_Median
0.676741 1.393115 0.477930 0.361395 0.367199 
Body_Wave_Number_Range
0.443575 1.072274 0.677707 0.466449 0.359450 
Asymmetry_Median
0.000325 0.007696 0.000961 -0.006298 -0.005657 
Asymmetry_Range
0.076279 0.121003 0.165418 0.145256 0.040904 
Reverse_Swimming
0.000000 10.045998 2.870285 14.351426 5.298988 
Curling
0.000000 0.000000 2.342007 1.471698 0.447761 
Stretch_Median
0.331856 0.654937 0.517784 0.522304 0.305058 
Stretch_Range
0.268364 0.244787 0.260709 0.333031 0.157694 
Attenuation_Median
59.431098 80.475659 61.083131 46.768685 63.535429 
Attenuation_Range
21.783204 37.973963 32.818246 46.357603 29.409468 
Traveling_Speed_Mean
8.109115 1.496197 4.178591 4.632892 12.130272 
Brush_Stroke_Median
0.273405 0.055459 0.192373 0.218405 0.262643 
Brush_Stroke_Range
0.069800 0.014229 0.081148 0.110006 0.047377 
Activity_Index_Median
215.724606 31.694050 127.793211 143.885182 270.480937 
Activity_Index_Range
172.335729 31.771783 154.601702 180.099297 125.643440 
Wave_Initiation_Rate_10
34.223824 8.218452 16.302683 29.063843 56.472773 
Body_Wave_Number_10
0.462394 0.589869 0.100163 0.111105 0.233463 
Asymmetry_10
-0.020949 -0.064059 -0.094939 -0.068157 -0.035037 
Stretch_10
0.262896 0.513173 0.405342 0.335522 0.251582 
Attenuation_10
46.522921 52.659265 44.264692 19.437997 44.571329 
Brush_Stroke_10
0.234446 0.046413 0.160524 0.173386 0.235942 
Activity_Index_10
89.512465 20.355759 56.010690 84.044514 169.407991 
usability
0.996324 0.985294 0.988971 0.974265 0.985294 
status
valid
valid
valid
valid
valid
highThr
67.000000 69.000000 74.000000 64.000000 51.000000 
lowThr
44.000000 50.000000 32.000000 23.000000 19.000000 
prevThr
25.000000 25.000000 25.000000 25.000000 25.000000 
highThrDef
67.000000 69.000000 74.000000 64.000000 51.000000 
lowThrDef
44.000000 50.000000 32.000000 23.000000 19.000000 
prevThrDef
25.000000 25.000000 25.000000 25.000000 25.000000 
manualSeparators





separators
1  450  451  454  455  545
1  375  382  383  384  545
1  167  168  171  172  367  370  383  384  545
1   50   51  101  102  103  104  181  187  188  386  387  422  423  424  545
1  475  476  487  492  493  494  509  510  545
