fields 34
worms 3
Wave_Initiation_Rate_Median
67.092703 101.579098 36.231889 
Wave_Initiation_Rate_Range
35.375263 36.696311 38.443556 
Body_Wave_Number_Median
0.431700 0.528034 0.812374 
Body_Wave_Number_Range
0.616549 0.202085 0.610647 
Asymmetry_Median
-0.015876 0.006825 0.020159 
Asymmetry_Range
0.103107 0.067473 0.137767 
Reverse_Swimming
0.000000 0.000000 0.000000 
Curling
0.000000 0.000000 0.000000 
Stretch_Median
0.451609 0.372971 0.575737 
Stretch_Range
0.270470 0.135781 0.170409 
Attenuation_Median
53.900803 66.767009 54.930717 
Attenuation_Range
26.032118 20.909875 22.567201 
Traveling_Speed_Mean
8.501417 7.714308 2.157836 
Brush_Stroke_Median
0.220439 0.284077 0.078057 
Brush_Stroke_Range
0.056186 0.045405 0.053227 
Activity_Index_Median
233.632145 252.773150 134.690183 
Activity_Index_Range
155.137223 91.772611 149.053670 
Wave_Initiation_Rate_10
38.211426 68.547549 13.160083 
Body_Wave_Number_10
0.099758 0.430456 0.562543 
Asymmetry_10
-0.074328 -0.038347 -0.057089 
Stretch_10
0.385109 0.309908 0.486363 
Attenuation_10
42.657098 54.610212 47.030565 
Brush_Stroke_10
0.198206 0.266750 0.059099 
Activity_Index_10
127.864185 188.872077 51.811990 
usability
0.994485 0.998162 0.816176 
status
valid
valid
valid
highThr
65.000000 60.000000 74.000000 
lowThr
50.000000 46.000000 27.000000 
prevThr
25.000000 25.000000 25.000000 
highThrDef
65.000000 60.000000 74.000000 
lowThrDef
50.000000 46.000000 27.000000 
prevThrDef
25.000000 25.000000 25.000000 
manualSeparators



separators
1  252  253  260  261  541  542  545
1  435  436  545
1   49   65   72   74   78  101  104  105  107  108  109  111  112  114  115  119  120  121  122  180  181  222  226  228  229  231  232  291  293  302  303  321  322  354  357  408  410  414  415  545
