fields 34
worms 5
Wave_Initiation_Rate_Median
102.409171 66.117858 NaN 86.253230 68.412514 
Wave_Initiation_Rate_Range
26.949009 67.325370 NaN 32.851153 18.472250 
Body_Wave_Number_Median
0.512053 0.485418 NaN 0.421780 0.388686 
Body_Wave_Number_Range
0.401673 1.116096 NaN 0.365240 0.406100 
Asymmetry_Median
0.005855 -0.003378 NaN 0.023328 0.006771 
Asymmetry_Range
0.051101 0.079617 NaN 0.071431 0.046327 
Reverse_Swimming
0.000000 0.000000 NaN 3.035879 7.936146 
Curling
0.000000 0.000000 NaN 0.563910 0.000000 
Stretch_Median
0.367931 0.435612 NaN 0.361871 0.388890 
Stretch_Range
0.102546 0.151042 NaN 0.125073 0.091830 
Attenuation_Median
56.200701 60.229069 NaN 53.863997 59.238906 
Attenuation_Range
24.696344 35.976569 NaN 27.441199 26.942460 
Traveling_Speed_Mean
9.729310 5.322067 NaN 9.931862 0.142451 
Brush_Stroke_Median
0.260964 0.153893 NaN 0.324415 0.302508 
Brush_Stroke_Range
0.041016 0.083460 NaN 0.073760 0.099438 
Activity_Index_Median
267.492206 167.407218 NaN 255.510294 252.183305 
Activity_Index_Range
66.207296 206.825182 NaN 106.440198 44.026556 
Wave_Initiation_Rate_10
86.748346 10.316295 NaN 69.454592 66.749774 
Body_Wave_Number_10
0.242322 0.268695 NaN 0.180872 0.170789 
Asymmetry_10
-0.014915 -0.061397 NaN -0.013701 -0.010074 
Stretch_10
0.323332 0.375547 NaN 0.309686 0.352342 
Attenuation_10
42.505243 39.977986 NaN 38.065824 41.912974 
Brush_Stroke_10
0.236866 0.129298 NaN 0.284106 0.214868 
Activity_Index_10
227.928752 22.344108 NaN 197.745913 221.720339 
usability
0.981618 0.996324 0.443015 0.977941 0.887868 
status
valid
valid
rejected
valid
valid
highThr
41.000000 41.000000 37.000000 41.000000 35.000000 
lowThr
21.000000 19.000000 6.000000 18.000000 10.000000 
prevThr
25.000000 25.000000 25.000000 25.000000 25.000000 
highThrDef
41.000000 41.000000 37.000000 41.000000 35.000000 
lowThrDef
21.000000 19.000000 6.000000 18.000000 10.000000 
prevThrDef
25.000000 25.000000 25.000000 25.000000 25.000000 
manualSeparators





separators
1  109  110  281  282  283  289  291  292  301  302  322  323  382  383  522  523  545
1  109  110  129  130  545
1    2   21   22   27   28   41   81   82   85   86   90   91  109  110  111  114  115  117  118  119  128  321  322  393  394  401  402  421  422  425  426  427  431  432  437  438  441  442  448  449  450  470  471  480  481  484  485  492  493  498  499  500  501  502  510  511  515  516  517  521  522  526  541  542  545
1    5    6   11   12   13   14   15   16   17   19   20  179  180  367  368  369  371  372  451  452  522  523  545
1   17   21   22   27   28   30   31   67   68   69   81   82   96   97  130  131  141  142  177  178  191  192  193  194  201  202  220  221  227  228  236  237  242  243  284  285  286  289  290  300  301  302  303  328  329  330  346  347  348  349  364  365  386  387  414  415  432  441  442  448  449  459  460  487  488  489  490  501  502  515  516  529  530  545
