fields 34
worms 6
Wave_Initiation_Rate_Median
33.554597 39.759085 29.249437 85.413105 5.861138 NaN 
Wave_Initiation_Rate_Range
21.270926 49.705833 56.548863 30.115584 0.772727 NaN 
Body_Wave_Number_Median
1.306137 0.673671 0.796096 0.970302 1.960671 NaN 
Body_Wave_Number_Range
0.815732 0.723364 1.277428 0.462107 0.030756 NaN 
Asymmetry_Median
-0.017567 0.007477 -0.009178 0.002621 -0.048191 NaN 
Asymmetry_Range
0.084106 0.250174 0.218152 0.032032 0.005729 NaN 
Reverse_Swimming
1.379945 5.464581 5.829146 1.600736 0.000000 NaN 
Curling
0.000000 3.977901 8.409704 0.000000 0.000000 NaN 
Stretch_Median
0.476408 0.554755 0.594643 0.365794 0.434598 NaN 
Stretch_Range
0.200127 0.374655 0.405475 0.440638 0.147389 NaN 
Attenuation_Median
55.159632 55.310774 66.238336 65.536041 82.195306 NaN 
Attenuation_Range
16.117930 28.292514 53.278123 25.103754 15.088169 NaN 
Traveling_Speed_Mean
2.590104 3.825259 0.959770 6.642771 0.381989 NaN 
Brush_Stroke_Median
0.071944 0.073999 0.193495 0.168808 0.025776 NaN 
Brush_Stroke_Range
0.023934 0.023468 0.178634 0.065259 0.001181 NaN 
Activity_Index_Median
70.870858 156.865149 93.500023 171.530794 7.524985 NaN 
Activity_Index_Range
49.282857 138.588443 111.134705 60.241986 1.163604 NaN 
Wave_Initiation_Rate_10
16.068431 17.186499 10.959128 67.540235 5.494542 NaN 
Body_Wave_Number_10
0.846679 0.391576 0.170851 0.711346 1.943228 NaN 
Asymmetry_10
-0.076808 -0.100348 -0.145197 -0.016208 -0.050851 NaN 
Stretch_10
0.419876 0.390294 0.403758 0.283436 0.323116 NaN 
Attenuation_10
49.431826 42.890065 23.010594 54.687450 70.999157 NaN 
Brush_Stroke_10
0.065648 0.063205 0.095849 0.138096 0.025138 NaN 
Activity_Index_10
37.476693 75.502031 15.715739 146.707818 6.994736 NaN 
usability
1.000000 0.998162 0.681985 0.972426 1.000000 0.170956 
status
valid
valid
valid
valid
valid
rejected
highThr
68.000000 64.000000 72.000000 64.000000 57.000000 62.000000 
lowThr
52.000000 45.000000 40.000000 47.000000 46.000000 28.000000 
prevThr
25.000000 25.000000 25.000000 25.000000 25.000000 25.000000 
highThrDef
68.000000 64.000000 72.000000 64.000000 57.000000 62.000000 
lowThrDef
52.000000 45.000000 23.000000 47.000000 46.000000 28.000000 
prevThrDef
25.000000 25.000000 25.000000 25.000000 25.000000 25.000000 
manualSeparators


86  415



separators
1  105  106  545
1  122  123  129  130  147  148  183  185  338  339  545
1   50   52   67   68   78   79   86   92   93  103  112  232  233  234  236  237  242  259  261  287  298  333  341  343  344  354  361  362  377  378  379  380  388  389  393  394  395  411  412  415  418  423  424  425  426  431  432  440  441  459  460  478  479  504  511  512  513  515  516  520  521  523  533  540  541  545
1  284  289  300  301  308  309  314  315  322  323  329  330  332  333  337  338  341  342  343  344  371  372  389  396  398  411  412  465  467  545
1    2   61   62   81   82  201  202  421  422  461  462  521  522  545
1   64   65   69   70   71   72   79   80   98  201  545
